51
175
297
790
27
738
808
387
581
407
669
235
287
357
596
384
764
425
165
750
668
511
465
195
359
383
784
678
126
608
631
768
298
43
78
601
222
895
288
601
831
292
580
493
325
870
896
49
617
208
333
264
382
226
237
93
300
225
801
916
343
66
823
3
150
978
865
607
560
317
177
572
713
1
624
692
305
190
230
643
782
916
43
325
40
513
740
76
202
974
145
506
89
5
852
496
540
593
556
209
731
417
527
870
853
210
582
30
425
72
794
953
710
929
884
193
246
343
642
998
885
976
742
125
983
780
248
196
431
866
412
28
333
950
102
243
223
3
482
14
904
569
448
791
381
291
236
57
892
560
980
229
8
52
66
983
759
659
849
450
492
673
693
485
688
969
179
473
476
784
727
999
409
308
757
795
72
510
767
919
126
337
477
501
591
559
578
62
732
895
435
128
727
196
818
30
306
949
953
122
455
180
291
824
34
46
980
495
123
446
24
641
624
942
921
428
975
283
410
436
793
387
824
399
226
622
849
221
125
14
228
698
301
749
0
34
462
18
377
744
441
871
540
26
454
65
604
412
396
69
429
919
508
652
494
310
364
138
372
917
159
577
417
767
9
373
187
698
97
508
0
705
935
708
736
174
708
168
59
409
353
329
97
666
24
677
352
599
215
54
232
546
515
257
283
227
176
354
912
501
862
329
910
903
104
891
93
881
23
607
673
489
411
690
456
577
625
194
146
831
887
964
201
737
516
387
422
434
382
838
418
430
667
460
414
838
969
654
322
80
401
201
306
718
157
958
919
17
915
80
513
609
801
570
194
844
504
90
6
434
518
462
111
512
59
489
900
417
917
746
545
549
799
346
802
852
820
80
130
140
937
114
360
859
449
498
728
481
82
947
560
956
164
518
409
962
618
29
229
381
73
723
424
670
549
215
838
873
395
131
324
784
817
333
467
838
698
353
383
715
454
825
999
551
149
274
420
85
356
580
420
413
936
509
304
686
248
851
313
262
911
789
418
199
206
388
383
169
465
475
987
30
392
352
943
293
509
46
606
534
557
664
957
247
711
748
472
305
834
706
96
914
372
576
352
167
732
684
463
998
97
108
216
958
755
965
404
35
983
198
738
562
457
712
924
989
386
12
443
923
320
369
293
55
725
657
938
547
71
335
503
826
366
336
433
63
533
483
99
773
560
357
779
147
236
613
222
203
260
801
284
832
695
732
174
986
678
700
244
208
851
612
995
768
230
779
907
765
897
558
319
254
555
801
134
711
978
325
910
567
169
863
224
997
545
997
502
599
964
230
609
152
292
732
312
829
786
352
194
941
667
227
244
467
389
461
631
825
463
500
928
162
862
193
283
812
508
890
170
297
322
48
254
857
87
798
529
21
361
605
306
234
143
701
815
143
361
804
577
269
167
156
297
467
423
949
601
195
898
591
61
645
526
617
279
861
494
595
994
971
892
188
767
736
513
377
523
368
252
875
682
496
334
276
396
620
791
205
269
189
577
279
99
286
361
36
736
90
494
721
183
660
578
723
268
27
589
250
284
551
329
262
268
212
185
709
317
682
738
575
380
366
419
758
232
73
529
37
613
795
987
875
5
12
989
260
974
935
159
621
287
883
997
930
244
247
618
677
704
881
181
557
522
339
134
817
249
818
330
527
777
452
625
638
335
430
793
804
257
8
908
317
286
774
628
329
125
827
462
104
962
732
4
972
139
598
501
3
233
661
319
200
537
522
581
957
946
655
83
767
193
355
726
262
511
429
849
968
589
678
865
593
654
320
922
256
986
861
323
913
92
413
109
98
457
455
425
821
128
227
822
665
785
490
578
453
606
539
960
258
6
403
48
724
808
448
100
189
861
642
86
542
542
703
79
379
901
385
930
585
7
605
903
638
542
963
884
741
717
213
46
877
749
223
621
454
933
81
509
303
958
859
153
614
52
558
290
141
664
187
813
301
194
26
210
786
300
633
512
211
738
495
199
108
718
588
437
130
880
119
450
962
378
419
431
566
889
847
953
565
799
393
988
534
22
70
698
569
583
672
51
474
744
949
694
178
100
728
653
20
605
870
406
713
388
262
470
505
945
934
105
951
174
479
292
287
693
372
780
854
155
220
759
910
772
186
855
453
301
845
207
937
648
97
6
426
538
673
777
532
737
710
133
415
465
481
954
365
494
881
427
903
627
578
137
308
201
458
575
559
99
953
393
948
750
765
782
344
398
462
332
330
868
140
266
601
643
156
176
787
266
481
931
350
204
885
654
375
883
659
