1405
642
8861
6837
8230
9922
1270
4771
9339
8056
5479
3719
6053
7640
2752
6044
5612
7833
997
6505
4546
8762
6670
8759
3967
1811
1108
720
7159
1033
2683
5717
1256
7597
1887
9419
16
7618
327
2628
9995
7994
1175
1942
3177
7052
6529
1450
638
7171
4827
867
1299
8950
7052
104
8187
5567
8799
3488
6528
9067
5354
761
1099
1053
8393
2901
4354
7551
4771
7042
699
8422
5198
6468
4063
1440
383
2001
1354
9949
6489
9801
2015
279
3303
4224
1337
4240
1557
6154
4571
7671
8455
7330
1465
1990
3197
8998
6352
3722
4623
7874
7936
6992
1106
2359
1402
5673
9613
7912
340
3994
7941
209
2201
4066
7331
7429
5805
8808
6040
4722
190
2689
6839
5603
4471
4043
8992
4802
7582
4617
3501
1176
861
1788
5557
2866
8382
9034
3375
7905
4703
813
80
8991
1252
9899
5941
1241
5228
4349
1500
9069
5772
8382
2029
9585
9944
2306
5222
2829
9248
6976
2371
3751
5639
7086
7549
5001
2702
1031
9385
6049
9407
1004
5665
3269
9926
6788
2720
7744
1929
8465
6183
8334
2361
6417
8333
2480
5873
8973
3187
9516
4826
2418
6916
4804
4273
3369
6364
2849
6592
6261
7968
1324
8665
8361
987
4440
82
7955
8377
3056
8953
7465
651
249
3497
8606
7451
9363
1733
9553
2586
3985
8721
3203
3461
3922
704
7891
7622
1132
8039
3111
2551
4197
8289
5465
5569
8125
2988
3084
274
4267
5680
345
3645
7042
8480
6026
2332
5071
2617
3219
6048
7282
4263
9080
2297
7911
8695
3950
8049
9920
727
9762
7746
8640
8938
4320
6984
647
5303
562
2305
1685
8849
2405
3105
7293
8898
5529
1154
1144
6928
5605
9817
4450
6785
5028
6596
2069
2395
2480
8207
4304
2484
7545
9414
7507
1960
1170
2740
2362
4697
8953
8425
9139
2705
4913
2427
5182
7283
878
4340
9745
6895
220
6761
6133
756
907
8042
3152
5983
4235
5845
751
2434
9841
3941
6048
3552
5555
5528
6570
6661
7638
175
2281
9955
8865
4590
4746
8087
1277
9923
7583
7113
2299
9315
7743
4562
4018
2512
1245
9640
8884
9095
4532
7605
2925
4229
4332
2326
9767
3658
5275
9071
1148
694
5899
1852
4793
2463
707
914
2634
7237
5989
4019
9512
4749
5316
7600
733
7881
7904
7306
928
3800
6768
2705
7761
298
4970
5197
2674
3084
1473
7259
4559
1650
9228
1791
8556
626
5135
1352
3514
8141
9929
4465
3222
6585
7049
5011
6446
9177
3213
5352
1697
8942
4328
3946
9154
118
8927
4106
2055
3683
6401
1165
4340
3143
2033
865
1296
4187
9857
1485
9361
4799
3293
6038
4841
364
5297
3773
6492
7749
4519
4806
2780
2539
6513
628
435
3439
2991
800
4956
4419
9790
8537
6607
8282
3277
6805
6311
6542
8221
1525
5874
8528
1237
4598
5444
1785
2367
3748
2664
6831
2323
8137
2692
9300
6589
5235
4696
5705
8845
4468
4787
5455
4956
3859
3666
1678
4214
2176
2806
3054
2744
308
4305
3427
3398
3686
4125
2838
2185
8314
7880
3709
4196
533
2271
6045
7170
8588
9542
5910
286
1081
5378
6461
6079
6031
7843
3559
3117
6085
1154
3808
2916
2318
8610
8380
6852
6554
1366
9493
2226
8069
1983
5827
3968
4797
608
2393
8803
1745
5808
1852
3926
9924
1083
8207
8427
17
2774
4025
1737
3129
6781
1336
3495
2631
2763
9247
5363
9125
340
8203
5791
8584
6626
8771
1768
5333
651
3950
5109
3783
6155
7422
1433
1145
6419
6714
5364
765
94
345
9740
3279
172
1882
8355
1220
7213
4017
8502
2876
8635
7612
4546
6886
3876
9971
2051
6563
1699
6974
6410
8210
4794
7424
1866
4955
5406
7985
5599
9335
5487
3450
7227
5356
3603
5417
366
8695
8094
8965
3282
3234
6959
11
5057
1877
2266
2630
9635
5960
1437
3790
6519
4311
3570
663
5421
4558
9616
7994
1678
483
1886
992
9833
372
470
2715
4939
3301
6641
1551
3898
2364
2868
717
9230
5224
87
4305
3853
2475
9582
9681
593
776
8230
1494
920
4375
5805
1495
6967
1382
2030
4320
956
5066
9464
9410
8655
5699
6763
5140
8579
9357
8766
8135
9695
7266
2479
1255
6132
9437
9176
4173
9787
7914
106
2481
237
2938
1433
9613
7517
978
1012
6477
9269
7890
2159
7122
8988
4995
3647
3158
5361
9274
6689
9850
9911
5977
4951
8380
2029
4741
1264
8260
9817
5794
1635
2684
5408
1082
2472
9088
4180
1436
2515
8587
4315
7889
4750
3329
4392
5274
5233
4267
504
5126
65
1309
7451
9168
5154
7508
3996
1044
4634
2507
7951
5426
5524
9756
4695
8331
9102
9347
4209
7385
1647
5630
1024
2507
4840
1121
2901
3373
950
2375
1243
6006
9681
5923
9309
4347
9333
2339
4005
8529
6922
6502
8625
4127
2226
3204
3891
2946
6398
2188
3094
9131
4045
5883
1369
9107
626
8536
25
2686
9665
9421
3887
733
4615
5055
2146
7230
1491
9854
5147
7806
4564
3640
1956
9454
2944
5112
4843
35
2910
6445
2249
39
624
1637
5897
6366
8769
1416
5287
1747
5031
8544
5431
1424
7493
3094
5503
9660
9120
7432
3090
2671
5052
8342
8170
6241
9058
1901
9201
3329
9760
1755
3276
1522
6029
4528
7797
6671
7367
1381
8995
9774
8155
7319
2280
5283
3776
4156
9943
2667
8945
5622
976
5593
8725
8469
7641
2350
8029
22
9386
561
217
6361
4437
302
3543
7553
7793
6506
3161
3557
9298
3477
5778
1235
7894
9016
5373
4004
1822
7982
7337
8379
2407
3167
421
166
484
5624
308
9991
2090
4262
4509
8477
9239
720
50
4395
1568
5141
2763
9530
534
571
5903
7386
5780
4182
1918
7939
4744
1865
3453
4363
9771
1607
5934
752
9055
9554
7196
4228
6148
6165
4976
57
4391
8237
7459
7330
4375
1425
5537
6425
3637
9395
6102
6511
6007
6095
9096
9566
9529
1168
816
4890
530
2066
8342
4838
1774
5698
4296
8770
6733
9729
118
4818
4471
8919
6061
8794
1818
9589
9567
8374
8770
3235
7516
5238
579
3672
975
6343
2630
4407
7846
1996
7070
1542
2911
8491
9030
5611
9564
8788
2025
2751
8163
2444
3261
6612
6117
5048
524
3267
6441
2341
5425
733
5172
4932
3276
3780
7622
7778
4945
5890
1428
4918
8179
1847
7150
8532
7577
480
7773
8926
8907
7970
9403
7034
843
9607
430
1871
2290
3119
7490
8233
8406
4791
2114
9788
4837
39
3091
8773
7200
6741
6718
459
3143
5784
1335
1621
5261
3927
6990
965
3032
6463
4530
6210
1015
1347
7981
2227
1760
2558
1424
7831
8565
132
4443
6946
8834
1670
8553
5346
3014
6277
6342
7056
2044
3422
9710
4833
7877
1555
5940
9132
6019
1050
9851
2694
4468
6174
6661
6905
9337
9891
4357
1651
1186
9480
1107
4091
9241
8677
8763
1182
3127
5684
5842
9207
7750
7324
9335
7918
5413
1911
4194
2743
7969
470
2156
3851
2278
9099
9770
3476
2226
7635
5831
1921
2898
7335
9068
6361
3404
3303
5311
8317
1784
5703
9318
2902
7755
8694
5958
5150
6785
9609
2556
10
758
4519
6807
8165
7874
7789
3504
1880
5295
6354
5336
5252
4216
724
5116
5218
4703
5121
487
3106
1563
9314
629
6689
4989
5314
6719
3462
3133
5260
615
6602
9350
9138
7378
7911
4842
6826
9021
8329
9939
5795
4013
6962
8040
8373
8455
7562
9800
9814
4424
9171
8613
3961
1843
6698
5664
3090
5285
1929
3134
8644
22
7130
6596
571
9327
9718
3092
9701
9266
428
9251
5962
1322
1437
5542
8605
3584
7747
9209
3227
5431
1026
2683
3249
3717
839
3514
8458
2878
3069
7814
1269
478
3150
1589
5829
8867
8486
34
7554
3909
1428
9299
3596
3235
5914
8006
8496
5851
6211
1526
52
5478
8340
7424
4524
4366
7755
9164
6287
9964
900
1979
1219
370
2331
2316
5876
6002
7435
1066
116
1737
2053
4950
477
4588
7596
652
1762
9869
9101
1924
2499
8074
877
3864
5119
9842
4266
4973
9444
6549
2579
4192
6706
9303
1428
3758
7005
1680
3401
7648
4465
4931
6179
865
3488
4713
7833
9581
1415
4377
998
2407
2415
9271
6768
7671
2591
5734
8265
9583
1166
4891
7870
3369
9894
6224
8541
9343
1156
2769
835
2102
7740
7974
6659
9735
154
6285
3283
7179
7635
5380
5809
1875
3626
1184
1474
2290
3614
7021
3867
6999
2864
4595
3817
282
5779
7553
4714
3250
4556
4920
1182
833
3081
4791
4056
3933
4990
8398
7791
8764
9466
8433
5346
651
7608
2299
9256
3291
4178
8012
2020
921
5423
1
7383
5672
9709
911
1984
796
1658
1371
3662
2502
3180
5113
9303
2519
4977
4735
5713
2275
784
6500
3373
6580
3038
8395
4259
4824
4781
6886
5945
6168
8767
889
8701
5157
1592
733
3602
353
3617
9501
1303
8263
1641
6368
3730
7193
6790
3139
7836
7316
8329
610
5446
2066
544
3091
7898
9980
3285
5856
1340
89
451
9135
1343
5223
6984
1247
2468
2533
438
1697
4989
9546
5604
2913
8431
1718
8562
2991
3350
9140
2122
5134
3410
2552
273
7001
7599
4330
4652
4045
7651
8223
2400
3271
6033
8705
401
394
1738
2795
4828
5741
7091
8146
9697
8079
2065
8531
7048
1400
6977
4677
8069
9517
148
7835
1269
3103
8200
8665
1864
2337
3154
2655
3961
8868
4902
5127
5384
4881
9177
8487
664
1251
414
900
5028
1806
5981
9635
2973
1664
9586
6221
943
1922
6289
2110
4354
3306
2951
1370
1963
1889
1227
1101
4994
6956
3780
5821
5023
1465
5316
4847
1278
248
6850
9506
321
8259
1558
8459
9077
4076
8429
1742
6972
2977
8108
7671
8697
7582
7040
9074
5163
8256
8564
8557
3392
961
6909
4023
6539
5845
4671
9893
5185
128
9459
3169
9036
4562
6624
5871
8098
1008
4501
1918
4096
5903
2793
4759
1088
4415
6393
1398
2603
2835
7264
4274
9927
1561
8630
5162
5376
7786
3343
9229
1637
1695
1428
4374
9578
6813
3151
1747
4411
1504
7775
6496
8064
2272
2204
357
2411
3697
3316
5977
4462
7085
3460
9537
4826
5718
4914
2121
643
7371
7911
4333
8895
2313
2234
4084
5005
6155
7799
5290
1938
159
6719
5609
8078
6854
1289
5011
4109
1880
3910
1935
2266
3250
2531
9821
7086
9853
4567
695
6422
8556
8011
8855
8931
9522
681
2655
3258
5069
6317
5369
9371
9155
7577
4075
175
7159
9461
4134
9163
520
1379
9164
3298
2455
4497
2219
102
4499
3799
2730
3487
7378
7376
303
132
7070
9605
2875
1349
2665
1733
7843
9916
5519
4289
524
6376
4887
5811
9105
9401
3429
7455
644
4618
5519
6002
6431
5447
5786
1543
7685
8768
2048
5032
4203
7382
4240
1106
6140
2771
3843
4641
1965
3606
9654
1818
574
8987
1001
9048
10
1913
2626
2557
9627
4725
335
1530
1020
3909
310
5307
8237
638
411
7673
8221
9326
7470
7091
3335
3462
269
9991
4715
1583
3693
6473
2951
7854
6497
9510
1954
2626
1141
5699
5270
7529
2906
5806
2295
4674
477
4118
8772
2894
230
7591
5129
6528
1610
6829
3438
3699
4174
1370
5968
1179
1113
2338
7770
1811
4900
371
6672
4502
960
2307
7719
6665
1172
8129
1156
4485
5794
4846
752
9954
2245
8132
324
7759
6314
500
8727
5839
8663
30
8081
9997
9820
8345
587
7808
7749
9154
7574
8313
9593
977
6244
9417
2626
5192
8103
5872
4777
2773
6372
7120
653
4854
3586
832
4768
4476
1221
4332
5326
3176
5234
8234
1915
2401
4975
5863
6408
1144
1977
8048
4610
1667
6688
989
3767
1238
7971
7127
1045
6496
8147
1227
9057
3120
807
3446
4721
8008
8556
7952
6471
8874
966
2821
3274
6160
9912
878
5794
4056
7724
767
1264
1867
1151
2841
3352
4943
4588
3247
5308
8018
9635
8118
6550
5991
2790
214
5633
2461
4624
7933
181
6586
6291
9555
7229
1304
3820
280
86
2710
3332
4617
8087
5295
8886
9745
184
1751
3528
6716
720
5281
4648
5927
1151
2333
5780
8067
5284
319
3414
1033
4604
1484
1530
1767
1464
1070
5422
3928
3881
6854
9701
4130
155
3840
103
6185
1051
8466
2761
1153
6022
8127
1380
4352
544
2264
8117
5954
750
2962
2080
9446
9520
867
6850
7926
4670
8821
2882
4452
8030
2637
6418
5439
3040
7573
6664
6069
8742
5061
9651
1155
8275
3057
4093
6919
6654
1180
5100
1974
5187
1866
3572
6586
3494
5315
3805
7411
4533
9027
7068
6191
106
3454
9504
6068
1721
6241
1083
6377
8316
8739
8684
8517
8905
475
517
9359
1980
5579
9854
6692
1686
9514
5781
5943
9250
3568
6527
6291
7232
8938
4160
4572
7664
9165
5635
4644
1004
2343
4998
3177
9810
9809
8102
315
5709
5312
594
8140
3423
3835
3342
8352
1181
87
2951
5939
2871
3214
1101
3978
7458
6319
3074
2209
2484
6446
510
596
1964
3948
2557
4281
1083
7921
2821
1355
8163
6502
1751
8769
6106
6991
9569
7101
8234
9861
3742
7857
8393
8754
6587
7995
7120
6118
2359
2849
443
1974
6406
5655
5180
2724
9490
5214
1564
249
7199
7654
9630
9823
8216
9780
1857
6268
9803
4639
2771
1976
2238
580
6221
1695
1277
4218
8335
1298
5554
9216
8584
6872
9407
4402
2833
7122
6170
6410
4375
717
1237
6195
52
4064
650
6360
521
8836
2928
4763
9690
8083
5740
306
4358
858
4374
5228
8625
2616
3191
6818
9712
8457
8396
3912
8528
2668
8234
2658
2067
6831
7598
979
4712
1628
9679
7089
7686
5709
3059
6629
7124
1660
3738
1646
2392
3765
5611
1429
7707
796
6090
955
5126
8651
2098
1502
2203
8212
7540
9434
1665
277
4876
8189
9837
2329
3405
5603
8890
6955
2345
3376
5286
9269
846
8988
5592
134
288
5688
4721
2114
1647
3087
9342
5364
1397
7927
9255
9423
7054
7703
1447
7682
4260
4946
6985
2569
9750
2786
251
1856
85
2656
3138
531
907
3968
938
2672
4952
3449
7863
1918
2234
1473
5789
2983
2408
6920
7448
8113
651
1963
4329
7978
1642
7177
1550
8657
80
6594
1917
9106
7980
6043
5532
6169
6949
3197
7728
104
5800
2846
6353
6963
368
3879
4358
553
4016
2884
7090
9741
7663
539
5802
1826
3105
7300
8177
2677
9422
8631
6179
4516
2642
3170
3706
2061
1377
7385
3776
6561
7716
152
1154
8391
8563
4421
8173
12
8865
1280
3593
8648
591
8044
6478
7501
334
3031
6774
3561
1605
373
6529
5370
1402
8411
3535
1233
8353
5431
7118
4015
5087
781
8032
6348
9737
4493
455
7398
9630
2576
6000
2278
1197
3856
250
735
4933
6839
833
3296
2887
2368
4076
281
921
2154
671
9290
3722
731
1421
3094
7854
7377
8413
1478
7701
420
3304
7883
5228
9015
605
5963
8831
9005
9761
2781
5369
7320
822
3871
6730
7676
5031
7572
4627
1090
7213
8604
8881
1641
6097
4923
2036
8983
7183
9947
8075
7070
6451
6477
7710
2121
4178
5627
1720
8245
1960
665
3775
3245
9065
3002
4480
6525
9078
3759
2700
2168
3375
9578
2313
4965
9167
6881
6438
8132
3688
7213
5904
4543
9004
1634
2746
9371
533
5769
2252
5134
9202
265
2538
9402
9694
1413
5311
7783
6110
8671
1143
1904
7031
1625
8598
6307
1994
7628
8296
6300
7917
7922
8966
9883
2920
1805
2545
7137
5752
9835
9823
3930
7731
4145
3583
5108
8201
8084
7482
9071
4787
662
568
300
1914
3917
492
3575
5143
9568
9694
6465
8947
3723
7795
102
2170
2195
7914
8206
7568
4915
3077
1103
9824
8691
6498
1807
5245
3402
742
1799
2167
4010
6773
5539
45
8554
7792
1814
5977
8818
4811
266
4908
8159
6921
5637
8230
2582
2743
2871
834
8021
7955
4352
1548
1429
2055
638
1824
2044
997
2148
5168
863
9264
3271
8338
4452
6308
3890
8324
9909
1460
1433
5229
2993
1886
9706
5729
9932
4797
9055
1600
1159
7835
1360
1483
3162
113
1798
4100
5646
9644
9674
5794
8071
637
1276
270
7294
6462
9808
7533
7997
1692
5586
2633
1732
3829
6218
3598
9369
1776
1547
6351
7963
1251
9717
8578
167
5492
218
6079
6963
2464
5502
2784
8712
258
2375
1717
4670
9281
7412
5703
3919
9400
1850
5526
5421
9843
1818
2738
2639
2723
4862
6322
5622
8174
82
149
5807
8358
6687
2755
2065
6948
7202
686
8357
6081
3516
6442
7398
2833
4290
6087
1342
1580
2581
135
9264
8202
6476
0
4004
2011
8733
1439
7292
8336
9706
9959
1382
3513
6232
2997
9418
5420
9739
3457
7923
8078
5006
3059
506
9842
3903
3887
4062
9291
3030
5871
704
8416
9989
1516
8203
4075
4523
8393
8977
3533
147
9964
6272
5842
2762
7369
3363
2940
2974
8188
325
5215
9569
1507
3104
4664
205
5414
803
395
193
3028
915
4391
2554
5051
5848
728
9805
6580
552
6681
5200
7672
5553
9380
3800
275
6368
2888
1581
5380
1007
7670
9658
5725
8842
632
1777
1742
8402
5757
2412
9224
4219
6885
6653
3456
2656
4758
4678
5475
9367
6489
8565
4464
9614
4292
3239
5287
3780
1925
2606
6380
8629
8967
3773
3015
2573
4996
8352
5323
4254
760
7208
9137
3629
3661
5732
1744
8934
3272
4491
8923
3520
7120
918
3048
5834
3830
1483
7368
1957
5205
1651
2904
2332
6184
5501
7699
1245
466
7532
4754
795
270
827
3793
3373
9875
2417
9854
2782
5571
656
6273
8535
5361
2807
9651
8618
2845
9959
5708
7941
7454
354
2909
4694
4394
9807
4438
4510
2581
5802
6950
9246
1747
1545
2333
7534
636
1642
9855
2733
8059
7864
2311
194
4546
860
2517
2305
5342
8431
5206
9817
3347
8845
7470
2090
7572
1094
2885
3347
6513
5263
7611
3626
7229
901
7801
1221
2970
9793
3430
1397
8148
1159
1346
5219
5975
7929
9730
9859
3709
3160
3977
4020
7400
9626
7792
729
3720
8519
226
162
7690
9933
8966
5795
3310
4244
9993
7718
3491
4988
151
4781
737
4946
3606
7183
6146
2770
6992
7956
1325
8678
1403
3452
5873
2652
4982
233
4443
6725
4258
3245
1972
2506
7690
3469
8379
9193
9633
4645
8298
1614
6983
3670
1798
1853
1319
6746
9736
2027
128
2440
4276
7708
2190
1475
9123
9126
1716
9117
8065
3829
2457
9065
4244
5128
1052
6557
9607
5177
1364
7862
4931
1530
1273
7862
73
7995
5353
1576
2974
9864
9448
6532
7379
7406
9095
1310
7728
2046
3151
1449
1645
5770
7930
3513
9133
6989
6751
2006
1655
3720
9016
3436
8322
1174
5793
5167
7628
7280
6816
4252
6279
8013
3291
3051
4608
1985
6250
5089
3662
8023
5130
7314
9252
5081
1371
979
9331
3228
6519
492
7967
9673
1440
1132
5147
7333
228
7976
3939
226
3935
3500
3655
5358
718
3986
4895
7065
2091
8991
768
581
9754
8090
5481
6150
4479
1433
3338
4296
8009
2564
5538
6032
751
3946
5010
2347
8102
2578
8964
5458
9308
8810
2418
6175
8932
5707
436
7705
8302
5470
26
6491
2018
6359
7121
9364
2089
8048
3510
9351
312
1217
9573
6050
5610
6586
6380
2571
281
1587
8785
1271
2297
5819
4140
5076
7009
1788
6738
870
3767
4256
5328
9807
2742
4269
5472
4455
7535
1067
4347
92
6953
8391
667
9746
1366
9056
3692
4379
9332
6414
2830
9730
7468
2114
8505
610
1658
4041
6110
5219
1018
8570
262
4596
9051
3007
3162
3796
483
8560
8510
2282
8863
7082
122
9605
2661
7295
4054
2606
5032
3655
5681
2730
8039
4869
4990
3803
1170
7508
188
2629
9450
5648
3521
2542
4789
7905
6210
1935
586
6129
3889
5015
3887
1839
4132
8911
8316
2700
6750
9240
747
2611
7612
5184
8079
9846
4622
6308
1278
1923
9423
1503
6445
2469
7331
5601
9302
8295
9645
5211
4552
4451
2058
5766
7212
9465
7869
6435
9487
7627
2344
6317
4480
2933
4323
6395
1608
6570
3085
7009
2977
761
9036
9238
789
2974
9794
817
7108
5701
7422
2204
6449
1178
3308
2379
8330
4460
2090
8358
226
6256
4712
945
1852
3409
1756
5981
7734
5124
6863
2823
3072
2170
6391
2702
4823
3311
4833
3842
6867
9616
1434
8728
1177
7962
4699
1658
686
1964
8815
9243
3081
4142
4307
2648
8226
3707
7257
6090
9869
3450
9656
3496
3982
203
2947
7866
2664
9516
644
8264
4886
7019
8469
0
3188
1846
9419
5831
683
6254
7648
4839
6151
8538
9067
5670
1815
8072
1502
3591
2865
3694
5484
1418
3567
4399
9653
7582
666
4857
4815
1751
2401
5707
1539
9258
3782
1779
9153
1158
197
6869
2928
6637
4370
8344
1974
7119
5118
6571
5696
1367
5173
6229
9360
1775
3272
8602
8544
5679
3026
1625
647
6243
1977
3378
7527
1658
5410
437
6687
634
5745
5702
4356
961
3052
8476
6119
1959
5451
1000
467
1359
8799
963
182
2316
3580
2849
3322
9201
692
7057
4734
2256
5921
5942
1909
6499
94
9280
5307
4377
2098
9827
3856
7113
6619
1162
3842
2898
163
1044
7339
9411
1698
3612
3780
1702
4143
3414
2484
1559
8932
2757
9402
1698
3693
2394
7907
154
8364
9863
8424
454
1613
8130
6855
2743
6881
5173
9740
9012
121
4274
9195
5510
5137
4547
3709
7328
4870
5119
6853
6533
9974
1081
6270
6685
514
7155
9059
19
3394
2032
5050
9750
5301
4486
622
3823
9203
4818
5847
6434
7762
870
488
1373
8097
7453
6789
6333
1685
32
9775
5888
5373
7601
6686
6870
9556
3572
5417
4704
6466
8365
3621
9515
5023
3924
2552
8070
1878
7813
697
8718
9889
1236
2918
7883
279
302
9920
1619
2302
6411
8887
9724
1567
4304
5870
3583
4261
5697
7627
3368
5745
8211
1789
4474
9310
4399
9162
5791
8780
6434
6084
5757
6795
2113
3560
4340
261
1674
8115
4564
7624
2422
2320
8556
9614
7931
4866
9917
4379
4062
2859
4925
6515
677
2679
2151
5718
2363
4088
7839
7129
4844
5822
355
5186
8160
2931
4174
512
7637
7328
6406
436
1844
1184
1781
16
9862
4447
3844
4826
4192
7694
3699
7420
41
758
9398
6812
4076
2197
5450
1235
2536
2202
9829
6621
3925
8330
5850
4844
3842
5933
92
8792
3610
2712
5162
2663
4917
7639
2809
8261
8170
5559
1311
2640
929
7821
2203
2675
710
8247
1779
6749
8411
2685
5269
4205
6821
8882
6735
829
1958
3565
3369
2104
1579
7935
4704
5512
2523
7040
4062
9552
16
6651
1349
4659
2274
6706
3995
2592
9070
8943
8030
6443
3670
9705
3128
9400
8467
9503
9438
2902
9429
3204
6003
4742
7195
6359
9546
23
4093
7917
6472
4896
6694
2286
7576
8505
5632
8889
5336
8534
8936
8484
6816
4608
9008
3412
7987
3442
4467
6565
7342
9485
2627
9814
3757
473
1438
581
9357
984
6415
7986
1724
5528
6577
2803
3980
9158
6862
6036
7655
5241
614
9512
3629
3922
6139
2112
6824
5214
8905
5191
8272
7141
2515
4792
8267
4386
7896
8044
876
399
4901
5684
5100
4333
6372
9775
6598
2317
2050
7336
5660
4814
750
1072
136
931
4444
2947
5421
96
2682
6489
3579
7937
1818
7100
4625
7559
6078
8945
3420
4560
4610
8757
5790
1506
9971
2709
7994
7523
3262
8074
4604
6952
5763
1983
3830
5769
199
1088
3428
6205
3865
6417
7121
2775
7404
4680
6610
1788
6659
5880
2593
4623
8428
4059
7588
6763
1171
1003
3643
861
3015
4797
3529
60
5433
5802
7610
6966
2672
1051
9811
5256
1882
4449
726
8985
653
9839
7876
9059
6972
580
9437
8352
5845
7656
6420
6141
4791
4851
8142
6365
9520
917
7961
4349
213
4853
4776
4959
6459
3833
4252
8933
6433
1310
2271
5660
9265
5861
4426
7331
316
8746
1319
1718
4178
4386
960
6155
4371
4241
2374
8088
2527
7958
7630
9583
2585
3955
7734
7048
3515
6972
693
4473
7539
9211
1856
420
2587
9358
7512
4685
2807
4670
2833
2743
6871
2188
8318
794
4491
8666
6168
4386
8870
7236
5534
103
2028
4169
8325
5637
357
2330
4128
344
1251
1021
8972
2277
5680
8430
2418
5335
1217
5715
5744
6821
6935
7771
8225
4925
8036
4914
1655
5567
6042
6243
7307
1784
4015
4475
9180
3338
7789
4086
483
8308
966
9368
1415
3107
5012
2922
8604
4821
9294
4958
1655
9829
9239
5169
2284
4184
6193
5581
9544
5651
3583
7352
3003
55
7224
9692
6813
9594
9446
8916
8801
179
8990
4671
1414
6978
9243
5892
4794
7994
2371
8963
1002
6363
4411
2932
1733
4928
1510
2014
6095
5602
8841
7573
2832
9719
186
3761
8316
6875
38
8280
2862
5545
1009
2039
1741
5510
824
9074
5425
7146
8691
69
1950
3051
9703
678
4847
6072
3816
6218
9230
4448
6091
7808
1536
5837
1673
3726
9806
3792
5231
7350
8765
3241
2562
3572
1871
1906
5393
5895
8387
9274
5251
9481
327
7817
6879
8621
9214
1125
5418
6244
1964
9856
9898
572
5901
4651
9465
2726
8582
8732
3942
3474
180
2855
6662
8713
3057
76
1848
3895
1429
7949
5893
4611
9336
9753
1654
9292
7173
90
5648
8658
1995
3080
8314
5325
909
9224
4863
46
8809
8660
4031
6561
3078
920
8832
4347
5334
662
2242
9302
2555
6215
5807
4646
3958
3999
5697
8711
3546
8987
7390
8261
511
650
2079
1336
2675
2277
1806
4762
1723
2893
6877
4534
3671
783
580
3070
5331
6758
4930
57
3673
8685
6261
3079
4308
7231
3700
6803
1936
9245
1065
5716
6349
8555
956
8143
4483
9288
3627
5501
2191
8393
7942
2597
9483
2577
7590
5797
9531
6398
9421
4642
3
2770
8697
218
2615
6397
8419
4674
9675
7284
5188
4177
3817
1408
5126
3688
1504
677
3464
5564
3449
1933
1740
2850
1733
6049
7163
4181
9283
3923
840
311
3678
1819
7057
6434
226
1580
97
4794
6751
3282
6275
5841
1286
4907
1010
3558
2256
5871
1371
8875
9006
125
5636
2433
6395
7011
502
9378
6798
5417
1493
8875
6748
2923
528
3380
9994
4946
1844
8845
8912
1773
1547
9143
6281
3425
385
3309
1446
250
5207
9277
9202
5373
8737
5542
4672
1244
6011
2383
2769
2884
8536
3778
6498
4743
4394
9716
6803
6513
3982
6721
1106
601
3806
4104
6741
8998
170
8385
1318
7611
5393
2551
4808
8752
9737
9510
3096
255
9198
4241
6864
6280
1319
1904
5701
945
5908
213
6303
4126
5299
6841
9561
8057
4530
1976
4190
846
1967
9814
868
1733
6156
8252
7173
8940
8094
6515
3047
5313
6420
8892
8078
8745
4948
5849
4231
960
3793
1260
6261
6733
8681
6666
6089
145
6427
3979
9562
2780
8630
1968
1668
892
2524
2257
940
8884
6741
3011
6241
1573
6048
1299
6895
635
8948
8226
2926
4454
7109
5964
1639
2674
6466
4534
9270
2502
7851
8804
7146
9254
3297
6228
9674
4181
165
9258
1298
283
1906
8425
3291
6831
2662
5387
2024
9457
6603
9949
556
4071
8005
8490
7705
8577
1828
2643
7732
6907
7512
151
389
7407
4500
3877
5658
6996
7324
9611
8522
6887
4328
5225
4583
3076
3131
7384
2461
5905
461
1504
3991
135
2755
5290
4992
5150
945
7699
3959
4212
2102
3978
2156
5178
7397
3959
552
3052
3252
2359
1513
1818
1373
4616
586
3607
5714
5325
8721
5789
2045
7374
6065
779
6693
1792
6048
9805
4845
1772
7619
9286
6791
4831
6854
3533
3894
6030
2120
977
3201
4627
9570
1961
4051
5352
6360
6605
7535
8431
9400
3483
1376
2507
4752
2279
6607
7055
2156
1714
6382
4465
1053
485
7841
2843
8773
154
9724
7614
6670
951
3687
9762
5866
3672
5887
5615
2661
8729
1302
3585
9607
2205
5290
5468
982
2109
5139
8348
4553
9232
9830
7174
8055
8307
9831
9681
525
5494
5819
1275
8446
4291
2427
2794
1860
11
2228
5983
6789
9759
1340
3576
9314
7704
3679
2803
3177
323
2663
6394
2906
2333
3738
3136
1990
3302
2301
7174
4067
9349
2167
8154
6636
9305
6656
172
6245
7542
6680
190
9085
6452
6164
3256
8044
5008
1011
8342
9612
5533
2094
2430
1940
9291
862
2257
1790
7618
1960
3006
9098
731
2323
5581
3836
7387
7194
3055
3761
1949
2701
7791
8223
3659
2258
4757
9610
457
8345
1815
1954
8270
1181
7692
8026
5679
4182
1871
1876
8506
8763
8012
4055
1916
4052
474
4834
927
6174
1349
2315
5924
6792
7319
8640
4665
4267
5218
5759
7751
2518
524
289
1658
8551
2008
2161
9374
4469
5789
4426
5474
4042
3509
702
252
8734
6548
3203
4969
6991
9411
5383
335
9549
7832
2981
9857
33
5332
5408
8334
2302
6808
3900
7702
4656
2117
3724
6106
9472
223
6517
1279
6025
1037
3330
9679
8789
4735
8209
9868
7921
4396
4474
5089
2896
7176
6800
6247
1242
4990
1024
8497
6069
2207
5303
3589
8236
6263
5216
6440
59
8009
9610
2916
8349
247
3319
5416
221
3776
4945
3116
4184
7077
7944
9504
6132
2409
4519
4512
5258
7861
468
822
8318
950
4629
9020
3903
4180
5072
5180
9738
3343
1195
5382
553
6632
67
2013
3177
9417
6664
9454
2985
850
6916
8846
4382
9521
460
528
9732
9549
4223
2463
1486
4719
6316
5438
1854
4030
4161
9370
8561
1174
3262
2984
6977
9971
7271
3744
2094
7440
3976
5557
8631
9558
2275
8496
578
8147
1141
9833
299
1850
6326
8466
9193
5936
6143
5343
1276
9338
4006
3317
2979
9808
3989
6814
4938
862
3833
2711
336
2583
7078
1254
2518
678
8760
3339
9716
2867
4404
6593
8342
6943
1501
5697
7475
2188
1522
804
4942
8539
452
451
8325
8307
6950
2605
4951
2555
7405
356
1715
8596
3079
4372
1435
9334
9064
8545
3943
5734
7103
2780
4534
5104
9639
2753
7584
119
9433
6512
1271
2374
1887
7607
9131
6834
4611
6632
4700
9934
9718
332
8138
5002
4589
3060
6953
9306
4342
7223
6401
6446
4216
3741
1521
3987
2968
8598
5827
2357
184
8520
1099
9567
3722
4260
1945
2049
6642
2692
590
2860
9161
4659
1562
6878
9646
3496
5972
405
951
529
228
8225
4629
1976
4266
602
9493
5284
2145
4714
835
223
158
345
5673
7967
4226
5332
502
1028
3983
7593
3369
8653
3016
2290
9372
3319
6944
3787
9006
5459
7396
386
7401
6610
1285
3114
1010
6831
8558
1963
5262
7546
5316
9065
8001
1917
6683
3343
5202
7260
7605
2585
7179
1726
8501
3563
3325
3138
6178
7154
1888
9696
1767
2148
359
4590
6263
614
5634
4891
2702
4698
8349
5147
7474
2915
5958
8688
744
8711
3708
3265
4995
5999
595
3434
3864
9854
7043
9183
9949
2604
4736
9550
8320
7614
2581
6640
4323
3779
5722
9500
7588
3021
1540
3593
3627
1482
3323
9901
9469
4815
9319
6294
9998
9360
7651
9044
307
4622
9172
6866
5749
8717
2003
2239
2018
8449
7430
5069
317
6213
4893
1334
5510
5895
2391
7541
3828
8883
373
5464
3598
2587
1638
48
9305
5760
5170
1986
8619
511
8083
3582
5695
11
1421
9513
8386
4914
558
2553
5546
3839
6799
1756
2758
1788
7371
4901
15
7570
6471
4373
3742
5871
175
3042
4216
4066
1586
8774
4180
1141
6179
1495
7310
2375
4193
5486
6419
3654
96
9254
8252
7814
294
2484
1192
1344
9474
653
4210
7402
7094
520
9602
2575
8469
2576
3567
3227
2023
8934
7154
3012
8298
5090
6342
4008
2547
2291
7675
1248
9106
9979
5257
1838
2691
6688
4274
520
8273
1632
4241
1936
6293
8164
4382
3311
4908
5055
5875
3518
6150
916
4153
7841
9547
8706
731
6096
3512
1709
1468
5347
9399
473
5605
7450
7549
4309
3590
7510
4780
8690
4926
3624
7369
9711
4342
419
9480
8387
8999
5056
3219
9493
5212
2431
2778
2363
8370
5220
6404
5550
4363
630
6675
246
1698
207
3366
2455
4314
9200
3207
3464
1519
5157
3445
5035
29
960
2749
6958
8207
1493
705
5502
5888
9793
2794
7698
1422
8344
186
7435
236
570
1498
7238
7862
8305
3154
4474
5871
3289
3079
3461
3191
8092
6254
2174
4409
9961
9823
3286
8928
976
261
3409
5481
7805
1825
3946
3619
335
7246
616
4755
1332
8064
1707
7332
3027
342
5058
9532
9941
9998
9869
9466
6672
8471
378
8076
3986
5602
1423
5197
9591
6322
3938
4154
7350
6450
1336
5877
6910
2581
8136
435
5001
6921
9276
7617
4346
949
9555
6740
3576
4066
9221
1421
5159
7909
8309
4203
4143
7850
5964
3738
2875
5548
1815
5113
6113
5793
7231
7593
1865
1971
8097
5986
9643
9129
1290
5104
1049
2228
5537
2602
8774
8837
5889
9475
8723
4316
6353
2329
5764
7771
2945
2795
3603
3641
4915
5800
7392
8338
6036
8146
5139
9339
310
9058
1296
4372
3531
9925
9798
9335
7760
1891
1860
4156
5731
416
8664
6271
3139
8236
7398
3945
803
245
2097
9210
2186
9564
1737
9193
7386
3141
8001
5810
9946
9639
75
7806
4947
7364
339
6577
9027
195
5525
4124
5169
4665
6603
7042
7119
5366
8487
2008
2405
3755
7274
4214
9327
9049
2782
3146
7973
7204
9878
5115
4339
6855
7392
4507
132
337
1540
6822
5264
286
2908
7
4927
9120
9472
4058
9641
5164
6237
9324
4315
6577
1297
4142
6888
4642
5909
1945
842
5173
6903
7179
8659
868
8116
6175
2789
7601
5470
2651
2025
935
9183
7091
6624
9435
1595
2059
5796
3425
9275
1065
1722
7147
4011
9241
3415
3709
7329
1834
2908
6187
3048
8054
159
1971
5721
2862
6567
4791
4053
260
1572
3779
3538
5778
7560
9630
3919
680
5814
1915
9813
4803
8838
2558
3564
2905
1841
5820
4359
7073
4287
3467
3789
8846
5755
2888
5909
8717
5952
4840
8237
8756
5027
6966
9607
9338
9292
8299
7633
9366
8818
588
8831
9215
4833
6781
1527
7330
1051
3235
585
8434
8808
3352
601
2890
2891
9079
4282
1806
9124
3111
8105
7616
9563
628
7123
5774
1695
536
8580
9416
3483
489
4221
1423
5378
4525
561
4585
4199
4808
4924
4721
795
3670
7985
4604
1859
628
2366
2550
2613
840
4430
475
2560
6433
9307
113
7174
904
2413
658
1063
2790
6676
8328
6874
8896
9150
9521
7754
6766
9221
2226
3851
425
8616
248
7623
5650
1332
1642
5242
4367
9407
7081
5382
8832
1602
5289
5764
6592
6896
7146
5304
2023
6646
6575
1839
236
9009
8927
3640
696
679
7082
636
3814
1843
1315
6059
1638
545
8460
5732
1728
3425
5232
7649
7814
8731
8025
5917
8099
4944
7345
7443
1935
7161
6630
9684
2404
6863
7111
212
1115
1894
11
3570
1743
9494
3329
2275
6564
2743
737
6777
8560
8184
6273
9365
5927
6748
8725
7942
3749
5763
654
2684
3
544
3618
398
3757
9708
5020
2820
8347
9366
586
8418
2555
5029
3765
6994
623
524
1070
9133
9730
5032
4243
8133
4230
2585
960
9474
7962
9418
4883
7159
7271
2751
2136
2816
8409
5387
1203
6715
6523
5963
1867
7040
3483
4467
9027
6910
445
8514
7509
3235
6507
2356
9512
8695
2393
4004
8608
6438
2534
8572
884
968
7919
6203
3482
7551
7598
7601
895
7788
1360
6458
4547
2895
6565
6196
416
7561
8528
3199
9932
9775
9453
7249
9716
4845
8658
6115
8808
8613
9918
939
9910
7107
2143
7398
4990
8158
5920
1634
8708
253
9535
8773
1604
8547
6508
670
1040
5720
557
4790
613
7798
9694
9874
6956
5565
4086
4632
5532
2579
7621
4444
5532
124
5242
6806
1638
6961
3073
8161
7687
5664
1353
8306
9636
2272
6132
8163
7254
2416
5239
4043
3286
123
1313
348
5923
3401
7353
6777
4256
4805
5424
274
2763
7958
1781
7997
8136
9117
2247
8723
3724
1722
9621
9844
8933
1131
5538
8184
1863
5459
2964
2067
5457
6034
9291
2787
5598
9894
6655
2313
9944
8334
2082
7682
6199
9863
4196
8113
7750
4037
6021
4683
5526
4176
2742
9727
1996
1384
8840
5056
3606
4502
4150
480
5564
8720
3295
106
9169
2313
5003
9644
1800
7859
2959
1408
9139
1153
1883
7701
662
1534
544
7855
4410
8500
2127
5735
8094
7258
9229
6224
9480
1005
194
3624
1625
921
4177
7750
2927
3780
5202
3943
5668
279
667
6127
8083
9450
8381
5406
11
603
4522
9200
8699
6571
8437
4385
4493
6933
6994
2956
4160
3435
332
9358
4734
8847
1733
3707
6092
9307
1864
6428
496
2574
5002
5412
5372
2340
9983
8382
4760
7520
2025
8261
782
7577
8476
2303
911
5118
1293
2007
371
1974
3928
9205
8510
2552
7184
5565
8798
9684
5937
3233
2576
3533
3057
5955
4498
5588
3253
7690
2963
4002
8209
7952
5127
7569
4567
5143
3463
6488
7713
6982
4725
1153
8681
1556
8924
920
3013
1151
5462
6802
7088
8936
1960
6311
1331
6175
3688
4654
451
3879
8191
3604
8036
5494
6121
553
7292
444
6296
4775
5922
5117
6136
5647
484
6092
1854
7698
9544
9861
4570
4953
9546
2391
1116
3905
3557
1981
2035
1222
1981
8360
2719
4539
504
2363
8760
5508
1645
2626
7320
8256
292
9295
5251
2118
4861
3986
9239
266
1581
6629
4654
9100
5795
8161
2240
3822
5929
1505
246
3984
390
6993
5769
4506
5040
9554
4697
7653
4671
9229
666
1702
732
7249
4680
5272
1688
4731
5675
3093
8953
8465
6805
9937
6431
6603
4920
6355
7109
8750
4070
4432
7747
9334
256
9110
4353
1744
63
3762
8405
7393
7841
3790
6365
8822
2827
8906
7977
7914
6318
9462
9007
4461
4212
1450
8818
6855
7993
4883
4813
1625
8566
5962
2808
2795
7304
2289
1213
7704
7839
4541
1589
771
1027
2043
5900
5700
2305
6705
3939
6098
8867
1410
308
255
4574
684
8255
1179
9861
8018
5283
9014
6939
4465
6025
2597
1157
2226
1690
1503
8349
4715
209
2085
2355
7698
7195
5677
4638
9775
6987
3594
512
9820
5578
8649
6968
11
7947
5849
3825
5
2061
2104
1160
7515
7993
9207
907
74
8668
4425
5244
2752
3294
5181
6277
7973
7040
7637
4021
2185
6437
7267
8952
9080
1127
8351
4981
2540
3242
5159
5777
3087
4110
7588
4322
1514
2222
1700
5326
3359
7349
5914
433
5712
5648
7310
5084
7579
2958
2
1963
4179
7909
1362
4735
8251
7534
4278
9962
2737
3856
8456
298
8948
9466
9581
316
4740
7562
3074
1810
3957
6459
6053
7327
9151
9483
7260
3998
7493
2522
2709
2867
6912
4782
716
1321
440
5876
7858
8651
9246
369
8400
7358
361
6486
7064
1595
9163
4962
4180
9371
9791
8593
7198
8442
4849
8530
1019
222
2042
9159
9029
4017
9462
2053
8099
106
5988
8731
1607
5387
7513
9520
4964
7555
5553
9797
169
3315
9108
7657
687
1149
3953
3691
2555
2136
1834
3626
8688
8048
667
5465
8196
2043
1944
2782
3485
1286
4674
9561
5464
9774
2837
4722
7942
4987
9953
8187
1732
1095
5987
1909
293
28
2944
5310
7422
6650
2397
7255
6221
4152
3278
2196
5991
5538
8201
8701
6493
8865
8214
6866
2938
5145
4870
3611
9804
7980
780
2861
652
5035
2572
5768
7564
6604
7743
5293
5756
343
3296
2269
1128
4474
3126
6525
9794
6061
9887
2470
5479
3264
837
2120
4417
720
4559
9870
7865
8264
8071
1149
5926
6532
643
2983
4550
4721
8594
8668
7512
8400
7477
4976
8532
8586
3256
439
8056
686
2124
6924
6031
9013
7314
8849
1232
8214
3350
1153
2337
3413
309
3297
2357
4998
9116
4806
3497
9359
8030
8704
2119
332
6274
8883
5653
9164
5895
5830
6830
8345
5029
6788
5162
53
8386
4656
2300
3903
1181
3158
7352
6917
7434
6717
7071
1844
826
5304
2632
1274
1383
6779
5565
7469
4953
795
5711
20
9064
5134
1655
7859
9518
4674
7739
7284
4328
5210
8808
672
1337
6978
1378
2334
8459
1171
4997
7202
9107
802
4983
2919
9871
1475
7261
8663
5087
9580
4023
5462
7070
9476
2040
6911
7211
4138
5909
2086
7800
7537
2426
3629
3150
9081
6147
5202
8347
2633
7742
1078
186
5528
4747
5832
8605
588
1340
8575
3928
4458
7039
7398
7277
7899
6709
2722
9088
8783
638
1968
375
5403
8723
3945
5200
9966
9568
8903
3023
5234
7900
8177
4434
6110
2214
9186
6210
3432
6910
3336
600
552
877
5529
762
1399
6850
9200
4721
8422
825
8532
2808
7516
1546
729
6371
4519
5260
5584
4586
1763
4052
9065
6272
2968
1662
7098
4788
9597
854
2455
2819
5723
7380
5281
3832
7101
1074
1196
3778
8579
6427
3111
6288
3222
9761
6656
1051
8326
2427
9264
9248
7103
2025
9458
6440
8921
7798
7218
4326
7038
7833
4320
2445
1959
6840
3427
6956
8992
9321
2410
6343
8938
1862
3774
6482
3055
7661
5283
4892
288
593
4013
8182
5370
7776
5840
2111
9159
706
5135
6365
4048
4587
3606
2378
880
5677
4147
2921
5284
7533
9711
1859
4063
3295
5403
3154
8394
577
1989
8362
6600
6434
8762
6495
9176
7485
3813
7479
5588
5574
2070
9548
9494
2383
5806
6750
5433
4295
2774
4979
445
7616
31
7836
3189
4571
6692
6229
1515
8611
3083
8152
2788
66
8139
3360
13
9268
2776
437
2804
6454
3785
7128
3412
5658
8123
2588
4888
9898
2686
6927
6560
1831
4621
2580
8641
4189
1963
9183
3815
164
9481
4492
886
7078
5476
4860
5102
6568
5083
9724
6429
4807
9966
3524
1278
3136
2209
2889
607
2315
3536
7888
7600
9765
2237
400
487
7289
3558
3474
5361
8059
1121
1848
9139
8129
9001
9623
894
1405
8834
5330
9409
9371
2231
2020
4041
804
7734
2106
1475
4653
7217
8907
3025
8783
4277
20
4539
7859
2695
3012
9917
5578
5146
4593
5903
4294
3853
2838
4930
7545
7042
9498
3525
6232
9786
2461
4663
6427
491
2097
6328
8852
6915
9651
2408
4361
1542
2629
6465
3120
900
6009
4816
5910
6694
9708
653
7403
9174
2924
4221
7982
1230
3687
6157
5617
1945
9010
4895
6728
7702
7795
7105
9716
4860
7052
4920
7542
2023
2325
1948
1778
9903
5108
2781
8818
6041
6203
3795
1395
9127
1182
3875
465
2363
6959
3885
9018
3706
9928
3138
3409
3387
6980
8067
9249
1262
9467
7957
395
2185
5257
3089
943
7518
313
4952
7059
3896
3475
4387
2323
7236
5039
9544
3941
6205
4084
9720
4807
2784
8226
662
4664
6334
7880
7490
4063
4783
4531
2515
4124
7395
8324
5316
3129
4819
5597
3973
6381
6679
7320
3970
445
9121
1443
9168
2783
3303
2251
2580
2284
1454
8804
1742
2705
3553
3715
6370
1203
4193
777
6759
5180
3143
5884
2296
9222
2820
8435
2873
5395
6313
6509
6548
2599
4083
3039
8544
4771
6110
6553
4851
7054
1754
7539
6606
6785
1867
7769
551
6224
3194
2944
4452
4848
3641
1300
9731
1658
5044
7488
2246
9722
2707
936
6428
5844
1436
9894
5243
5092
6133
6080
2329
9296
1831
370
8315
7756
4030
8926
1620
7801
6684
1052
2654
6012
2046
6495
535
2487
5127
4966
2163
7078
4392
1004
3167
4088
2865
2253
6486
3975
7408
3141
8476
6198
5528
6230
1623
5302
2990
565
7582
1892
6413
4930
506
6099
5337
2835
921
2610
9248
9980
7089
6634
9149
4124
6129
9639
5190
9655
6995
6816
9061
8620
8462
7156
5139
8082
2009
3186
6096
8164
5129
9717
9840
1686
4571
3562
2719
8114
9629
8720
69
212
6
9195
1845
3406
8038
5029
2543
2968
8232
3346
3237
4104
3765
1374
1851
8747
9506
7045
6615
125
2505
3406
3096
6746
4453
6885
3140
7585
2518
5876
9145
802
4949
8125
5909
8852
5442
6934
976
6437
3961
7410
2135
5567
5730
120
3828
9427
5416
5730
6968
8261
321
4660
7035
7844
4844
4423
7275
7444
442
5905
4368
1690
8866
1091
2960
4403
9800
4143
3294
754
2472
3203
2284
6644
2396
6662
4818
3841
6526
9790
9271
8801
8503
2828
3724
8104
1493
421
8632
2480
6939
6157
3310
2161
6370
674
7835
192
9389
3027
1723
3441
2699
5643
6987
3338
9686
173
9449
582
5848
9725
4887
1283
9293
8697
6159
8297
8323
3619
9120
3351
6510
300
1463
1019
8264
3086
1769
8877
3461
581
8236
2152
7669
7196
7766
2919
5043
2592
9053
2856
4522
563
3997
560
3688
9599
7352
9275
6458
7572
6439
8845
9062
6768
4623
3146
1336
3994
3807
8959
868
3339
8934
7035
7386
1674
8561
8829
1672
403
7826
7387
2937
9859
7820
4108
3931
1986
5466
739
1694
8029
6880
728
4937
3855
3466
8053
9094
3275
3888
410
8366
1017
7963
5069
9055
4362
7185
7905
3577
4906
4924
4338
6664
6482
3561
9611
3084
3558
1979
8292
6708
7553
6304
6139
7049
8795
4028
7501
5527
2405
513
4449
422
9681
7264
8066
3079
992
6681
8199
3785
5513
1487
881
6204
6595
1191
6096
7949
8272
6702
9794
9823
1670
5578
4346
7259
2554
8617
7832
3582
3483
214
9418
721
9656
442
9935
3702
2112
2190
2756
670
4245
8191
2253
8711
3003
5530
5345
8947
9954
1367
4338
9460
9549
6083
3064
2435
1311
741
9610
191
1714
5122
5256
2339
2003
699
3015
7185
5485
7716
5754
2986
6080
304
9161
2719
2638
5704
4961
769
1634
5482
7816
9605
9053
5086
8058
404
126
2356
1957
607
1533
585
6782
7855
9861
9129
6383
3802
6460
1102
8253
3826
4032
7046
5257
247
1183
9075
1843
6333
643
5339
5830
6504
1592
240
6901
2772
1419
7834
2336
2929
1474
7232
3826
3547
8242
2598
650
1847
6496
9856
4547
1530
3720
8453
2978
2852
3827
4191
3549
4089
8617
7998
5651
2720
531
3132
2363
6677
91
9307
4652
1001
2674
7547
150
6217
2334
2936
8124
5452
4127
592
815
2213
92
8177
1208
473
5038
7393
2881
4298
1736
8423
4816
2418
353
71
8209
1660
9937
6972
2943
5739
8148
1613
991
4238
2493
9233
1482
9947
8666
2959
2500
2904
7984
2287
9421
5162
947
3020
4836
3940
452
9707
5139
3073
7480
9220
9083
6412
6704
2527
5965
5644
6378
6299
9393
7454
3156
1575
3207
9162
8
9091
472
8056
4952
2801
8248
1259
2391
1749
8666
8827
5810
220
8639
4753
5497
7672
3741
1451
6910
5817
4649
4927
6617
2792
4928
5884
9381
6941
5303
2956
9275
4704
9421
9494
7001
1004
154
2209
4334
4416
4999
4482
4308
8319
7241
8662
283
5815
619
8971
1534
3662
5063
9880
8645
6633
144
4590
3670
998
4367
3174
4744
297
4233
2457
9285
9140
1145
8415
411
4784
1727
3967
5840
6680
2516
421
352
7988
7561
4161
885
8243
8827
4620
8689
5153
3045
38
6762
3960
579
6059
5794
4963
3998
7636
6194
9054
2456
5385
1155
3337
2118
132
6393
3371
949
9904
3581
435
234
865
7173
1322
2555
5198
5218
2949
4723
6281
4117
566
8406
7679
1310
2049
4001
2266
739
6636
7852
5619
9226
7312
6416
2933
1123
7837
5727
6766
9029
953
8484
9646
4483
8969
5688
6610
9131
3816
7358
9930
2859
6708
9340
4998
5168
4728
8998
3456
4396
6740
1048
6194
899
5273
3776
7528
5027
2928
5814
7920
3373
5018
4890
8446
8340
4818
1960
2764
4769
3423
8441
2111
2513
3014
6473
7124
6171
7068
4465
3257
6258
7544
7665
217
8339
3463
7564
8367
4795
5369
607
1660
4329
1721
319
7395
3611
2890
9246
6641
2488
7501
8074
2986
2553
9663
6514
2206
4133
8655
6438
2459
7095
6334
8250
3852
7182
6702
9350
4895
1921
381
9165
85
5852
9835
9112
7986
3772
2598
7503
4228
7587
8199
5059
1376
3753
741
7163
8151
4991
5544
7433
3288
6385
8376
7719
8160
3015
4708
5331
4316
4280
2158
9621
4511
3980
7331
185
3823
5803
5192
6990
2425
807
1233
5386
9653
932
6299
6647
4532
6672
8521
9197
1781
9778
9916
3981
3800
8707
8362
4968
9482
4371
2977
5866
143
2682
4678
4246
5597
5501
6870
9167
5188
3288
381
3025
1964
8558
3013
378
6424
2906
2166
7896
6358
7648
3324
4863
5144
630
4119
7575
2908
8872
7211
2528
5479
6717
6999
9636
2241
1252
4259
3159
5402
9578
6434
9469
443
6811
6199
6936
3895
5217
7588
9772
2415
5838
958
7746
7124
195
1180
2085
8744
1067
9502
6412
5582
6247
955
7796
9952
7158
2914
554
1470
7680
642
8290
148
4271
4069
8598
4501
6523
535
1951
5827
2209
4820
3033
7025
6175
8576
166
9920
126
4208
1634
3717
3052
8725
3037
7387
2037
4553
4698
5989
4574
50
8564
7532
5406
7811
9304
6838
8170
5890
3715
2472
1611
340
9512
7250
6925
7716
5214
9608
1511
2515
9460
8626
8514
8346
3554
7801
5895
6475
4814
2657
9594
853
1431
3046
8461
3093
7169
6975
6962
7545
9277
3952
3953
6897
6948
8315
5026
1199
5649
6918
9496
5549
1720
5704
475
7757
9575
6396
4976
1355
2711
8104
3270
1871
5390
9976
2735
7391
7141
7011
7385
66
3857
2992
696
8815
3520
4833
1138
6275
5026
7836
1895
8673
8098
7323
5403
4131
1823
5690
3458
7599
7035
4653
8630
1461
4047
2948
7896
3205
9145
983
8273
9502
2883
4091
6323
3105
369
5239
4737
2676
7271
2304
2311
6370
2533
9903
7800
560
6160
8677
9970
4522
3885
5301
7968
9131
6109
6191
3756
2636
4608
189
4814
2227
1927
8438
5414
381
5578
9921
6642
4167
4258
9108
6348
7382
7845
6473
7476
8967
2316
3649
4517
7152
6594
8691
7462
596
539
1597
4783
3254
4702
5867
3110
213
5169
1254
9285
7110
5264
8755
5978
9984
1225
3388
7243
416
6887
7740
4083
8620
5848
6004
7390
1396
4717
763
7276
5653
4910
994
5894
5336
8856
341
2763
2567
949
9869
116
3744
6805
434
6908
6354
7230
5614
1798
9299
5566
3245
7882
8036
6200
1568
4032
588
9475
5713
1400
8673
6203
929
5811
1334
513
3757
3921
5278
6790
7887
9928
4191
2832
1329
8045
8721
7094
5740
5747
1285
3214
78
3853
2483
7040
9754
7297
3339
2871
5258
3772
973
4804
847
7116
357
5742
4713
4109
6398
8682
6306
5412
1159
50
9796
7041
4178
5686
3563
7525
2217
8476
4517
3120
1356
7172
934
1061
4533
2445
857
4284
1213
2718
4592
3860
5703
4626
7404
6803
4713
4547
6248
5723
5548
2609
8128
3388
5417
32
3311
3360
1075
2667
9205
5958
1027
8312
2696
2302
3166
522
722
9998
4963
4973
4488
8575
5649
98
778
743
4934
1847
7846
4243
3602
9105
8183
49
5833
6488
7948
2664
6919
7584
4323
2804
6749
736
3971
2530
5082
2737
9657
5412
8790
8069
9562
3329
9176
4017
4344
1804
5415
5720
3312
2479
1629
8965
3727
2229
4391
6676
7845
3665
9801
9022
658
2510
1790
5792
8989
3203
2557
7543
5571
8898
1480
2442
7292
5454
2110
3395
9497
3847
7808
4091
4394
6996
2257
2353
7388
6043
3270
7527
927
8527
3004
6634
4774
6711
1977
1691
8152
9687
7963
4863
8819
2653
9917
1967
4080
9211
5512
349
7505
364
9254
6836
375
8484
6370
266
9728
4328
5531
7397
8126
1415
3974
3015
675
3204
307
6167
2392
1777
5912
9373
4573
3401
8458
5722
3723
5898
1771
3954
3141
2270
1085
8391
5996
1157
3748
6515
241
8576
841
9937
5718
7932
1978
5609
8974
968
9535
7942
3507
8293
552
4822
7078
9322
7411
2189
144
6945
2937
7590
7543
1090
7368
8888
733
9689
2347
720
8691
1782
7573
2145
9322
8321
4332
7717
8090
6904
1314
5886
9851
8247
1344
5677
577
5971
6091
5726
2581
1923
3128
6430
2269
4635
6187
7787
9758
134
1563
4950
8248
6479
3090
3943
2208
4748
433
5150
4715
6920
6016
8865
4373
4188
6562
4279
8610
1945
6614
5471
6924
4132
3163
1358
1627
6318
5483
9811
9218
271
1432
6905
4518
1791
4869
872
2298
7057
3403
1048
2661
8732
7211
5044
1525
5895
3
9095
1613
16
8746
4757
8570
2872
2917
7496
787
7775
8796
2310
6591
1096
407
395
8240
7561
3457
1145
7261
3298
7663
2696
4621
4551
3322
5531
1231
9771
2583
2001
9367
715
1832
7429
1427
5044
2268
4707
7595
2418
1921
9638
7239
2342
1770
483
1866
7506
4379
8508
5596
6165
8705
1090
550
1710
3791
3002
6198
1294
7139
314
8099
4911
2262
5601
8426
9914
6098
6208
3798
1482
8655
601
9823
3723
7686
7794
1833
6734
9303
8534
1213
540
2437
3320
4372
5060
8910
3605
7104
9635
3657
1621
4197
4495
9080
1630
2788
2272
7901
6597
7273
4524
5561
2097
5898
4685
1071
5614
9168
1808
6968
3547
2114
6829
3087
3249
9068
2846
3228
8560
5839
9807
3118
4055
5410
7344
3105
6927
5254
505
9328
2454
9079
3355
8532
2307
3902
4463
3210
746
1203
3421
2434
8958
2704
2827
3379
4990
5617
576
6125
3502
4744
7924
9879
6787
8524
4982
7990
5930
9361
361
6447
6805
9748
7724
6611
8883
1917
645
953
8091
8102
1737
1626
1205
5611
6778
1510
101
7623
3902
1636
6581
1070
9399
8198
5966
1018
9109
7483
6914
1884
5524
7357
4553
5812
1731
1259
7877
236
755
7090
2516
6718
6919
5956
9667
5238
1678
4858
282
3315
2203
1669
7943
2150
8493
5552
746
8237
2592
2738
9722
7530
9279
288
675
9211
5507
3695
7549
8111
5981
7463
7274
2094
7740
483
7483
967
7116
1444
7551
2407
3883
1173
4458
5669
7145
2666
3134
1723
3915
2322
3176
686
3804
9275
9529
590
5057
6868
4671
3129
8871
4910
6064
9947
7388
6619
947
1952
6006
9
2523
3993
1556
472
5696
8877
5983
8566
4139
4135
1500
2125
7502
6029
7985
3154
3151
2768
881
1854
2191
9247
1286
9945
3402
3015
3578
6610
3197
7110
4402
8651
8383
3757
9752
5777
4206
2914
5683
4250
7399
9781
2421
3511
9154
6043
9201
1193
9831
2566
295
6048
4801
4742
3613
6510
3229
6760
9515
8905
7438
348
9715
3040
6625
453
7932
7813
9064
8778
1322
4072
4646
5401
4651
5029
5238
3883
8912
9204
2648
4691
294
4158
5864
7055
7072
8927
6764
5153
9155
3559
9867
1800
5661
2234
7541
5367
4387
6855
4402
1095
9782
5622
3099
9256
1809
4107
7631
6803
594
7959
1779
331
4114
3565
1306
6497
5267
3922
8476
6759
8853
3789
7654
9836
4804
8671
4350
9142
4370
5884
8640
9086
157
1095
6602
6821
6972
5964
8465
7493
7819
5606
5966
1458
225
9777
6745
8847
6250
6681
5072
2796
4134
5938
164
6381
5933
6705
5616
3478
6413
2727
3158
7091
33
8094
2200
1268
1696
4396
8944
9766
9968
9557
3165
7948
2181
4493
9706
1276
6537
6442
1660
2662
5545
7352
761
9231
1738
9782
5071
3852
8407
5037
8968
7690
2888
7217
7880
6778
5856
3296
4128
8505
3747
7096
1283
3246
4690
2821
2369
1645
3749
8824
8101
6969
3412
4419
2792
5093
3217
6160
9601
4267
9045
4258
2826
1814
8534
5539
3871
3930
5537
5580
1861
9364
6810
5459
820
8251
5822
6750
8579
3942
1329
8631
9951
6151
1544
4072
6983
5989
3429
7861
167
5863
1851
7704
5935
380
3037
4184
5920
4408
8903
7443
498
6377
1640
8618
292
920
5547
2236
3026
7098
7168
346
4060
1190
796
9898
6649
2593
7034
1815
8199
3909
8092
7062
205
1152
9810
9907
4143
4009
8357
5306
9837
9325
5313
9201
5449
6103
6781
3618
8466
5359
8088
855
6066
8137
2514
4558
9857
7422
7428
6940
196
408
8765
4990
6150
5366
1930
1706
5489
9551
1632
9156
6248
2660
8585
5228
3028
1918
4522
5173
1465
8375
4573
3505
4293
6388
9951
7624
7524
3200
6007
6119
8051
6036
3570
2612
3071
4994
9271
1440
8249
7744
9980
1286
5609
4178
3429
3744
5611
817
1123
2696
7930
3799
2177
6284
8376
2780
7814
9723
2103
2698
8088
460
5575
1341
8014
6061
2508
5175
9711
5833
5595
2544
2588
5891
6786
2554
2855
4799
6417
3666
2511
8704
5417
6898
6025
7564
8767
7540
717
8587
2204
1185
5546
3998
9924
6328
7638
2141
9505
938
5957
8841
1164
7985
7285
5952
2920
5441
9061
1390
7083
7591
6752
1184
9689
8078
3738
2437
4606
4176
9637
7629
5112
3049
1520
9731
5583
1192
7533
1159
7154
159
2798
9988
3664
5049
4635
7328
559
9259
9266
3394
9036
3171
7211
557
1824
7421
5095
6619
7067
4053
6469
3717
5231
9142
5488
4206
4060
6257
8985
7936
2595
7849
924
2126
825
8587
5617
6488
8347
2252
3650
2861
5017
4458
8196
3835
8496
3492
6484
5409
2823
310
4815
1254
4885
3836
4989
5331
1805
8599
3291
9163
4408
5870
2117
1515
9678
860
940
5451
8160
4647
4505
5204
8788
4833
8702
7933
2942
5639
325
5758
3944
2823
504
3445
3886
8206
9484
2390
888
2335
3530
1644
645
3152
59
8271
2384
5263
7456
6718
2146
9378
2075
4444
4180
5547
5950
4647
8158
6778
3742
547
4257
6156
5779
9045
4158
6578
9103
4683
1665
3836
2680
537
13
6628
6980
8190
3125
9368
9984
6357
2212
3551
1613
9751
3130
4700
4311
190
1588
6032
5859
3413
4839
8554
7797
8187
9480
9193
6348
6966
7259
2499
1450
8339
3702
94
6995
3180
5009
7211
7409
723
12
5074
3474
1595
7533
9849
383
2997
3124
2926
7177
248
7869
1220
5138
3562
8402
1898
8213
7979
42
774
9764
1313
2242
1889
5148
3885
8022
5484
5127
5804
9245
9905
4429
7290
6686
2804
2504
5842
818
1304
1091
5696
8664
1342
6045
5271
1454
7352
4912
8606
3571
1771
649
292
2887
3219
4099
5509
7019
3440
9061
4789
1290
4575
9316
9802
8291
9955
1958
806
9090
3858
3845
113
6890
1756
9275
9269
6130
6086
3488
4883
8281
581
5086
1507
4855
9878
2045
5016
8033
2234
7792
146
4104
159
2954
4189
5183
8298
3086
6935
56
159
5811
6927
9738
707
9248
297
7792
8969
2617
3342
8177
6825
9254
1920
1447
5567
7212
6810
46
5279
9083
150
1612
7062
9700
1769
3847
8059
6020
489
6407
8821
1201
5870
6970
3782
9343
6646
5773
4101
9600
6739
334
8218
5446
6335
5435
2130
2774
8976
6966
7906
3451
6406
8
295
3268
6512
3950
7260
2924
5295
3893
454
8979
8499
2398
4058
7741
4001
1757
7006
4887
6582
1748
6172
9970
6325
8615
562
1166
8940
4108
4519
5908
1221
4689
40
3248
2808
3433
3808
6729
5710
2516
6647
2334
7696
4538
9825
7630
6398
8756
9719
7860
635
2648
8899
9182
9157
5583
5300
5864
8755
9364
466
4746
2328
3019
3771
122
7220
27
8716
3503
6841
7337
555
2052
410
6515
4305
2789
4624
2374
469
3786
6278
7149
2900
1693
7476
7079
8332
9992
5210
9939
8695
2016
1106
2314
4485
6984
3496
5624
5779
9076
4805
9881
4456
5627
1670
7725
6461
1191
795
9959
7660
5677
2492
376
9121
467
9110
2962
3886
627
3203
4588
187
6587
5448
145
2250
3277
4279
8837
8857
2938
1413
1846
5264
8630
8182
7578
8394
1144
2948
9339
928
8273
3231
6572
6689
4742
8574
9478
6590
1563
4083
6835
2817
9838
7069
6086
1038
6302
7831
2293
9266
54
7950
1189
8904
4393
8624
7360
6538
4635
