9060
7801
3751
9154
3015
5132
9769
8914
3467
3887
8990
4988
8677
3185
7699
1568
9959
8215
7601
5138
9618
461
7559
3170
2614
4346
9174
3174
8709
255
1324
7655
1206
9053
1943
3301
8438
9696
8795
6056
1464
2635
7167
3060
173
9521
6290
5479
3407
9869
4347
4563
5991
1167
3854
2963
4910
4804
8474
907
3633
560
7471
9584
6493
4811
589
5665
9530
1845
3287
8193
6485
3687
4839
5330
4053
1304
5851
64
8334
5496
7869
7559
2068
5533
9840
2353
3879
6455
5766
1568
3773
4850
9214
8885
9070
4456
8875
2362
6537
80
1984
4626
1731
327
9080
9035
5743
3017
3554
7373
2665
1964
2505
8450
4973
4538
7617
9122
5909
2089
5309
1945
4015
7144
9470
5127
5628
520
9846
5157
2661
7124
8331
6191
1625
9311
1974
2466
4881
3481
5611
8515
5956
3389
1300
5897
4950
1770
6
792
6283
7772
4388
9899
1130
102
2546
8941
2444
5871
5394
2756
3092
6070
5050
6843
6616
9267
4519
7867
6510
9915
1627
4405
1010
5887
4033
734
1347
482
7937
7015
830
1925
7167
616
6209
7697
4446
5785
4322
3313
8450
3421
1640
217
9811
7771
4551
5014
3182
90
2777
1092
773
2680
1832
5654
662
7799
6312
9973
9849
933
3137
3240
3746
9542
5546
5309
6983
2464
6065
5777
7468
2339
3303
3025
1098
579
6360
6238
4206
8243
4120
8823
6589
6368
6089
9365
4309
1671
8025
2744
2191
4036
1608
2665
3537
968
1224
7052
8464
646
445
565
3506
5722
2676
3651
8817
2870
879
5597
9628
6875
2702
8536
1719
2368
266
3314
4131
5458
4346
5566
3833
1768
201
4108
9247
4370
5567
8772
893
7582
3291
3359
3385
5206
9234
8819
2414
5737
6961
7545
9275
3668
751
1836
8568
3453
5678
8511
4212
3500
2352
3212
7802
7223
5477
9461
1537
5464
8002
3801
9282
2077
7774
885
3429
4379
9287
6755
5476
5408
930
8468
3537
5732
8575
38
3539
4667
2714
9122
7739
7242
8285
8804
6102
3683
9107
3032
3467
3118
9559
6014
6532
8598
7579
8617
345
2910
9382
8281
1495
9502
4981
1059
3056
4414
4641
506
8013
5005
401
2269
6270
6654
6102
8589
9169
7152
2084
5832
1841
6521
465
4023
8534
5694
6566
4560
8106
2801
6386
1849
2604
7576
1870
7434
7309
5750
7099
6669
8568
8088
4200
4821
7919
4014
1023
6968
5568
4083
6287
219
3878
907
5508
7128
1324
9721
1090
2670
4668
4010
5377
9382
8390
8849
546
3645
5644
8624
5728
3667
8282
8112
1954
7902
6179
5117
8973
3388
9158
5440
2342
5203
9024
5306
8036
6871
6571
5834
2212
327
7395
428
8790
3236
5929
8815
3477
5648
2609
1392
612
4030
4566
4792
6996
8380
2126
8127
898
5578
1912
5019
109
2246
9601
729
6997
5061
9109
2279
1631
5583
211
2523
1493
9496
842
7620
8570
4087
8447
7851
9483
2517
5505
9941
3185
9971
6307
936
403
6664
552
7751
9257
7942
4846
8620
1803
936
6464
6529
4808
9402
5807
2107
4418
3333
2267
3684
8326
2166
2124
8148
2729
6505
3549
1146
5214
8487
3208
6972
3429
8633
9788
2393
2445
9080
6490
439
3882
1139
4064
6623
4034
8492
6748
1057
4113
2463
6163
4500
8044
7872
458
1742
2482
4736
4880
1805
4495
1292
8095
3168
5834
5890
2071
5829
4014
6480
1371
6815
7814
8011
3383
7859
5169
5017
3646
2159
6390
8075
627
2664
3969
1179
2365
2607
314
5950
4494
4480
7607
901
8204
9206
3976
6246
3950
9998
1280
4722
7475
534
8339
7875
5659
8466
3387
8660
6569
267
2117
6685
7792
7332
2376
6409
4747
939
4421
9637
7769
615
8442
88
5493
6916
3057
1866
5300
8681
4982
9714
3239
8034
3173
5872
1360
4159
8930
9219
3649
168
8994
7575
4095
1851
2246
2287
2662
2644
8
7644
471
1815
9389
7479
4540
8365
2251
8593
3389
9609
2340
7812
9466
1206
2769
1732
9816
8959
9178
7080
1977
5578
5473
352
4404
1154
2398
9986
4675
5343
2805
7748
2523
3828
7028
9128
5671
4101
9352
8063
5229
2787
2912
8059
4498
534
2105
2918
4489
3142
9784
5048
2054
7685
1606
9705
9937
1932
8693
4260
9782
6609
2961
9987
8458
5746
4162
701
3352
7265
2206
6185
169
9547
699
9629
3761
9238
1314
3288
9334
9207
351
8056
9116
7518
3797
5016
3692
9742
2046
7050
8563
1549
2192
8605
694
9076
2716
8347
1443
675
9664
2770
6307
6053
3531
9677
4460
4283
5632
6430
6339
8631
4
9754
6127
1383
5538
9872
4248
652
4622
5240
2397
743
1303
7685
2069
399
7557
2758
206
5201
2017
1998
802
8484
8820
8286
4647
3111
2296
7228
9573
3930
3978
515
4594
1206
5825
6294
8841
7242
7785
754
8666
7523
6248
1343
8747
1878
242
7570
3803
3805
6503
2146
4807
6189
105
1941
950
6048
7708
8087
8511
7859
4566
8791
7994
9694
3431
893
8468
1723
114
1163
3884
7493
9288
5968
4954
6431
38
5427
9439
8765
6741
866
3256
9347
4575
2198
7164
5497
5201
3395
7061
3335
5788
2937
4779
8515
7094
4666
9548
8004
3405
6409
5784
8209
8684
2427
7976
5211
2166
6493
8062
9028
6302
5953
1160
7307
8665
310
9742
9046
3068
1346
4571
9674
2543
3567
3993
7785
627
4720
325
6408
5215
2255
4961
2044
7942
3844
9816
8817
6021
6515
220
6279
7288
8019
155
489
988
5159
4832
5595
4943
5898
5238
1311
3364
7436
6008
9380
4882
707
2067
4508
2092
800
8301
7449
2667
4416
8862
3635
2504
7339
9020
6552
5606
5132
3334
2960
6043
9854
6934
9980
6944
7839
3145
955
4942
3619
3035
7912
7336
360
5819
7908
4759
9617
1022
571
3440
4610
7407
2726
4850
7911
6356
8668
3148
7473
4908
6821
1611
5278
6404
1565
3377
2340
5704
3586
8497
4746
2999
250
9479
9602
4896
1731
8581
7815
4969
5400
6295
3759
2814
3741
4104
317
9878
2936
4782
310
6401
3612
5168
5949
1149
8627
2040
221
3672
1111
3331
2531
3184
3389
3588
8374
6582
3822
1385
852
3889
9540
5462
922
895
3133
1741
8319
8774
191
4128
6990
5785
3752
2093
2830
6
225
4439
2047
380
6927
5861
8243
3594
2757
4596
3607
1458
4185
5752
7693
3884
3233
2880
5848
6583
1050
1398
802
170
165
8742
7549
9497
9615
5734
9396
7603
9403
68
7693
4024
7613
8558
175
3736
8054
6873
8858
1799
9655
4885
8470
28
5780
8216
2667
7625
9815
583
8666
6212
8430
3012
1928
9284
1906
9136
9125
9016
2117
5729
5228
7281
7239
2591
9817
7231
340
5049
3793
7609
9405
3077
19
5334
8722
2836
9226
3945
4042
5011
3915
3674
910
4238
5026
6398
6040
3215
3523
2264
1011
1492
2431
2681
3263
2143
7622
6323
3011
9862
4931
7388
2159
6107
984
8718
5726
5206
4678
5307
4196
5759
3017
9517
4138
5480
143
8860
9235
1190
3475
9784
8569
8176
1274
4502
6937
6079
3945
5976
5912
7110
9873
1685
2224
1516
3849
8952
4524
260
6118
6532
2876
9038
9880
6404
372
4294
3316
2416
2887
9465
186
9500
1596
6056
578
3579
8954
9526
3096
578
9686
5275
1729
7047
7365
2715
313
7495
6496
8433
2779
1014
756
1364
3916
9570
2114
1884
3204
7281
9450
5582
3898
280
1294
2146
8795
4173
4054
6326
1750
4820
4081
8011
935
6406
9138
8253
7934
144
6542
5825
5627
2744
7136
2070
3129
9994
6071
1790
244
3152
8094
854
1400
9824
6565
8945
503
2815
6417
579
7767
1651
9325
4489
8886
4199
8586
4918
3882
1207
8715
1335
6153
7435
7462
264
5122
5297
5575
8992
7575
8131
4071
4679
8600
5047
4788
5289
8444
1909
4014
2722
9598
9123
1454
9064
8978
3580
9938
2472
7267
4608
377
2345
5274
6757
3544
6301
9485
6923
4214
7606
1233
4157
9563
1637
5405
1250
3807
7725
5614
9907
1858
6439
9872
7704
4232
6110
2288
4732
5198
8458
7499
1167
8478
3466
4145
8153
9002
7834
1612
1531
6153
9940
4951
6338
6331
3907
8509
9317
8827
6819
2080
5294
2448
6469
4034
8501
6095
2398
1475
4184
5665
7454
6887
1047
5165
446
1427
1147
2818
4834
740
9367
2258
7791
7741
4214
6350
7430
8235
5220
7802
1150
4438
8089
5117
9136
2342
7360
856
1820
271
2662
1648
2169
2795
4141
6586
665
3283
7616
6338
3786
361
8849
7383
505
5269
4206
1398
3378
7882
6738
9858
8130
3765
1512
7037
2829
6801
7035
6134
9547
4841
6648
7471
6286
2139
7509
4553
4191
6309
4891
158
7206
16
8958
9803
9879
2133
5885
9816
537
2544
5189
3958
5219
4320
1984
6900
3904
2391
3611
4733
5825
7076
2933
1713
2785
3819
627
1390
5204
5902
7296
1756
4088
6762
1490
7346
878
8865
8360
9400
7730
4063
3423
8026
1605
7099
7652
4725
3484
652
1683
1857
3665
2469
6062
1931
9431
6063
522
4126
8444
2961
5107
2989
2167
9918
4752
2032
2832
2540
1553
5689
9711
6412
725
9138
8396
3323
8776
3396
9686
964
3097
7158
767
1807
1481
6497
7972
6298
2015
7148
1435
8867
9241
5656
4613
4527
3485
5866
7410
362
9358
5584
8644
6267
4794
9570
2108
1699
7456
8215
6145
8899
7023
6145
8991
4615
633
790
5915
4178
2310
7035
4565
423
5125
2319
4086
2561
1165
9730
5177
4960
5794
688
2710
4945
2516
1342
313
6696
9473
9936
6914
8620
890
5604
757
4656
9042
6047
5665
2410
691
449
1406
7793
9595
3431
287
9336
5700
8030
6215
2657
6818
3407
7449
5408
1461
9195
8567
7757
2510
7716
5900
4933
5486
5685
7589
6366
6361
2559
8121
997
810
7713
4186
1462
8864
548
7556
359
9526
1840
1234
6289
5009
5471
720
9948
4642
7596
9754
8711
8379
950
2548
8688
2542
9511
2755
4038
3041
4587
6216
920
5374
1344
4093
9353
9383
8665
7864
4211
3782
6862
8492
7221
1795
9220
2159
2811
4239
8885
3639
1641
3516
7371
7597
4419
4863
2286
8883
299
8030
6919
5745
280
6948
9328
3899
4047
5316
3707
1967
3281
9722
1772
2971
145
8908
371
7195
4304
3167
8154
6128
9191
6998
983
9676
8624
8805
638
8729
2753
1333
8551
8025
6487
9392
1591
9193
2731
2555
3597
6895
7699
9732
7724
6898
8024
81
9888
4616
1870
1847
8447
5226
9574
6956
1661
900
7580
8484
3211
7273
2621
5704
3550
8772
9722
7302
6616
1801
81
1105
9205
1593
8894
9928
19
7108
2526
9268
6526
7753
8875
3883
2568
1033
6233
1683
2834
1674
9451
448
7978
6967
7891
509
8097
3397
3509
7849
6663
64
8342
8601
500
4323
4710
1676
2806
6343
3655
9116
6595
9347
5881
6815
9802
3506
2228
9133
826
8018
9569
2780
670
8904
6710
248
115
8656
7500
8734
6920
1298
9517
2199
9073
7393
7663
4546
1352
1502
9464
8650
9792
3545
1406
3671
4775
7911
3612
3952
5800
5391
3538
4798
4522
4302
3402
4171
617
5994
2658
7721
9471
1108
171
7008
4910
9046
6525
8207
8300
7596
7669
5812
2396
6176
7868
2294
2053
621
6709
6415
2737
581
930
4696
3028
8398
2019
1644
2103
4071
4317
8286
3088
4888
9155
183
2240
7159
4820
7639
6553
2311
48
973
7337
3915
3496
9122
5575
9081
6273
1727
6585
5369
8565
5086
8463
7356
5350
9406
5968
9338
6560
3201
544
5235
6314
6160
1530
215
9816
1742
6128
7202
640
2585
7036
911
6598
3437
6657
349
4727
1106
8387
8383
3438
7430
9776
8397
2151
4582
9801
3911
5422
2341
9041
9786
339
6607
5010
8203
3020
8103
9542
6673
5766
2061
5144
655
6730
6075
8599
1807
5912
2414
1124
6970
6179
6114
8137
2131
1849
534
8966
1619
3548
319
7225
7663
3138
569
5641
5383
7526
4680
9280
8312
9624
4300
4434
2480
936
4146
6206
1505
1818
7159
3696
2542
1446
6967
8208
3523
1936
5764
907
1218
8943
2931
6251
8120
6875
2977
7862
1086
504
8579
9184
6282
890
2986
4670
8838
1476
68
4616
680
8288
2319
9210
2417
6973
7177
7880
7890
9184
116
7387
8727
9769
2357
1084
6967
4004
5243
3531
628
7959
4588
9020
669
2990
4235
2031
8148
4977
8518
2235
3081
1935
6924
471
5124
7786
2348
6564
4450
6382
8616
7562
6119
6079
3193
3022
1554
4558
2331
5997
3310
9223
6089
1879
3652
9995
3252
4874
190
1189
1340
5674
1047
2394
609
2603
7630
8130
4147
4667
9513
3582
870
3582
6293
7461
7106
6230
7996
6191
2854
319
7824
8301
2188
9349
2323
2514
6504
4691
6121
9634
5770
7721
3941
1190
579
41
3312
4105
1316
7950
985
1475
657
4313
7110
3151
1029
4553
5192
6314
1055
7958
5693
8475
4538
8715
2110
8281
555
3405
7513
6686
2515
284
9561
1478
7844
6070
8209
3875
5985
3090
4152
9153
2158
9711
1837
8881
1398
5850
8396
5908
5467
7622
5641
1062
2951
4139
6841
980
7490
2221
7185
7835
1613
4824
726
1567
1866
8741
5314
3188
6879
3532
664
349
4495
1558
2175
2670
4504
397
1323
1792
8636
5170
8825
257
1767
9067
232
2806
383
6807
9061
1326
2730
4927
7551
9443
825
7323
7146
8592
3233
2062
1631
3242
1018
7536
5936
6412
4785
454
8760
691
4344
3199
8641
1186
430
8013
4143
4339
89
3214
2650
9691
6894
151
3018
4601
291
668
9067
5707
6669
46
4607
4972
4323
5329
6354
3566
4627
1881
5017
3392
4946
1569
8564
2972
2927
9575
9075
3680
1121
823
4660
1702
4431
9171
1642
2754
3886
700
873
9096
6357
6079
6702
4440
2236
6415
4300
6423
7651
9883
977
8123
1743
6795
6455
674
623
4364
7782
8304
3325
2630
3350
9523
9855
4327
9427
7860
9629
7694
9145
5181
7678
2117
3343
8737
1435
2572
6576
5836
5269
1262
8884
6729
5474
4018
8781
4010
9362
7681
3021
6183
64
8782
6501
9110
7443
1703
7992
4195
8277
8103
5151
9580
6875
1045
325
9756
6611
7628
8066
4034
9420
1624
1141
4525
5247
1610
9291
5750
6315
8056
4764
9626
7470
7460
8468
147
5647
839
6335
450
56
4042
4462
202
9202
5233
7190
5372
3496
5445
2807
4491
4126
5564
490
8491
1242
6470
9620
683
1104
6071
599
4732
7643
5484
5320
301
1239
4572
5691
1061
4332
3564
1994
1116
6709
1007
1861
6213
2975
3257
2291
5964
4029
5454
1494
1848
6792
9259
6109
7774
2195
6208
1955
1810
6428
1545
4
4426
5007
9320
4048
4961
9429
833
4296
5812
1289
7058
8502
3356
939
1132
9305
9673
2702
5794
3405
3320
2348
2205
9369
3825
5689
8985
4450
9519
676
2944
189
7132
5418
4689
4578
745
3621
6013
92
3015
6546
8510
2172
6197
2752
9619
2526
1718
3476
876
6099
6430
714
2127
3837
5881
197
9893
8665
920
88
6709
2487
3145
1949
4330
69
9265
9938
2483
2409
9305
324
2359
6573
3954
755
5266
2997
5943
9909
9777
4684
2542
518
3462
3596
8650
3421
7544
1261
5952
2058
1515
7461
899
5564
8951
9517
8046
9295
3768
8148
9566
6066
2209
9532
58
5558
1629
4194
1903
3363
8180
3660
9468
9061
2854
3723
663
6451
9575
6640
3115
9472
9399
9259
1215
6026
7756
6126
8531
3920
4015
8416
7081
7537
4256
765
3806
2960
7207
203
9764
1171
6840
7735
1933
826
1858
7902
9238
1660
580
1672
8526
9485
2860
6030
2049
8253
7566
172
8933
5466
4669
9826
3216
2373
9993
3604
3156
1122
7109
4769
9352
8265
8515
8673
7605
3353
5807
5080
7690
2908
4037
9063
4988
3622
9056
7665
5485
2791
5775
7867
6135
576
4694
205
2278
9122
7327
4533
191
3378
698
9547
609
4792
712
9742
9575
5255
2544
3469
6758
8263
5437
9331
3033
8734
7492
9865
8103
4269
4645
3327
2382
3974
5101
1622
430
7451
2070
7636
2180
2114
5676
8490
2913
8150
5020
9715
6167
6183
4747
3458
5712
704
5760
478
6570
9273
8463
3514
4531
579
3075
9117
7373
1713
6215
1600
9789
5622
7026
4021
9094
3817
7325
7797
2029
8293
7793
946
5433
9757
3746
7051
1178
5804
7922
9918
8611
7851
3219
9687
9780
2604
6061
5431
5960
8291
56
6928
5752
4773
7671
7100
3066
7896
9473
9422
8634
9226
3773
528
6034
2093
8825
5275
2953
911
4503
9509
6198
4153
6645
1733
4768
93
7991
9746
8676
290
6403
249
9377
9405
8265
2029
531
6677
9933
7305
8234
9304
1875
2945
6454
588
853
9287
5777
8733
6691
7433
4473
3205
8968
4615
2505
2795
4566
1330
436
1170
5869
3840
5837
8577
9965
1821
5493
2819
2933
7179
7138
4885
6743
8377
6952
5597
6666
8754
8902
1482
2619
5069
6288
2950
4561
3474
2885
3015
1260
5404
8556
8933
5578
3465
624
3047
6661
3022
1957
6006
4268
6375
7925
8323
4237
749
9852
4132
6972
9217
7164
2121
5970
2340
142
5501
9652
2841
5302
8984
6767
5810
1649
4961
3869
6583
2638
9601
9175
9141
870
7203
8040
3570
8393
5671
4569
9663
6215
1046
2302
375
4311
6175
6812
8196
4487
7024
7253
8721
6481
7872
3922
4505
4999
9353
3835
1582
6107
5924
2582
2566
7309
2989
6922
9472
4465
7781
191
5605
4492
5877
597
6185
7019
3344
4461
1440
7648
2114
9111
6045
474
2197
7368
9686
1536
146
9528
6899
9258
2532
4726
9765
2173
1112
3209
6500
7392
1104
1332
2801
1919
8008
4724
6698
2924
1568
2569
4684
6812
8551
2175
3330
3861
2361
600
5195
8227
9039
6535
5626
5473
8068
2331
2279
2234
3416
7847
4819
7884
1086
58
4280
3301
3952
7040
1711
5693
2658
2596
6075
4528
4932
3968
2835
8790
8928
8787
2221
4529
6532
3341
7302
371
8026
9242
4510
5641
1746
9433
4784
5207
5121
1863
5663
8065
8371
2941
5339
6004
4971
451
9555
6031
2060
6815
7925
1905
96
4638
513
5328
9797
7054
7900
4899
8584
7670
8383
9421
7705
2018
1023
8759
2702
2126
8312
120
2627
5230
8627
4019
9407
4217
183
5021
995
3936
4043
4762
6187
9102
5401
4052
8199
4509
4287
9894
1171
754
4671
2443
6209
9223
4822
9198
6073
8340
1225
5981
2599
6408
3211
1423
9746
8697
6107
5679
5805
8854
6890
5797
8406
8742
827
6735
8028
6799
8771
5697
4030
8004
2128
8486
2895
8236
7318
161
773
859
7812
9349
6736
4607
1126
4141
6312
1049
8435
6776
8383
7494
694
821
5557
6202
874
7096
6523
1880
3406
6886
4383
1231
7896
7602
2614
9044
9942
6836
6695
9416
8591
3955
7844
5559
2024
8127
2212
8637
2211
7565
6076
1012
850
4256
5964
9102
4473
4432
3333
2491
5441
4778
1368
664
169
292
9082
3556
7543
6059
1732
1680
1597
5563
4294
6451
2070
6794
1019
7159
1647
6577
9624
8483
2066
3480
1822
9318
9694
7949
4112
1213
659
2337
6750
6017
377
7135
4671
80
4304
1386
525
7702
6817
482
5898
6759
7412
3394
6081
5468
2939
4905
6744
4920
5595
7442
6049
6102
4715
3907
6015
6241
7846
495
6405
1391
8570
2312
7706
1211
8562
3332
281
1006
1057
1339
9093
2601
8517
1259
4106
4305
1211
5223
3998
1847
4545
4866
6151
7827
5686
6484
9782
5244
2094
2296
2401
8775
4546
6098
1790
8026
8660
2015
5450
6252
2352
3018
5018
1019
3549
72
8489
9961
9635
4354
4449
9555
5575
2125
9653
3919
8562
4183
7514
5474
7360
6687
3029
8204
9603
305
751
1329
6888
1054
9350
9204
3873
7748
1501
1314
850
6223
5156
920
3623
8731
3586
7457
4210
9765
2894
8128
4179
8173
2429
1831
4319
9194
8022
1810
2147
2010
5618
5555
2434
5892
8303
5035
3738
4813
3347
5361
453
1074
1661
7538
5307
1784
8215
6933
53
9646
5975
6569
4604
7004
7030
5774
2768
8587
776
61
277
2672
8153
7973
807
3382
9193
3395
9710
4007
6526
4157
2828
7911
5289
7531
7684
445
8339
8626
4805
8030
1893
1566
8131
5144
3238
9484
8631
7736
6703
9185
109
2968
6427
9467
6715
4713
2122
5602
3585
9128
3380
5114
3131
9376
4411
9911
9988
3565
922
8717
181
8328
4650
9460
5547
6932
8243
3572
9847
7747
9534
3491
7310
3957
6937
8984
2481
7967
4708
9403
6695
7092
4553
1931
2550
1011
6009
5675
2608
1356
4896
4106
5802
9808
5210
8669
3288
1668
9616
988
3348
8049
7274
2518
2734
188
4185
7681
9101
4845
9740
2210
6036
8846
2751
3461
7999
3394
1989
5050
4300
4031
1690
4684
2519
3257
8059
2671
574
4109
6945
8933
1859
9766
5288
4845
7488
9264
1389
4842
3652
663
3526
2859
3404
9562
4060
4203
4317
4034
5316
2439
6109
7689
1595
2888
7601
1657
8559
1469
7889
8802
8282
6166
7064
1510
9033
2270
9400
8757
8652
9974
4874
4865
4758
2778
9619
7917
4979
6499
3858
5159
345
8872
4885
9534
9176
6562
4283
5106
4443
8795
6869
3479
4048
3713
4614
1045
9348
3340
7162
8640
1319
8442
9570
5759
1503
7444
9053
3706
5001
5295
7778
5717
9322
1201
3513
5747
9107
8157
5066
8057
4451
5101
8702
2641
1974
4619
3618
7607
5611
9020
7625
9300
6740
5977
2721
1172
8710
892
9246
9142
1265
963
1890
4816
8617
2452
9790
5036
1186
4670
5858
2562
5691
7223
288
5731
5985
6167
6079
4688
2276
3248
5371
5077
7574
376
3818
1574
5471
517
9066
3892
6991
4693
677
3963
2891
694
2134
3083
9160
7432
1846
5713
7206
9245
799
786
6115
6666
2706
4292
9761
1982
9891
1496
4433
1259
2322
8167
4814
3173
9125
1096
231
9222
5760
3324
756
1884
183
4438
746
880
7050
1210
5913
5572
7759
7393
9538
5528
2318
1782
9526
4296
4229
2609
2250
6886
9468
2509
7719
8719
1683
3479
1805
1213
8055
8661
5784
3929
2211
8001
4171
5642
6547
2417
3336
6015
8116
4181
49
1556
3032
8428
8105
5748
3941
2978
7860
2684
13
6634
3309
9464
4696
1380
6134
8012
733
5132
8890
1905
4864
4543
8479
9786
6837
490
2823
9441
7890
1841
2181
8307
7987
72
5308
6501
215
8833
499
6018
328
6467
3269
2594
760
2644
1509
2536
5879
3395
9711
6376
1344
3364
5082
739
4419
345
3913
6864
462
2697
3777
5641
2852
6207
452
1583
8719
1970
8796
1723
2786
3036
8787
8371
4663
8074
431
3365
1000
2703
8539
5698
4745
8965
6721
7130
8738
753
6372
5664
3434
9330
6969
3881
2334
6118
997
3335
6386
248
8913
8349
9326
2378
1723
5902
9610
4282
5607
246
7476
2661
8066
6708
782
4277
4710
8594
8053
1336
5834
3251
4139
9743
4657
6056
5894
831
19
7743
3794
711
5672
4345
2129
8782
9248
5622
1107
217
6273
1168
7921
1015
2984
3984
8242
265
2912
9152
1440
8400
7360
1999
69
3476
7406
6266
3280
8495
6225
2029
9140
3892
7397
7670
8879
5791
1768
4770
5751
2843
8161
2134
4528
2826
2096
7628
3563
2900
7280
3144
7241
2014
5065
4422
2541
5078
5843
4370
7375
8394
3620
8948
7932
5330
1034
8038
5259
4992
661
4147
6043
9330
8379
4861
8232
3905
1119
4891
3932
6634
6476
5550
8705
4759
1547
8686
3397
4057
1460
5045
5239
3667
3712
7624
2254
8150
189
9886
153
3637
7547
6942
2801
4756
6772
3529
8842
5634
5161
4913
3576
5120
5479
5813
559
2653
3384
9898
5891
7599
7637
8439
1741
7392
8313
3117
9535
275
1537
4337
8078
6289
7840
1544
5246
8069
3823
4990
7757
3104
8242
4738
4117
1257
261
6993
6405
7637
9141
782
9545
3423
6363
859
3269
8180
4883
8743
7233
8925
4155
1876
7966
6234
4998
8291
4343
7208
6113
6959
706
7342
4381
1827
5398
7194
1819
4776
7047
6003
6150
5438
3660
6330
4105
582
4978
9138
2465
8075
5145
7177
877
4971
8236
6450
7187
1989
6510
8033
6428
8849
7792
2754
8431
8918
6607
8118
5724
7212
3306
2843
8030
4239
6689
2070
4451
9100
9881
944
5576
5227
2812
1322
8925
5865
7405
6575
985
9297
3177
9573
7782
3415
8841
4990
9420
5393
7060
8833
9276
8914
1505
6096
6402
51
602
2327
718
1264
2413
6384
6924
7405
5356
9349
6207
9859
7204
2259
3036
4587
826
6727
322
6326
641
1208
9864
855
5513
9536
655
2333
6289
1208
6039
1952
1133
6879
5325
8039
9250
903
4433
4916
9022
8589
1477
6461
7718
6867
3218
7032
6887
8475
9317
7490
5037
5474
2311
9932
9010
726
6362
3490
5166
6198
4334
2025
1117
1493
4676
2741
6494
970
2506
4388
8791
2470
7349
5082
2326
7331
7629
4394
8818
4358
6162
430
1473
2785
9964
2820
5795
9208
7136
7493
6603
6525
3150
9778
1597
3914
4327
7997
9506
203
5837
7569
5689
1973
9042
3200
2649
3287
1218
6167
4449
1051
4925
5055
1472
5529
2652
3395
464
9449
405
3097
6460
9426
506
2223
4275
3716
9787
9972
1829
4271
7452
3328
5242
4429
5985
8112
6258
2259
7525
4354
2807
2623
1914
3193
4734
4094
4299
4957
5885
9805
4734
3411
6902
3450
2885
8053
1585
5783
3827
9533
5929
2729
1067
3475
9260
4195
9156
9409
7910
7994
2650
1839
9031
2773
2670
7391
6224
8036
1021
3543
6542
6809
9037
7399
9053
3943
6324
2886
2717
8453
2259
7982
3842
4911
4976
9904
6069
5258
337
2197
3544
5794
4452
3682
8711
8866
1852
7078
6890
3150
4501
6980
2167
4192
1097
6712
7444
9966
8235
4024
5498
3557
6224
8904
597
996
8477
138
3128
8423
3452
6576
6045
3821
568
719
9130
5241
7976
2578
8767
6530
2345
2456
3740
1991
5299
6843
1600
3635
8957
2750
5980
4744
1053
9058
1173
8204
1607
1493
7272
9613
7943
1527
8232
8577
5306
2442
8996
206
1862
6
196
1987
2635
8071
8017
2961
8865
3732
6836
8058
6624
9660
5654
420
1646
9022
8359
5562
7410
8117
2635
2624
3176
7742
8558
0
9822
8408
5080
8534
8987
4151
6364
7924
4783
3717
8890
7315
6
3750
1253
535
4582
3078
3790
1325
7255
5585
4271
275
3858
7582
9956
7588
9458
5689
8627
3440
6711
9052
4636
4116
2970
3049
5372
6650
9051
9591
2812
4768
1734
2662
54
9757
3076
5904
2807
6
893
3086
4528
8204
2907
5893
7222
3071
217
43
2474
7731
1531
1386
6483
829
4600
3375
5975
602
9521
5919
5513
1260
8677
1736
2540
34
9709
5551
405
4003
3555
11
3262
3927
144
1916
1575
8210
7842
5705
3080
958
9548
8566
4353
5315
5767
2814
7202
8118
5879
6675
3734
284
1304
5535
5482
3289
1591
6901
5932
9161
8605
73
4558
9641
4150
2121
6314
5107
2688
8167
5232
437
8607
9876
1482
9869
701
666
5184
2611
8639
2614
5543
6995
6674
8624
6341
3365
724
120
2432
8411
6384
7615
8372
1750
225
1087
6339
6533
1159
9368
214
6044
1687
4584
2994
2637
8461
2726
6326
7637
7645
4652
4721
6117
8616
8542
9344
1883
137
8779
7397
5277
6270
7487
8163
2642
1940
8674
582
4829
476
3185
4015
8454
1114
7975
1421
6167
4620
9687
8632
2528
1319
3993
1974
5335
3356
6751
2352
9104
682
6482
9455
9204
1677
2894
5024
4753
5301
262
2871
5310
881
7350
9247
4505
6106
8547
8943
5039
428
7233
8424
3112
1055
2465
7388
588
116
436
1865
806
2907
1105
7154
3715
7089
7727
4334
4279
7078
8240
3306
7085
4413
538
4233
2872
908
1986
2892
890
2243
8711
765
288
842
2313
7941
8745
4451
1348
9886
8418
7967
8349
2866
9231
6140
6855
7970
7303
1980
1842
2787
4861
4753
5762
6626
6870
7332
7111
3384
300
197
5854
6073
4510
9324
5379
8150
5825
78
5489
691
7048
7131
8440
7027
1419
9988
9962
5519
1799
4251
9314
5221
2626
4595
7169
4317
7577
1525
1430
7863
7240
5236
4778
7744
9061
729
4453
6596
4361
3576
8080
9453
9340
1267
5800
1017
5964
5773
1579
3626
7577
8790
5715
6535
2913
5029
4092
8991
3123
7733
4084
6829
6498
2710
7326
1512
6536
1892
9410
8274
6308
9333
5605
4416
9121
7163
3616
5912
9813
2665
7375
4470
5763
2243
8329
5002
7933
2318
4855
6027
5737
3702
147
8367
974
8094
5935
2018
2364
850
2814
8371
6982
2777
4195
5391
3709
6406
5028
8933
6138
4366
2986
1432
4327
9140
8792
7443
5354
6815
2294
8934
1999
7549
1513
9263
1586
4545
3712
7620
6806
1527
317
5517
900
3977
6863
526
4931
9466
168
9410
1184
5535
8160
2947
1386
2349
933
9574
541
8334
9164
3780
4617
6270
4537
3986
7391
833
3574
1458
7768
6343
2404
6322
5809
6695
5180
5619
9750
2201
2512
692
6714
9264
6276
9900
912
5188
5330
2087
8842
1774
5134
1672
9307
3948
8854
9436
9403
5700
837
2511
3047
9510
806
4120
1458
4170
4399
7103
2444
2168
7441
7791
1516
7542
3642
3095
9853
3116
6885
1834
1635
9315
2847
7718
4825
7020
135
4722
4489
9758
1089
9408
1367
3655
7206
7922
5610
3171
2204
6905
3543
58
4702
6504
1339
8164
520
1559
5781
8984
9105
1571
2431
50
9220
3443
935
1938
3181
5894
9310
7585
6109
1384
3100
1727
394
4755
2093
4664
7126
8946
332
4581
1194
7457
3291
2878
7456
2560
5132
573
6810
3735
7663
3470
5681
6627
4121
9074
5325
4765
7181
1843
5198
2940
473
1282
37
5873
6096
9228
7891
3873
591
4363
9547
3263
430
216
518
823
3734
6271
3796
5608
8361
4043
121
9
8402
6192
9228
8092
5786
2983
3479
2943
7588
5812
1739
7151
5958
7187
2548
151
3172
8577
8773
7079
1899
3079
3727
5808
2518
2097
5267
4875
8401
6941
1442
121
6728
5455
7852
9077
5114
2865
9261
134
9920
2232
609
785
1396
9858
176
9611
5599
6603
4362
619
8515
8302
7679
5358
3634
1336
6987
1972
5513
7561
7565
7816
3693
9188
5075
5598
3536
4918
4852
6724
4448
3523
2329
9163
925
92
2489
303
260
9932
8703
7233
8508
9218
2538
2006
7276
7529
8385
1064
9576
1250
5105
3386
2614
9043
5892
8041
3169
2665
4544
7454
4809
1993
3689
4753
3013
1237
4372
151
3975
5818
9993
2539
5194
6549
7347
235
682
8053
7784
6873
2959
1420
736
7026
6632
5808
7667
4684
1616
8446
1460
4984
9776
5118
740
7574
9953
6209
8788
1576
1691
6935
2283
8367
7359
413
4527
8162
6894
1203
9700
7437
2628
5164
9758
245
4037
5326
5445
2217
7458
1450
756
5205
407
2822
8046
2208
6532
5925
6142
4197
3430
5368
8745
7903
6194
2541
3394
8414
6765
9254
8985
4470
7003
5365
5297
4502
3298
8707
8428
2054
7658
5936
7094
6313
531
36
8395
4402
2243
3380
5318
4867
4538
1792
2295
5905
5860
9610
3583
4244
8715
3137
8667
8842
9159
315
9275
4314
291
6881
4990
3414
9532
7828
2924
9433
4008
9885
4543
7088
4641
610
2687
4838
4605
3445
377
5656
4267
8550
8187
375
1852
4185
7470
5419
204
9954
9569
7716
4411
8381
2494
3260
3821
5146
6715
1241
4506
261
1295
8702
8130
484
1038
4257
1569
121
3587
1799
5595
1207
3273
9084
4964
7346
8327
2079
8990
4895
4342
8361
8784
8890
9296
2078
5024
1399
6326
5564
5709
1024
2445
3744
8363
2188
5655
9337
2603
4369
1850
5460
9366
33
1711
2774
7111
5119
1849
7272
242
4901
7967
6860
7333
366
1560
8255
4601
7278
1506
7671
1205
2833
4415
2811
6655
737
6541
4017
6543
529
3744
3346
2355
422
5951
26
9497
1206
1991
3516
9020
152
8720
5522
5261
9099
2250
7490
3325
7203
2483
6717
9397
4717
1096
1345
7315
5572
8741
3486
1329
6332
4203
3733
5011
5036
8893
6251
8941
281
2775
9438
3471
77
8060
6927
5326
9830
4938
7981
5552
6874
7548
9122
2691
3272
7148
5031
394
2251
4339
6659
5701
5928
2654
7376
6268
4630
2766
654
9113
1133
29
6801
1343
6854
8040
3190
6698
6915
2493
5219
2644
7432
514
4572
8049
3430
8047
3905
7352
6057
6074
1460
5903
55
9533
2473
7458
3704
6902
8615
3103
8629
8779
9867
2897
2842
4887
8939
2326
5189
7878
8104
9263
4400
9865
7532
3589
8027
8582
2291
5794
2210
1823
7
5699
7646
5005
6435
8
3607
953
4969
4020
4583
7430
2303
4872
9018
591
2403
3351
5185
3481
896
565
5814
4948
5865
6545
1642
6211
2866
5356
3546
6101
8349
4228
9169
2528
4418
1314
7622
5114
8120
1389
4613
3939
80
9912
2764
8082
8322
6735
1692
6202
1071
9561
671
8456
8724
6458
9720
1116
1008
9832
6550
8786
3421
6104
9507
7212
6554
8037
8105
254
585
3676
8500
8773
2052
3398
9491
5236
2619
8883
4775
1885
8552
9983
7502
6073
2372
8788
3721
164
7058
7756
9449
6392
4537
9473
8937
84
5455
4052
2901
5176
2128
8518
3832
0
30
9510
4419
3418
8899
8007
2393
4694
8017
1068
3143
2282
683
7267
9665
8511
620
284
2312
6795
9397
9973
9175
1612
4309
2051
6509
141
8384
8127
9493
5848
2898
2682
5504
4840
4813
7886
1813
9482
7165
1491
814
8752
4637
7755
9188
7825
7235
9035
6373
2992
6406
2518
225
5608
2544
3447
533
7393
7614
7931
7854
3169
6708
1128
8399
4466
4029
2270
6270
9915
8064
2521
2984
4414
847
5296
5749
9438
3577
6093
9142
3003
671
9113
7707
3452
9252
4755
7937
1719
9293
2973
4104
7968
8680
3044
8787
2491
9833
8778
3145
5135
815
9377
3416
3658
1077
6326
7001
2235
4084
2887
9550
5168
9845
6258
7336
3164
4309
2156
5766
724
2594
4971
6167
8055
9074
6641
528
4200
7842
7093
3722
8521
3932
2751
3186
5142
4322
432
1364
8299
3398
2172
9826
2290
5532
1077
6365
4205
2663
1717
7079
2300
352
1592
3519
3308
4262
6515
9291
4861
8735
4901
9060
6749
3404
7592
2235
3318
9882
916
5353
5057
6469
3489
7413
1174
1831
8934
1102
6306
4430
7795
8520
8290
1164
6391
7412
1698
1192
1135
4695
2941
7249
2572
6508
6496
4819
6639
6646
3407
8530
2196
5118
595
2835
4297
2667
191
4859
2473
9759
5790
46
3321
5469
1708
6025
9213
2009
4685
6828
3016
7128
5661
2143
6543
5975
484
6053
281
3351
4357
894
4133
4133
5588
3974
4840
5784
8467
5755
7554
3012
8631
5820
7579
9995
5547
9452
4415
3155
273
742
6371
6595
32
3243
2386
486
2943
7494
3865
9618
6332
8657
9676
9699
1929
8352
2083
5729
8627
9259
4260
5424
1121
1706
4798
5445
4214
1496
9679
8054
4482
5386
8387
8122
6363
521
2921
9216
4532
1883
6868
4556
1591
143
6587
5596
7972
6023
3853
7576
2118
8480
6693
1064
9854
6781
229
3968
6671
2482
7122
5414
8597
5868
7036
3795
9010
7438
9544
200
198
54
6684
8920
9771
4126
5207
8947
603
4574
2058
5508
1598
5230
9591
3376
2979
8825
8116
5950
6666
7694
4988
6374
2252
2944
1571
1218
9592
5357
3315
2945
3804
636
760
4362
4923
8143
1364
4190
144
8136
5167
3270
8736
200
2799
6667
4533
7011
7840
7109
6445
191
8929
1435
6765
922
8731
6841
7459
9659
7374
608
1207
5777
6857
8151
7773
5865
1542
7599
3033
7883
704
2996
1791
467
1746
3743
7207
4109
9373
1016
7658
1817
229
7225
8763
7839
1640
1262
8964
4908
4525
4761
940
5290
6261
978
7026
6253
8608
9867
9225
3690
5120
9729
6704
3314
1170
4078
3613
988
9614
3868
6581
3281
4555
1156
5130
1489
9695
2900
8594
9139
7091
9855
640
5065
4304
2127
8609
6370
5464
8293
4533
9993
163
9713
4455
4554
6628
3677
6107
8741
8855
1043
4772
539
6713
4848
5423
5029
4100
1888
4303
6261
5590
1096
4709
4852
2749
1250
9356
3146
3585
3379
6879
9291
1085
745
3688
463
2076
5472
2277
394
5548
8611
5785
5658
2274
3808
1948
6544
618
1396
4704
9333
616
8358
6801
3821
4096
1280
9704
4329
2318
8679
1949
2422
7699
1820
4070
2451
4285
4106
9936
3905
8370
9456
4632
1411
1561
345
5559
7364
4325
7414
8712
199
4366
9054
3655
90
1518
1468
7064
5700
9429
2358
1937
5661
1865
3902
2341
6173
509
9505
1422
1084
9293
9628
5190
8457
9699
1791
5458
6118
2650
4074
7852
1
2669
1508
2683
3565
2346
8858
8193
8270
504
9300
4513
1892
6882
803
859
7951
8639
9287
4709
513
431
3101
215
7073
3477
9254
2019
6939
3804
9314
208
5092
6775
8219
914
4508
6376
1775
4135
7292
4332
1140
8528
4831
7906
3072
6938
3885
5894
4561
8280
4626
9071
2150
3903
4302
625
3569
9837
7173
1871
4212
7847
1142
3649
6936
9694
8937
7725
6205
2269
3010
7829
7932
6418
9330
3325
4824
230
748
8
7266
1051
6197
4702
9788
9889
9301
508
9893
4869
4538
9048
883
2374
8987
2495
9727
9685
6362
5964
8794
121
1459
9767
430
2283
961
9865
8863
3605
2256
6359
5488
9714
8045
9650
6882
1666
3161
7226
3958
1805
8492
890
9460
1121
9607
724
2692
9722
2338
2826
1786
732
8771
9590
1183
9488
1680
9591
6634
2057
6316
1129
3021
6530
4973
5359
5915
2086
8687
9535
3576
811
929
9658
8233
8763
6268
6038
3547
4337
7940
7930
5519
6157
6471
8550
7187
292
307
4301
1051
7831
3061
9456
8670
77
4347
7800
5790
9872
186
4127
1551
6513
2027
7835
5576
7817
8497
4424
6327
7854
2310
1153
1935
8046
1219
8635
5117
3114
846
4510
2281
9106
206
5153
8039
9033
7002
4769
5020
1573
511
6669
7614
7173
16
1761
6789
9023
6984
9677
9374
1477
3867
370
6573
8115
9066
296
9762
7368
213
3119
7333
7471
139
9072
6940
7273
8686
8782
8811
8760
5281
3375
7178
5162
3267
7073
3794
8848
5605
7899
2193
6266
8247
305
6174
5714
641
675
3270
2273
973
4499
8965
33
6098
7137
8928
1873
6426
9972
5342
5950
6245
3159
9111
452
3719
2494
4101
9585
9917
2692
8439
5458
2205
6883
2757
8909
9899
4142
6781
5946
4552
2030
2044
2078
1956
4328
9176
2437
8948
1879
4170
1195
8175
3035
3161
3528
6162
2733
3681
214
3700
3453
3171
7952
9651
2555
2614
7272
157
6175
9099
229
1099
117
9214
584
168
5624
6936
9801
2959
8186
2897
7395
4898
4909
9795
4008
1543
7025
7226
6210
2797
7067
6232
2216
8236
8078
9893
1705
2746
3192
9635
6872
890
8171
3087
2195
8719
6551
7988
3234
3615
3169
3257
8041
2514
3042
9947
9642
6266
4895
8677
6474
7132
5520
1675
1358
1724
7151
6855
2434
8487
7486
6634
5669
4138
5557
9620
4629
5424
5143
6623
2418
1544
513
5462
6386
4453
1022
7987
5601
6334
4858
4661
146
9894
9505
6128
4838
3735
210
607
3111
839
9061
5892
306
6813
2150
9776
3343
3932
5406
7486
5359
2414
7469
3722
4577
3708
213
1776
2256
3833
7638
782
9597
5839
1714
5915
8772
97
3660
8273
4846
927
5265
3941
2642
5944
1619
8728
2728
8842
6782
6261
2828
1173
1161
2875
2571
4221
6091
661
558
3790
2328
1893
4256
5002
8822
3935
7341
5278
1216
4177
1864
1539
7334
6321
9161
6208
2079
1582
5250
2524
1340
8200
2253
6945
5642
7932
4180
4844
8628
8664
4940
5137
3411
6973
3310
4588
6691
1777
6435
9186
4211
8980
8876
294
2024
5595
9516
7063
7838
5704
5938
3878
9805
4683
2870
7318
1091
145
6671
1628
1508
3723
9375
3814
3435
8810
1948
2616
8028
3349
5708
8993
3064
957
9244
1788
3803
6472
4525
3762
7445
3209
6716
3277
2595
6673
3836
1272
1065
5183
1969
818
4575
6723
2716
3745
3845
9360
4718
2451
8676
2799
1915
6863
2307
48
7437
3370
1186
5132
1682
5382
119
2758
9715
2133
2291
7151
4545
5275
2703
9577
4110
8273
4984
5763
7174
1718
5108
2484
7832
7328
4481
435
2548
7984
4073
1346
4179
2724
2691
6474
7406
9429
376
2466
8556
4193
9472
441
9803
7075
2410
5635
8426
7966
5237
3729
3392
7305
5005
9784
3181
2116
7845
7396
7932
5576
7837
9590
6001
5437
7056
3944
1397
645
5501
7521
7786
8629
4448
7683
9773
8068
5309
3810
3208
8540
6392
7455
7712
1406
7971
51
2114
3186
9205
6439
8197
668
4036
2976
1836
1545
9311
3496
2203
4744
1338
807
2050
4982
470
3921
6667
7954
9228
6104
396
9072
2630
322
4266
7001
5435
5446
3754
8351
5621
2544
4261
8846
9473
4452
3191
5837
2994
143
420
4340
8913
6345
8824
712
6614
8502
6345
7970
4348
4363
7932
8302
6404
9022
3728
1230
4376
9671
2139
6670
1577
3155
9903
19
1064
5975
2312
4301
8222
2417
4868
8172
9513
5737
7360
3310
2019
9799
7339
5462
4672
415
5594
8472
7764
6583
3384
8865
5118
8969
598
1028
1237
2835
6086
5967
1502
2828
2976
5276
8615
7393
5456
2387
6115
6622
2957
1501
8034
7832
2214
1635
5980
3798
5210
8181
1451
4976
6420
8870
994
6176
8610
8821
461
2966
5569
7383
2182
5623
5638
8639
1361
1061
1851
1487
7621
8585
6500
1816
7256
2157
9053
638
3845
2422
7186
5239
989
4927
9018
8706
1703
321
5889
8116
4613
7742
8673
2221
2645
477
8844
4969
2496
1951
8841
1443
5923
3792
3912
1556
8455
2121
2451
5337
4479
7842
2212
5842
2301
8006
317
2663
1378
9263
9896
7333
5313
4271
1243
4486
1054
4976
4999
8415
1672
3636
6430
2355
3999
6966
878
3476
5828
3329
3006
2809
5645
1839
9300
9163
9745
4041
2753
7946
5750
6942
8698
9581
5684
7087
5652
9863
6469
2455
6058
5764
2140
7911
398
8818
1328
5487
6538
4157
1427
7417
8882
35
4051
9376
4536
134
4492
5534
7290
3840
3079
3666
1836
2272
7252
7824
4798
9890
4047
2867
9915
9213
2114
4958
2189
1590
5719
9792
6095
450
1784
6149
6817
9305
101
25
4258
3062
737
9959
2541
8619
9722
192
3842
3153
5459
9192
111
4749
8383
3866
3067
5470
4860
7835
896
7906
8954
1180
6994
3256
5959
713
6160
2081
2648
8734
6262
6144
6022
9081
5132
4144
6626
4715
1167
6341
6582
3160
5242
7418
7082
9295
4929
7481
8416
6659
6585
9450
7901
8855
9415
9379
6020
4392
8692
9725
4880
5748
4490
9639
5853
2632
5853
4548
9652
951
4472
2751
3521
4519
8355
5503
6115
7062
6527
8037
8624
7114
2894
8978
7538
3685
6690
8822
7058
3143
4176
7411
5615
4109
6319
4816
5963
760
5155
8953
3523
6553
9857
7012
7449
4872
5519
4430
8927
2547
7322
3284
6257
4179
6370
9182
7712
8363
982
3941
583
7786
8055
2885
6204
9152
652
7502
7108
5308
6322
6404
7715
6948
4510
5127
1856
9294
3632
1021
5697
6923
9941
9882
8407
68
1561
82
24
3340
5239
261
9205
5861
7712
2185
4840
5438
9411
1590
9389
2698
4350
2250
2457
8700
4002
7677
7179
2622
8108
4782
6221
8177
3973
1260
1254
6559
9208
2434
7392
1052
411
4682
242
9691
6140
9266
3529
7581
5369
4315
744
4692
9660
2958
4776
6533
353
1065
8637
972
902
5111
2952
2585
6862
2782
6162
7897
49
8722
1164
4032
7988
8055
6016
4113
7968
691
1651
272
5154
5138
2393
8062
7646
6979
7365
9748
6337
4304
4652
9372
8834
5275
5893
8888
1843
7091
3503
9845
8218
8278
3599
4138
646
8800
6724
8523
2897
4370
2297
427
6817
990
5750
3902
8474
6879
9379
8780
7844
3845
8475
6385
6852
9469
6712
2785
8649
4720
753
7545
3894
5522
8733
5553
4439
3594
7298
6829
1345
6866
5903
5843
2587
4180
5202
4070
6355
1844
1815
2913
6958
6653
2285
6736
2400
435
2006
4392
8420
8392
6556
9527
8
442
1435
1718
8265
2745
6702
6315
7654
9350
425
3130
6995
1255
9792
6348
1773
7944
2115
8136
9445
4971
8024
5389
7434
2848
1187
4818
6791
2720
691
532
6455
4082
5660
1455
7600
6288
4188
7928
899
3076
8812
6759
5726
8044
9830
370
2252
5246
654
3443
6715
3924
3518
9628
1671
8088
1761
6769
1319
9355
4732
4948
100
9918
7380
8079
1858
3828
3264
1017
6908
7951
188
2907
7136
3079
1446
9564
9844
3369
8201
9993
5732
6220
3460
8128
7002
4911
8295
9819
600
9294
4953
4587
1492
9171
8472
6874
6945
632
8974
3138
6950
3467
2108
8892
6253
5307
8790
1984
6090
5791
7162
2347
3397
2390
6622
9791
1383
1369
2406
3092
6909
764
2159
1676
5484
7667
8795
36
9569
3697
5721
5127
5859
9900
992
2813
4152
8301
6056
7264
1936
3
1909
9871
754
2726
1569
9563
7538
5465
5508
3678
5003
9674
7538
3356
2190
4755
2194
914
9575
1490
7463
1371
2249
9158
6333
1602
2646
8880
1745
4113
7020
4409
173
4680
5199
1106
367
7673
9247
9765
4468
9775
1734
2811
1782
5039
8224
936
2320
5719
7543
8128
7498
8868
7211
2381
1318
4703
1514
3048
3445
8647
2017
2964
9078
3514
6287
6859
2684
5852
7042
5552
2715
1306
3713
1028
1055
6217
2853
4020
4266
9944
2309
3935
632
9716
5228
2469
879
3449
2937
9178
8744
8662
2115
1146
8453
8745
4951
4887
3294
6026
5136
2014
7788
1620
9313
9640
1761
669
786
1308
6962
5079
1044
5970
5875
6047
4403
2546
6973
7827
6583
7434
5598
8625
7335
1422
669
8842
779
9354
3608
2469
7755
8499
7292
6672
1546
6108
4864
7105
697
165
3967
7210
3721
3053
5168
8395
7937
9352
6819
9890
7431
9275
1531
3565
3023
996
6002
2560
4590
9143
6622
9010
9417
851
5630
6226
9743
7636
9008
5271
4159
3793
1619
500
2024
1701
1699
7306
475
6219
5670
5496
6959
7794
7954
1662
8833
8112
8041
1519
21
8787
7779
645
3661
1890
4678
2542
6709
9699
6836
5204
4777
2710
7218
2554
4404
1966
592
8530
4758
6383
6057
811
7872
5298
5769
328
6367
5222
2854
4876
1219
6561
3580
3969
4907
5845
8889
4729
8319
8141
6466
1819
7722
4934
928
79
4770
7019
9195
501
420
5880
1697
2670
9633
9968
7154
3822
2351
2474
9147
3194
2381
9942
14
3660
536
2334
682
4101
4003
3143
1564
1954
1366
2007
7826
6551
4485
3456
5272
6215
7579
5018
2337
4518
4692
8815
531
3286
4116
5360
3951
7117
7863
4581
2251
9656
2438
2674
6622
6280
611
7573
9416
8379
2833
891
2731
8166
5298
7106
5610
1182
9038
8489
3261
9046
9165
1604
5102
2082
2626
1868
3875
9834
6837
515
392
5930
3387
7365
6584
2406
8931
858
5704
4507
1183
5480
2352
7457
8413
5221
9831
6572
6338
6762
8570
9922
6114
8243
4232
4375
7566
9074
6365
7987
5946
260
3081
6181
5577
2379
189
5202
4664
4667
7281
3366
8165
1968
3044
4122
9770
9452
5553
5750
7945
7055
747
2110
7717
2671
4757
904
90
2071
2065
5438
5435
8603
4338
3951
2102
2041
7855
4288
6374
5739
8007
7263
1061
1257
1292
5416
7948
8860
4174
6944
3304
1949
2373
3167
6411
3868
1353
9755
2236
3277
8113
8175
1515
8748
9079
7770
725
6113
6549
804
6145
6063
4462
3483
9589
8870
1691
4684
2872
1944
8000
7406
4308
1225
8586
4760
5047
6879
4264
674
4807
3961
6083
1256
9503
7580
9276
8971
9643
3608
9200
2226
8284
6554
3786
6207
5704
827
2117
6636
2417
5061
3532
7363
8160
389
9809
2589
2238
4731
2902
4514
8271
863
8139
431
2251
4447
3268
4534
6362
675
4230
8255
8716
9025
4911
6220
162
5403
9103
4539
7244
7158
6918
9236
6848
6086
6284
2882
7667
2134
103
1503
5912
307
668
8615
291
6360
2069
9759
7752
4388
6043
2430
6068
9767
4880
3209
8471
8012
6876
6717
8941
768
5555
7333
7752
1025
8159
4460
8124
6417
5902
1116
2566
2954
602
1509
3626
4011
3409
3401
5911
2385
3858
6580
8169
6961
195
2313
2651
6561
7425
4167
9095
7686
3748
2938
6524
2824
4814
1150
3371
9314
5617
3487
3854
7926
8266
9019
6996
557
6430
9801
5213
7452
5039
1939
9167
4162
1483
4895
2259
5342
8817
8412
863
4429
7232
823
4753
5345
4190
588
2868
8813
3794
7818
4642
3804
4799
4063
6919
274
8574
5363
4221
1739
3239
9457
2057
2207
5899
7360
4994
9399
7248
1296
5801
1433
7146
1023
6121
1102
419
7019
8557
9957
4231
6930
712
881
2462
6101
7477
5517
5014
2843
1611
9440
2797
9474
1020
8139
8392
7824
3867
7552
2755
1367
744
2156
6518
5815
186
5221
3344
4126
5912
8431
5986
8810
595
3927
3162
415
2611
7075
9338
1876
5900
1809
9717
7880
5516
6075
2454
3410
6532
236
8781
9622
641
1341
2695
5475
9111
4248
7289
6457
4585
2270
1688
5240
6023
3524
9736
9299
1620
9303
1358
4612
6594
7120
916
8009
5005
2515
3258
3772
353
6129
6227
8064
6968
334
2963
4775
1204
7197
8882
8992
1909
8935
77
9998
9848
5066
7466
9924
2925
7710
1590
2045
7267
1075
3438
9944
18
9814
7830
7808
1524
1826
408
7625
3985
8051
4476
6374
7413
1703
7776
8008
3280
8877
3669
5217
9867
8223
6471
5879
8466
1195
2854
8292
5458
1212
8421
8265
3039
3289
7359
3091
6162
5587
4385
790
4911
2658
1031
4133
3551
3097
5607
6564
2574
7989
4996
3669
9170
2309
4192
7278
7990
6995
5842
5436
8275
3649
6927
6273
5610
9183
5720
2952
6384
4265
9792
7225
7142
2396
4841
4136
4788
1433
3258
2104
1458
4658
1742
5421
7811
226
9835
5487
8702
8265
1806
8203
4698
9237
384
5939
8885
5324
1079
9925
2129
4294
7564
7641
8076
7271
1748
3875
5754
602
8125
9625
9425
5017
1399
1503
8417
6424
7020
8990
8318
4370
2861
1091
875
284
4779
8931
9605
4533
1823
3324
5017
335
8854
3479
6323
7047
8621
4554
1956
1503
1572
3306
5550
782
7394
6397
6640
7213
2966
6701
5369
9346
2933
7913
362
1161
8532
5125
3981
7886
4755
6578
2668
3512
8820
5785
143
9279
536
6144
1526
1214
6389
2767
6511
4468
1221
6604
8260
500
7661
7970
1028
1308
2920
272
2764
6770
8704
9486
4290
9914
3849
1659
1406
5
6698
7890
69
5428
4728
5562
2628
9722
8897
3324
4309
8959
3330
864
3009
3280
1318
8000
9122
8020
9899
7502
6372
426
6290
6433
680
8254
5027
1371
243
1002
5211
7526
9817
6057
6099
5708
7666
5367
4846
9926
2279
9044
3550
1852
1404
5863
3828
91
3209
9887
2434
5541
5686
421
3503
8931
7442
2269
9622
6853
544
2188
875
745
1391
7891
7724
6810
453
3385
2527
3200
663
4599
4862
4005
999
8428
2379
600
7115
5585
6401
3626
2806
9655
8378
1414
6389
28
7511
8478
6152
6349
799
4448
4698
8885
8326
6743
7343
7620
6153
2014
1418
6555
3172
9295
9304
6083
1888
4234
9964
4861
3148
5329
5592
3940
8535
9328
2804
1423
5272
1018
7311
6466
8618
5310
7967
3396
5703
5545
4166
8988
9167
7205
7187
3700
2085
4542
3410
6256
9254
5845
9138
5048
6407
5774
3344
5264
6859
6964
3093
3160
1326
5853
6809
7328
6928
8952
8770
8196
3457
8770
2525
9941
4037
4519
311
1319
6501
6678
4393
9175
6658
2430
5950
5685
598
244
6419
5487
1865
1911
9594
6510
8797
3802
986
7625
9798
1168
7862
215
41
3415
3656
9203
2240
8730
8842
7016
4856
8602
321
3387
1383
3512
8327
7672
6125
5449
8083
405
8918
4283
6967
1251
6296
4999
4598
3410
2592
2924
5392
1620
4755
1611
9083
4266
2356
6962
7056
7434
9249
5824
4031
722
3050
5383
1599
535
2415
5823
182
726
6261
1494
338
6971
5493
326
9730
1904
5520
1999
7091
7549
9699
8772
5051
3470
5651
8722
1212
5938
3270
7209
7621
8991
4414
2783
6427
8803
8770
7898
3743
4230
1898
3340
8780
699
6599
4364
6800
3957
1932
3806
1205
1062
445
9508
1050
8419
8019
1373
626
1059
5946
7468
7257
614
5111
789
1071
2867
6728
7952
9874
7545
2458
4511
8556
6215
7937
2732
6790
2407
1960
9804
1623
9940
8197
704
4958
5037
3864
5146
4120
7666
7984
1980
94
7915
9098
6027
2670
6232
4711
8531
3716
179
5736
5
6276
770
9785
6348
5559
3544
6439
6029
6352
683
7023
4251
4842
496
5525
6282
3536
8210
3069
524
5160
2578
3962
5272
7469
9017
4177
7448
8679
9800
9689
7137
9241
2544
5937
1838
9511
8126
6189
2741
5826
3422
3391
3163
2914
8784
7358
1491
4399
8328
2518
7137
9067
5551
7579
8893
3567
4200
5355
1059
97
5309
5232
456
3695
3623
4958
8055
3226
3739
1567
7961
9266
7682
3608
4770
7098
4850
3464
7016
6472
9816
6749
4143
1211
1799
6770
5344
8153
3881
841
8
7396
4804
7121
3260
8489
6536
1044
507
1141
1173
7376
6587
1827
1754
6272
1765
5558
6440
7366
9821
9568
4437
4583
6090
3677
1036
3171
4964
9967
881
8767
3851
6502
6754
9713
1075
3148
9849
9975
9181
8618
9439
9813
6114
7899
1163
729
9384
731
6407
1821
9751
8315
4035
7720
5157
3460
739
5697
5757
837
3987
3841
8959
890
5243
2563
1729
6619
3790
4683
4290
4239
3036
5249
7103
6139
3448
4329
4207
6316
819
5855
5689
3244
7959
1028
7157
9395
4880
7520
384
5966
5028
6195
4489
6389
1940
2668
5624
555
9386
500
9054
1479
9634
1864
2024
3498
7446
8258
1677
9180
5777
2067
5399
6120
5845
847
2910
1280
5063
1396
5936
9774
7704
680
685
1929
9439
9375
7086
8688
8594
1782
8517
5254
3636
4063
1552
8954
3480
4057
3479
4225
35
203
8421
2531
416
3692
84
8415
221
4098
4929
491
5410
5046
4302
2284
7810
7696
7782
9790
5225
8213
1883
5152
2870
2441
2875
16
4403
6962
1873
9694
8095
5467
888
4256
1180
1905
9467
7506
6692
9198
8263
5575
9191
6671
8258
5808
7791
644
8516
2264
4036
7076
4403
5290
6700
3835
1006
8943
8490
2497
3759
3560
2743
535
7859
660
7070
4417
3590
3646
6049
1659
3863
7095
6442
3593
3803
9579
971
7263
2029
9491
743
2505
4675
38
8073
3272
2908
2540
1298
970
5477
9409
7249
5812
6763
3506
1994
1631
6138
4296
6953
4429
932
7678
9615
4214
3278
5072
9323
6979
8884
3282
5605
6918
2429
5434
643
3300
985
3563
318
2384
854
6239
6879
4342
114
6208
9203
9072
7355
6339
4750
488
834
5601
9451
7531
6334
2995
4290
470
7069
3498
642
6864
4310
6329
2653
5220
4921
5695
9539
7497
1879
3157
1959
2256
9342
8384
8574
7033
7405
7091
5109
5009
5350
2340
5506
3932
6737
9609
5491
1564
8205
3887
6771
108
4865
8535
4827
4859
5585
6493
7621
1048
6268
6102
1195
2934
5186
1206
9182
9804
4099
9196
9859
396
2499
2778
8375
3805
1689
2196
4260
6344
7591
9620
108
7932
9987
2936
8801
4974
9044
3897
8807
8432
4825
8664
6417
3052
6499
759
72
8206
3858
1362
634
4012
4333
2472
4623
4834
9035
6842
2199
8014
2623
3758
9008
8821
8273
7296
1315
5712
2646
7062
3805
6439
3121
1263
1355
4231
2787
1239
2799
883
1630
1225
960
2437
4056
4866
14
5343
635
78
3890
7075
1401
6353
7571
8171
2125
2868
8005
5349
5932
9817
4220
4591
138
6189
9951
8331
7992
5354
3112
1471
4171
6630
6263
9484
4169
5563
6134
6328
6317
9060
9896
9962
650
592
2714
7618
8667
7750
8491
34
3352
5862
7896
7853
6630
2904
2352
7403
8950
6323
1574
70
3917
923
437
5076
4883
1016
8030
4001
7652
3856
5676
2183
181
8880
5689
9453
3921
6812
8233
2858
9249
4576
644
4533
6121
946
3138
1067
4015
9783
9678
6123
9047
5854
8445
721
6394
4397
4536
1149
5957
2726
3764
9791
318
1493
4595
1602
7729
8361
9107
2882
8280
8700
6053
6491
2665
7697
9128
1120
5561
8233
9620
9940
9550
8354
1138
3144
4003
349
8552
9826
4580
4234
7123
4534
3977
4098
4989
5795
3840
4801
9326
6189
5283
1678
4382
6179
7704
5512
232
4509
1815
2687
3899
3987
1366
2220
5866
6268
4384
2333
2723
5554
133
1281
4829
3694
4539
1628
4058
5494
8850
8024
9372
6896
9765
5929
5076
8001
3707
6539
4469
9078
8797
3210
5063
5534
8291
9214
4952
1362
3896
6273
6941
3938
3292
1966
950
2670
6487
4663
3967
5117
9946
7971
2002
190
6178
2674
5658
5560
8662
6783
7923
9440
7952
7489
8925
1639
1017
4941
7135
125
2492
316
2201
6774
6780
7093
81
5879
1841
1094
6879
2670
7870
7812
3412
5323
5182
1741
3173
9454
3821
6086
5094
7374
4947
8406
8737
8451
3115
622
9589
5937
3330
7251
3451
2450
1162
2490
5268
7711
2190
1374
8207
1915
560
7585
6023
4284
5150
5629
9432
2966
292
9254
8770
2485
9450
5054
2022
3542
3214
8692
2077
6163
7981
1274
3384
1386
2282
6209
818
4506
4497
803
7074
8761
9189
4573
8653
1364
2085
7207
5160
4531
4542
2961
3131
4552
8906
9116
3776
3620
6822
8771
7099
4503
9217
1060
4404
2930
7456
2430
3727
3866
3582
5400
413
2732
6769
5788
1019
5575
6952
6255
6056
5402
4512
5693
3541
731
9638
1029
2324
9745
6102
8527
7587
6159
226
2598
3170
1886
3311
2950
6479
422
7433
1170
6979
3464
9143
5314
5750
5850
8713
7752
2349
9616
3566
6174
4980
803
5474
6109
8838
4273
4020
188
6121
2242
4101
7379
9799
9202
5084
1595
214
4447
4599
597
5945
2417
1260
3747
944
2736
5726
3607
6619
6327
1659
6710
8236
9972
5714
9512
5865
4488
2658
4782
7105
7793
3533
4129
7878
9585
6747
5539
3864
4107
9947
3476
6355
7722
2181
1684
6734
174
8250
9775
7813
5396
573
9498
4609
6192
4139
6569
5874
538
6853
6618
3166
6354
5246
4817
5364
577
2464
9409
1769
1502
6025
9444
4676
8713
9011
8823
8613
9991
8370
1285
5423
9931
6358
543
4727
2093
6416
9381
6100
8426
1057
7123
998
5448
2749
7050
884
3012
8879
1705
9150
6106
1974
377
6992
4656
1469
1714
2183
4848
1161
8189
1614
192
443
3015
9650
1679
6789
4063
6116
8942
9753
9997
9404
8600
3005
7086
6459
1184
3451
5088
7817
1766
1685
6246
3756
341
8885
9000
3738
124
435
6715
9862
5398
7952
5400
7718
553
462
732
8053
9064
2050
5724
1509
3685
6018
50
3740
5335
2553
7896
5279
6739
3034
5440
1884
5866
1489
1533
2129
2495
3028
1218
3434
5139
6440
21
7463
9167
4320
5904
1436
6477
8753
4564
5523
9700
7265
9145
4780
8318
1965
7783
1252
1767
137
7594
4947
1524
4259
9174
6591
2046
4961
7815
6607
7610
6440
4595
2618
9590
6046
7630
6077
4802
4679
793
2251
5272
5868
2745
7390
5529
3611
8463
5804
246
5735
4537
6118
8647
2223
7045
6810
7292
604
7869
5032
2174
3364
4036
9409
705
5229
1291
395
1929
3467
9072
8577
8293
7513
1555
8551
9004
6454
3046
9500
2899
9175
7393
