185
292
273
874
129
940
981
156
31
655
523
720
855
73
537
604
510
706
617
417
695
855
441
407
120
525
0
303
843
460
595
876
368
895
446
911
632
508
286
38
956
764
762
673
444
472
434
929
539
565
536
268
32
742
891
153
911
518
443
940
750
86
398
727
556
545
977
806
427
289
818
85
950
989
794
360
70
98
216
614
287
243
777
51
775
534
451
569
318
300
768
283
928
85
881
677
952
862
616
467
79
456
927
604
322
558
934
946
201
867
551
241
52
133
975
962
224
506
557
684
703
621
548
749
910
741
125
26
263
451
878
593
663
533
695
375
602
508
995
179
570
230
315
277
423
73
238
189
128
661
549
228
312
789
962
225
747
338
689
202
71
899
511
372
896
828
127
218
964
594
836
30
957
857
64
423
444
267
786
423
3
629
54
879
795
223
87
681
484
575
576
946
435
619
528
794
173
761
75
353
850
229
493
992
101
895
633
969
768
557
328
732
460
644
957
16
589
447
261
962
724
610
269
532
975
182
139
765
403
448
702
321
314
936
298
221
215
531
803
521
709
110
811
194
592
592
774
11
187
10
882
31
840
469
965
270
375
736
207
18
862
349
102
324
862
295
447
224
974
786
274
434
880
655
335
419
50
259
781
572
143
491
386
325
980
741
788
627
471
86
645
116
729
468
109
968
68
775
153
158
183
193
226
727
910
166
441
196
14
690
142
727
447
254
135
272
643
991
757
927
763
683
939
544
760
912
312
952
166
91
483
906
253
818
134
199
17
615
76
432
450
769
324
161
974
120
967
27
73
261
782
438
695
636
76
546
880
7
794
144
290
176
10
586
893
178
356
355
807
508
180
860
359
252
740
244
135
836
989
563
275
380
697
380
823
148
772
509
557
523
257
388
986
377
217
776
90
621
894
72
970
404
133
284
980
959
210
606
80
175
629
268
69
168
755
750
807
47
176
638
266
705
743
392
908
138
236
8
49
287
176
147
856
600
396
347
323
837
945
914
732
68
236
530
546
149
31
46
531
266
914
465
923
654
689
649
955
280
991
207
325
556
144
438
60
110
196
550
896
892
471
436
438
832
389
144
271
406
339
354
639
648
272
873
701
484
763
546
235
278
558
977
139
887
920
855
65
570
113
617
888
687
62
56
644
78
708
114
287
297
481
213
367
118
894
35
276
160
657
511
903
849
46
842
294
446
445
521
909
607
416
631
766
65
307
939
521
138
262
262
462
361
182
715
31
63
895
27
755
622
38
476
453
308
578
573
51
467
931
544
114
265
179
413
455
447
298
535
553
217
341
478
346
33
62
224
107
487
222
596
631
641
919
653
176
867
23
287
70
116
278
913
670
477
328
367
463
582
942
538
744
534
727
198
708
558
877
729
432
491
594
371
171
399
944
406
556
483
839
219
306
563
722
990
444
702
291
864
641
336
261
175
945
30
912
860
899
461
398
872
880
887
972
460
76
67
517
899
301
343
600
566
331
541
34
901
104
152
334
213
9
186
449
970
458
451
274
530
824
48
22
507
872
773
274
898
741
944
481
785
655
372
518
524
550
838
67
49
493
240
223
993
284
504
815
567
46
372
515
228
266
588
17
221
300
435
967
434
915
604
9
19
294
797
587
57
783
322
681
582
89
313
442
738
750
22
946
187
985
531
334
352
651
869
387
610
41
901
543
103
314
49
265
421
798
71
317
144
913
429
831
696
911
560
793
385
18
616
456
496
63
500
424
503
807
375
431
710
593
118
591
423
908
364
869
547
579
517
679
53
849
955
339
419
939
552
626
621
781
673
491
4
372
931
948
600
699
550
331
61
82
498
626
979
784
545
81
529
401
499
333
334
730
664
999
107
673
958
616
984
506
447
880
330
996
533
150
325
915
621
17
804
902
134
396
218
240
60
896
60
284
22
316
533
617
72
712
661
269
597
695
623
830
212
99
534
251
614
282
747
954
218
957
701
786
213
426
270
168
593
399
398
592
441
183
639
721
470
562
284
523
257
428
526
132
526
55
28
709
961
420
214
268
247
509
382
347
924
438
924
397
924
490
525
689
904
730
951
415
296
544
540
543
207
826
816
865
415
866
656
831
50
361
889
990
514
604
674
332
614
23
344
587
585
757
612
763
312
578
970
486
624
432
249
509
522
77
810
64
316
742
894
323
165
476
513
820
245
117
101
992
159
766
869
741
948
836
751
234
60
570
68
467
11
284
215
121
111
953
319
910
818
760
923
870
568
522
265
953
469
517
68
237
868
856
976
104
552
450
834
