9341
7029
2690
8433
1958
3654
1229
3351
7206
7243
2662
9825
4205
6727
3906
4954
8725
95
6797
3707
8656
6090
8779
245
1822
1448
7478
1261
7195
1259
8886
4
1429
1526
5502
66
2347
8144
3171
1167
1712
2629
1016
8478
8607
7146
5412
3382
6617
7514
6533
845
3290
6674
6334
4819
1721
8230
9996
6745
1950
8686
1894
4445
3198
3440
771
2691
3841
6411
1541
3153
2005
3949
3715
4823
4443
5634
852
4073
3663
3705
887
3978
6774
917
5280
4343
192
5773
5021
8317
8668
6784
2518
3751
5643
3689
8227
2681
6620
1482
3191
4194
311
2856
9082
1233
3557
8579
5253
9208
3356
1872
102
5349
889
3061
7140
4146
7334
4401
7580
7739
4203
6757
6633
4584
2720
6483
7203
6614
7457
6193
5310
6182
2634
698
3475
577
4946
914
7580
5958
5876
8419
3224
3762
8567
41
7182
7083
5360
3430
143
6073
7166
1810
1684
2033
5171
4739
9878
1840
8754
2165
6845
5376
4275
3447
6448
2378
6308
434
1227
7768
8794
902
5935
8613
5973
3634
1971
372
2305
3760
5384
9050
6536
7755
8202
6393
5317
3262
1618
4777
2644
5130
9400
8725
5430
3571
2934
5504
2464
344
7560
8226
1298
3725
7904
3267
293
1782
1637
5026
5790
7123
1468
9074
4271
7475
1631
594
5357
8822
7385
8535
2652
451
932
969
6678
1490
4249
9463
5850
6439
2294
1239
8481
6235
2782
1486
1805
57
2347
616
1226
4322
5182
6613
7510
6350
3319
9329
1213
6256
3360
1790
2300
8644
3379
6111
8071
3975
3404
7763
359
5347
3034
8268
8331
454
8783
6044
9759
4046
5366
732
4538
7427
9348
2808
8433
1408
8167
7209
825
6864
8283
9808
7642
2849
395
3324
9182
2136
5605
3401
8201
929
598
3621
9475
9312
8949
7552
3488
3657
9036
255
5809
4472
96
9709
1828
7790
7921
239
6934
9306
5533
2962
7544
5487
1712
868
8159
9991
3990
6539
5397
6324
7856
7750
6350
6414
7669
6414
8277
9407
1808
504
3796
8247
4647
4442
2195
4476
2764
3751
1719
2673
8460
1161
9916
7682
3140
5386
9853
6281
7732
1487
5008
5105
588
6850
1471
9829
7698
3242
9968
3203
8310
9833
8535
1106
4365
9106
6673
5437
2313
8116
3233
4763
6442
8472
4616
5164
7677
3683
2957
8627
8210
2344
1692
5243
6668
3165
5947
231
2482
6856
1767
8409
8242
3991
4941
3998
325
5545
5748
8293
7630
8219
2616
3594
5276
9891
5954
4244
2238
3522
6338
9159
1190
7818
4831
5958
5526
9709
8981
7673
8167
749
2349
886
6409
2757
7210
5039
9445
8691
7071
3801
5342
1648
5935
7652
7221
3966
7404
1547
92
3389
8849
6154
3298
2009
3915
4551
5917
7572
4674
3391
6326
9963
7237
8238
5710
9160
7731
6889
5823
996
6934
2844
8173
3222
1402
8427
1723
7437
380
5591
8921
3846
2797
6192
5579
1786
1686
3409
6678
6710
9701
9548
8131
9016
4069
6515
5734
5796
3276
8272
8312
33
1341
2498
3135
5794
2030
5461
6864
2084
3461
5772
3643
3393
4667
1373
3109
7167
6706
7945
9443
3913
6403
3078
4770
7655
3008
539
7955
7372
9352
4168
4931
3532
4728
6768
713
9832
7311
6260
7721
2776
2026
477
7558
2275
1262
5301
6148
3022
3685
7410
698
591
5807
3680
3910
1180
8345
8026
7483
5893
3595
3925
6214
5835
44
169
9694
8459
9520
4253
1802
7595
113
8974
140
7136
8507
4123
3835
9178
5121
9344
6734
4924
5246
3341
4036
2252
7014
9219
9521
6531
27
746
115
833
3771
9506
7715
2352
2566
8916
7862
9299
1853
7011
9523
3628
2150
9045
9423
9959
2460
552
3348
7606
9555
5427
9552
7385
2874
7498
4266
6137
585
8973
319
8082
9610
4846
6506
5243
2756
1101
2627
1555
9602
6066
9726
7162
7346
7541
6980
7673
9513
3597
3039
991
387
1636
1870
217
617
3732
5577
4332
7531
6512
2334
4594
8861
2465
1913
9535
3999
1612
9123
6383
3539
6428
5409
5263
9331
8753
1646
116
8091
3348
2355
907
50
293
8562
2286
2742
8900
9026
4400
5829
5065
5940
1558
4056
4160
1316
6049
330
9316
91
7452
6070
295
4897
5230
270
4875
3120
3661
6856
928
4036
1872
7235
2635
7551
5054
6967
463
1833
3240
9099
1722
1652
7680
4832
3935
2301
3877
2874
875
3134
5388
2286
9510
6257
9884
2471
6728
7167
5078
483
7718
247
1312
1610
5832
6666
508
5071
4168
4066
9241
3791
5784
3539
9222
439
1184
9562
6254
9538
1763
3650
3541
2527
8846
2597
4973
5329
5324
2240
5301
2992
3113
7775
31
1373
7537
1879
5580
8402
8787
786
5559
9640
9655
7941
5835
7458
2073
4798
3713
9271
7026
3017
1162
1821
290
2994
2773
2032
316
4116
4493
579
5037
800
5202
6829
9178
3610
563
9284
8181
5453
8613
6440
4827
6654
3907
501
4702
8621
2434
1628
5210
8344
1631
604
9222
6411
9239
1882
1737
9314
3778
239
8807
8335
3245
5184
6054
5366
3347
2985
7921
5221
6584
883
9368
1553
7602
9749
9762
876
7988
86
9328
9235
4456
7728
1599
4900
9112
2496
5930
4620
9096
5322
7802
990
3476
1354
2667
3152
4834
2629
3020
1968
7588
3246
5906
9908
2812
2548
7689
1070
9820
7961
9113
2462
425
8397
5729
8721
6459
9272
2866
936
3604
6871
8842
2419
698
9038
252
2748
4627
9260
9273
8977
7852
5068
6525
8553
5158
8200
1304
5463
9229
1592
3943
8252
7958
8039
3294
1815
1285
2966
5893
2296
2072
826
1260
5618
8564
5121
8604
3982
4378
4034
5708
5932
3349
7634
6396
6869
7378
2211
7650
2508
8092
8967
9903
8946
1540
1106
7676
1897
8874
6413
5590
5552
6666
5735
2436
6605
5525
3382
5649
9354
1419
5435
3354
4166
3058
5908
3381
2267
8758
2795
4507
223
2029
8315
5493
1156
4182
274
575
1723
9789
2082
3339
7942
2957
2674
6084
1082
4259
8018
9405
3299
3562
6044
6054
3041
281
9749
3658
9889
8661
9666
9624
3942
7012
1192
6188
1238
7375
7996
2282
4161
3427
3225
8054
5436
8949
1903
5250
5756
975
1752
2293
2030
4316
9607
3957
9172
299
6810
2385
3993
1155
4142
2861
453
5012
7425
362
492
6021
9266
6737
6544
2352
452
3580
7911
822
8210
6290
8184
1856
3885
541
7791
1971
497
4458
8656
5839
6486
4972
8024
3621
8705
1053
6030
2146
1722
4866
153
6252
2153
3753
1659
9111
1098
4658
3339
9925
3935
6487
5745
1128
8341
5929
5450
3573
766
2297
3099
5351
13
3392
18
4813
1649
8492
7479
3025
4025
2919
9762
2822
6021
6021
5191
3965
2925
8138
7980
3652
3259
2789
427
860
8003
8045
8098
997
4995
9687
9464
5576
677
3921
5866
7729
3889
9310
7747
6918
9759
7198
8843
8457
8331
6122
6150
5094
9809
6425
4525
281
4296
4177
2746
639
939
9005
2156
2855
8146
9367
187
6678
287
2739
501
6387
4372
7112
4679
3637
66
6044
4791
6407
7373
8186
3886
6885
2715
4275
1779
5111
9755
9614
6883
4247
3730
3149
668
6623
6752
2158
4296
3668
2002
3914
2472
5785
1440
286
6102
4754
6518
9459
5020
5910
9936
6044
8898
7183
3455
2411
7826
9490
7032
6929
1432
4581
1276
7313
694
1186
3106
143
6084
3111
2239
3226
7380
9286
4536
1858
4404
2912
5935
936
588
1673
3017
9538
5639
9784
8336
855
4606
3982
9828
2813
9488
48
4652
9852
9582
5954
890
830
322
4226
7053
3686
128
4590
8224
5851
3925
6468
4975
9071
7868
36
586
160
5600
1427
4594
954
2331
3471
5425
1862
2444
954
8022
7412
2887
3109
9357
3168
9495
9866
5837
6772
8719
7270
7499
6410
5822
6561
6717
2300
8992
1739
4281
266
7793
4981
7658
6055
28
1817
6196
2145
5970
4792
7503
8683
102
7358
6112
7369
6629
947
3958
6294
1460
7344
815
7909
6817
1532
4299
8835
3851
4195
4680
7013
7630
5106
5660
1956
6614
4929
6898
7233
9701
461
2475
5910
5679
5169
4917
1995
274
5344
1898
2578
8436
7074
8991
1600
1781
3769
1965
9848
6419
9422
3805
2709
6027
3069
3019
7747
6461
554
653
43
9913
7854
733
4202
1510
7874
7522
4860
2242
6598
2381
5498
963
1791
3599
7693
7355
6475
5064
8542
9914
1490
8074
4349
5965
1211
4924
8201
5365
6488
7082
8674
7811
8143
4330
9657
5647
6949
9561
8480
1143
6137
9428
2547
6132
1947
7715
5763
7657
9351
8255
843
6165
6914
8965
6865
8327
9264
5346
3035
8305
4687
9118
5946
5381
9427
4661
1528
1533
3295
1424
1098
9639
3549
3619
6577
3932
2794
8719
7043
5618
4193
1863
1025
7591
6322
3184
2853
8846
4911
2434
1227
1382
5555
6555
808
3094
4975
2835
4139
4421
3970
2250
1454
4773
7541
5645
7624
7696
9744
1703
6819
9098
8460
3604
9782
2438
7318
1489
7774
6213
5261
9199
7758
1640
8952
8295
1679
4343
6695
5511
4725
59
228
9018
881
2837
6021
6070
9948
1586
2306
5055
5063
6165
2413
7641
1004
3444
1315
7835
3520
4816
4445
2398
8103
7675
1043
5780
8964
7278
4030
742
8204
562
5016
6758
1846
5564
3091
8787
6801
6006
8290
43
4450
7160
6920
9019
4520
7190
1563
2705
9214
4179
8356
8722
556
5299
439
664
4906
4062
5385
1043
6099
2688
6114
3025
8417
5437
8801
6216
6635
5458
1062
8239
5688
3094
8480
6237
4846
400
8804
3129
4972
3026
6582
9056
5488
3987
2887
7318
9910
2235
7548
931
6045
5863
8743
6335
3175
2204
5956
9960
814
5256
1649
6463
9406
8004
4106
2035
1426
4213
4465
5926
5598
9106
9591
9100
6903
5680
1737
5793
3498
6217
2362
874
8160
9916
8521
4147
1452
5934
1311
3208
4525
5293
1191
4160
6167
596
8698
6787
9352
7307
7830
8588
6298
3638
4874
889
1876
3422
5057
1647
797
7261
4920
6651
8334
4451
2830
6691
7554
2085
1239
3179
7438
2533
12
9236
5751
9724
1459
8334
4276
6852
4407
686
1153
1523
3876
6091
2284
4241
8529
9731
6352
8010
9946
4058
9340
7919
9816
7634
1840
9479
3552
726
2019
675
1621
9856
7395
6320
3994
7147
3338
8453
2856
7378
6201
8059
3288
6551
9828
1741
5950
8496
9017
1989
643
5500
6975
5510
2285
4244
2599
1224
9197
9980
4305
3021
6036
1176
4702
4818
5427
7915
285
9330
286
7083
2693
9540
1723
9313
3470
1301
909
972
5932
6752
3848
7461
6841
5914
9104
2509
7853
6778
9299
3394
3404
741
3455
6145
6925
4568
2977
2821
6483
8590
5291
5037
3066
5762
3457
1724
9103
7566
6065
8138
2972
3729
476
7848
5231
6912
7845
6337
4662
3203
7477
4939
6025
7056
7369
3133
3155
9781
8617
5835
3534
878
3013
6300
8859
5591
6606
893
4459
892
5502
8030
5373
908
4853
7049
4164
4299
8721
9012
9284
374
217
8700
4330
1282
9782
5745
2885
6893
1182
6801
3556
630
3215
2876
524
5401
2965
5111
5302
7154
3736
9948
100
3027
5813
7102
5246
2465
566
6842
7566
2680
753
7513
1523
7150
3050
3106
2182
8453
1862
3852
3767
8890
4285
8529
2834
5835
1339
9630
3220
5446
2259
1688
2036
1100
3984
4440
2144
3716
6234
599
9813
907
8177
2404
9002
8986
9353
5970
1642
896
2307
4783
6028
5198
8243
9471
9345
2513
7123
9816
6585
7370
5572
5525
7586
2010
715
894
4590
4665
7456
3615
4959
741
1135
8436
3938
9576
6920
7910
5494
2498
841
9343
3399
6629
9910
1802
7051
480
4434
7830
3928
1523
4749
6281
1840
2977
9658
5425
8299
6900
3580
2262
8400
8746
6604
5931
2895
6716
4570
4083
7069
5216
3869
2368
4476
6500
4376
7654
5638
1643
844
3871
1431
1333
4964
2727
8693
5286
4465
7768
3709
6472
9778
4976
6282
236
9631
2573
596
7804
2194
475
7059
220
3619
5125
31
6447
6751
6199
7734
9606
5604
1876
3768
3619
1484
2835
51
1804
4675
9284
3334
2267
9126
8001
4420
6657
4618
9136
2711
3226
7798
4516
4621
1100
8383
3858
9316
8298
3982
6066
110
5734
6831
732
833
2274
5161
6961
6110
8359
6773
1948
4299
2239
6861
2637
943
8364
1090
7957
7562
4028
7641
6977
6799
3460
852
9245
6094
4729
4233
4505
7778
4365
7585
2649
6052
5367
6271
8518
8378
795
7898
1842
432
1241
1337
24
7233
4210
203
338
3618
260
3072
645
3371
8406
4487
6695
7731
9711
1172
3377
1735
8322
7389
687
9638
5603
5138
7044
6460
1293
2151
7258
2233
8604
7984
8247
7054
1125
184
459
5907
1718
9389
4070
967
5400
2443
1222
485
2337
5811
1886
7712
7334
6168
1571
2491
573
4887
5248
4888
2128
3072
3897
2762
2718
5365
8044
5848
4027
3470
4563
3745
6792
7878
5590
1783
7917
885
2206
698
307
9611
725
8706
2046
9974
6824
7863
9992
9904
4670
7360
2473
6953
2898
1399
9009
8012
8956
9190
6792
6416
3839
5376
8972
6221
3387
6030
4826
2281
18
5572
569
6895
7432
272
3775
202
9203
846
9895
83
34
4683
8858
5029
4218
9060
4922
9481
8540
8553
7070
7059
2690
532
663
1144
3112
8048
1058
2011
4439
1864
1382
418
8700
4062
3485
9881
4616
3860
7615
7251
4800
4570
3273
5561
7301
7508
1005
2993
5790
3543
3123
6395
8817
8833
1949
7674
3297
6274
8457
1310
7504
3227
5183
3546
6598
9665
5578
4391
5818
2669
3700
1844
2701
1635
457
1272
8038
2957
7229
4310
3047
7924
6250
4876
3279
7051
2882
7800
7529
3095
2275
1894
7330
863
1928
2747
2552
2924
2668
8439
3357
1100
2601
8123
6955
9114
2703
2903
2082
114
2592
8430
2924
9267
5367
1609
6833
6805
3689
1284
630
7748
8789
5849
8257
9193
6885
8583
3623
9731
4342
9230
7351
9127
9619
6922
1695
8193
4797
6362
7276
4982
7368
1212
191
7816
5295
7015
1786
9237
9192
9524
3611
1804
6801
7193
3599
6716
1737
7971
5464
9947
4204
4000
6633
2224
2967
4247
2014
5311
5657
580
2312
1886
9466
7652
2342
5448
1653
9817
5535
1997
6673
9674
4268
6755
2846
1547
5795
942
8122
3044
2157
7736
787
6576
1321
9629
2774
9156
8106
7989
919
730
1803
5470
602
6858
7683
2902
3245
7620
3268
1330
6200
1004
7501
5134
397
1938
4559
7570
5546
3981
1932
9325
2270
7363
1931
3056
5479
9383
9801
8777
4921
2144
409
2459
475
8258
2236
6166
9164
9116
588
1065
6163
5981
2338
1024
8196
6355
551
5627
798
2226
4088
2590
8721
5053
1906
1358
2317
5299
5181
8415
5541
537
6901
8391
7810
4385
8756
3837
3381
7988
2475
340
9364
9937
8431
3166
2582
1442
832
4975
2553
7543
4756
3119
4496
1
1171
7659
7659
9725
2299
8169
9358
4698
1876
5878
7636
8665
3486
2815
7708
5745
9462
8
2705
4652
7624
1915
6231
9826
9694
4352
4897
4512
102
1285
7216
2852
2273
539
9830
4455
6872
6814
5897
8311
2698
9726
4610
6144
5168
1326
8597
8951
9329
6953
2699
2275
1345
4460
9019
3464
5876
8147
3208
4881
5649
5796
548
2249
6609
2290
4338
6967
2119
6767
1384
5060
2905
8978
2467
25
6236
6512
5957
9977
4127
9658
6473
3161
6590
9171
2711
8856
1510
7357
8963
7343
3992
831
1808
8614
6887
4740
3234
3023
4587
8530
6177
1923
1688
3126
7737
3032
5464
3113
2159
5804
7189
2769
8590
401
6915
9159
5758
8405
2986
4672
8790
1404
6753
8026
8777
3356
4133
4981
3372
4997
7530
2395
7927
6827
1465
7949
538
7298
4551
364
4007
1156
7478
4657
3357
9217
5668
4953
4757
9748
9761
1057
6901
574
5039
5562
3089
2402
4722
5960
9714
8668
8502
8573
2191
9758
8112
2813
456
9
1565
813
3953
8868
2854
2093
6619
8444
2341
1935
7902
4185
641
1988
6371
3160
374
338
2031
6906
3696
3203
4025
7624
6405
5420
6892
1073
370
7592
5975
6643
7518
4641
3330
6353
7979
7115
1132
6071
5754
7709
7679
7543
2590
7756
4741
2510
5081
9958
4196
4761
5283
7464
8612
9790
3434
5133
4226
2328
947
7411
3469
9010
2493
491
365
7535
6662
6397
7907
388
360
566
5676
8259
3227
2623
9279
1093
1374
507
3430
3634
4432
3388
3561
1552
8489
1315
6421
1590
6678
7010
2428
76
320
4512
6566
9937
6030
1064
7366
6137
9377
7086
7447
8961
9645
6272
1157
495
7192
6020
5816
6811
9051
9636
2666
7668
9141
7538
2586
6688
5103
1978
6745
6292
6442
8611
2354
5356
4308
8881
4823
1800
7402
7994
6806
1492
9016
9394
3882
7970
9675
3622
3998
5029
567
418
7452
9581
6692
8719
356
9290
1859
6093
8456
6574
2575
1512
2948
6756
5839
4298
3771
8119
8904
5981
2988
9089
1870
5355
8755
6065
5515
2372
9148
7479
7081
9451
835
8703
3561
9837
4039
3399
6246
2703
1309
7167
2675
7140
3504
8620
8769
1704
5382
1529
4429
9899
2525
3883
2710
9629
5525
3519
9884
9410
9319
3379
1060
5315
1443
5406
1064
1121
6616
9148
8555
3974
3019
7609
7578
4986
3562
825
1854
2879
2283
3282
9998
7273
3182
1560
6802
6141
6417
2771
9410
5349
850
830
6108
7342
7711
7438
7637
7870
1065
6413
6519
7125
2887
3410
1768
8623
8983
3263
299
3186
3839
9847
5024
5067
834
1209
9846
7727
4430
1422
1969
6017
8994
5435
7335
8447
2636
1347
3796
4857
6368
8317
9869
4640
2693
1837
3409
4438
4010
6689
5164
1031
1238
9930
1653
9587
8285
2469
3831
8216
5118
3157
6877
5336
6057
9711
790
7548
6414
626
9433
4549
6481
2801
8482
1594
9177
6990
2041
8515
2712
2564
5588
7809
5028
7377
2643
183
2564
6094
3865
265
1575
4381
8250
3616
6061
2398
160
6216
7033
3214
2312
1670
6814
8540
8761
3432
6279
1641
3060
5499
1491
9932
8103
3011
573
7855
3356
2075
4153
1561
7679
5769
4795
3001
2412
8733
561
3019
4278
7622
3345
2074
1733
1585
6269
2579
1719
9663
722
242
2567
5729
8145
8588
8762
2531
3252
2360
3238
3794
2818
4714
8685
8491
2766
236
9415
4610
7338
6347
7439
3371
8793
3372
6916
5017
8657
554
4703
8257
2895
4110
6420
8698
3877
5769
5185
2115
5231
6400
467
240
9139
7844
1832
1843
230
1868
3072
5299
2955
3058
3229
4380
9382
1240
9737
2947
6975
5797
1302
6787
7298
5071
480
441
7267
8054
9535
4024
5616
4107
7033
4810
4270
636
6660
4436
8229
5213
633
2709
72
9347
9268
6123
3244
9328
3944
7970
6122
215
3007
3321
4767
3051
463
5362
384
8680
473
5190
8539
1677
5098
7139
137
4485
1140
8068
1504
5537
6391
8171
6741
7331
1961
6045
7278
9898
5077
170
9414
1349
4463
6887
617
4005
2165
2810
1311
4659
3330
3169
3686
8443
268
6400
1367
6868
6621
4293
3915
8205
7630
5770
8695
6166
2959
742
4322
5912
644
5936
1655
7426
6954
273
1734
5441
5767
1860
5172
123
5742
5357
2035
2808
9666
5492
1309
9901
6130
5325
1706
6614
7331
5861
7137
2192
6587
9082
5626
9856
8041
4935
5186
7779
9939
3467
1592
2163
3335
1669
6164
8659
5843
8702
8647
280
5152
3619
7214
8003
1896
1758
9264
6799
2744
2240
6951
8851
9921
6733
8459
6501
4745
2739
6953
5852
9886
2952
7619
7024
3930
1920
1730
9040
3330
104
6070
3663
8649
706
1950
2588
2834
8957
9202
3244
1667
5856
5821
1990
7348
1347
4425
507
3414
5257
5859
5680
4576
7998
8509
8250
149
6009
9506
9125
9458
2591
196
6289
3427
3716
4193
1257
997
6878
6692
545
9174
7576
8232
2219
2505
2671
7495
7974
213
573
3009
965
925
7519
9272
3415
5914
805
56
455
3413
3126
516
1874
7617
9406
5148
1329
4468
2069
826
2498
1110
1148
5915
3607
4563
1559
3579
7419
2635
4482
9417
1260
984
8273
3418
2938
5711
8200
1561
6298
3279
7267
5404
6599
7207
5459
6321
1382
3812
2166
1176
5284
3448
3457
9530
254
7302
7549
1687
1052
4058
9788
1198
7116
5238
4566
2997
1047
3174
404
2872
8754
4085
1544
6382
4162
9513
3335
9367
1852
2137
805
5025
7257
7582
4843
442
7427
1847
8870
3936
895
6999
1999
2212
567
3130
4019
7533
5330
9365
9055
5001
1074
5962
4714
6606
2937
7067
447
8863
4473
3302
8677
5210
6359
3262
1437
8190
5179
5578
9383
9850
9783
9447
5136
1504
9985
9817
6476
8120
7391
2286
6989
3681
8094
9523
3086
5506
815
6448
1470
5279
6159
3743
6764
6871
7777
1099
4731
7242
6394
1186
6866
3960
3560
1644
5827
7237
9344
9462
6261
5800
339
1367
2065
2114
9180
2980
8230
3980
264
3886
6969
5338
1875
681
300
2924
3819
2712
4921
9442
2035
148
3788
4191
5462
5148
5627
1783
70
982
6770
3362
1024
611
15
3042
2926
7424
1607
1297
137
3224
1283
7284
9112
1112
4923
332
393
5867
1612
6555
2459
5267
3065
6243
742
7737
684
4250
4616
4924
167
7770
7100
9413
5692
8293
729
6683
9685
1605
1332
6882
5840
721
8643
3535
8955
508
5696
1014
7352
7688
5109
4116
1709
6872
2538
2361
699
4163
6137
7389
8472
1412
9082
5571
9819
4813
1168
747
5156
1196
3807
4593
5381
4054
536
2482
6113
4160
914
5407
9344
3165
6519
8843
8524
1410
8120
3822
4155
8933
5422
7660
1641
1283
1694
9728
8481
7376
3384
8225
5815
3625
3789
1735
2437
9334
3738
2822
3409
1212
4085
9561
4120
7743
5155
4043
6169
180
5299
4094
6496
5188
3115
1246
9741
1580
7389
8367
1888
8706
9253
3331
7780
994
6802
4249
6357
934
6334
2399
3119
5988
7852
6824
9445
401
1277
184
2682
99
2991
5244
1999
2132
6227
150
3882
3283
8329
5414
3183
7909
1978
9317
7310
377
1026
571
4360
8104
6664
3632
9951
1243
251
9759
2698
6999
8586
503
8177
1395
6416
7467
219
9578
8315
2201
4066
9852
7848
616
7328
9295
3484
4410
5896
2771
7281
2033
2547
7714
2411
9678
1333
38
7638
9636
1211
453
8414
2507
1140
9640
6442
8257
5321
4489
7590
9499
266
3562
8476
4777
4631
5715
799
7863
6919
8131
2995
975
2585
5336
5020
4140
8437
2937
1585
7322
3549
6608
9229
3081
1653
6549
9106
9505
9980
310
330
3087
1366
1603
4043
6237
712
8645
3254
6863
1792
1039
4685
2986
8350
1100
4910
7231
5730
5752
3329
9989
1795
9259
9626
8069
569
6912
6442
3039
5817
6563
585
8633
3674
105
7400
1496
4744
9274
2198
1543
4021
4345
4289
4964
7
8500
3783
2650
5730
9782
9480
5577
2082
3706
2985
2754
3860
8875
5736
9374
6514
9606
3303
5631
10
3345
6807
8030
8731
5253
1523
6386
7355
2502
1445
2722
4519
7011
7721
9154
6999
7321
700
362
8957
1346
208
5061
3723
4955
5487
9620
4766
1635
1049
4770
1194
9118
653
5715
8579
3178
5296
9733
902
9225
6780
5353
770
5773
4680
3787
3574
6819
7168
4284
9624
1717
4113
8705
6751
3571
9923
9652
5678
6380
5891
1672
3390
6454
2588
9627
4455
253
2562
6036
4810
6728
3851
7371
3005
279
1833
9672
4932
8729
9720
4787
1208
8426
2737
8122
6167
489
1865
4610
7401
7655
2185
7845
7978
8683
1482
7802
4808
8979
1004
802
8203
9157
9524
7501
4283
7412
5536
2893
5619
7486
4008
3011
721
8866
4419
7942
8278
9839
6963
6738
2928
1751
7358
7052
4577
9794
2602
3892
6860
1023
612
1811
5916
7733
4636
8068
7313
7016
8321
4751
840
9576
6933
8496
6037
4179
5308
5174
9472
4106
887
9768
5481
9168
1575
802
3769
8719
9152
8557
2647
1413
668
8556
6675
5500
9576
7378
2722
56
5935
6754
1703
3145
5969
8942
2410
3952
6896
5825
5560
2877
8695
4888
8583
3719
3768
7354
260
4325
3968
8457
9627
8266
3096
7137
4530
2830
7435
1773
7283
7894
4927
1929
6420
5590
1586
369
9988
8317
7858
696
4356
8670
7161
4198
7135
6495
7364
793
1288
2810
878
8444
8751
5537
5613
7717
799
4430
1017
7015
3223
3576
6628
1576
2115
4450
6331
7613
1462
7630
7560
5618
7078
6927
4816
214
1300
4508
4144
914
7223
9440
3391
9594
3428
9550
3807
7564
5740
625
3078
7590
3970
9634
4516
4692
8935
7219
656
3591
3300
3192
8579
4385
163
5925
3056
2044
3147
6770
7103
3994
2822
3644
6565
7735
1376
5717
2210
1243
3310
3915
6646
4396
857
4374
2432
2833
1942
1755
8933
4305
4531
2718
3610
3545
4960
3556
2270
7484
4343
710
3894
1797
2569
210
5526
520
1959
9163
4297
8966
3082
2512
2222
6703
1791
9162
3487
5890
3666
3727
6798
8032
870
2388
7599
8015
6191
9424
7260
5562
5788
1307
345
1334
7604
9365
7029
3103
9100
7299
9593
8576
2402
8084
4240
3442
5353
529
9811
5068
5265
9251
4224
248
9106
6351
5334
9350
2645
172
9328
7706
6287
9750
1851
9217
267
6490
4022
8849
3347
769
2533
2990
315
6138
1586
3224
3338
7872
5697
5826
5509
8203
9790
6382
2362
98
9685
6867
2166
2014
4253
5585
6931
1161
2018
7835
8466
837
4205
4051
9504
1066
5603
4787
8072
2375
5607
8423
9542
8682
2540
3561
4035
4490
3515
9492
4546
9409
3390
3994
757
136
9511
1345
877
3610
111
1400
2252
5642
6175
4023
7065
5441
2468
7204
7759
1551
291
8658
6994
307
4457
2900
5007
8885
1709
4704
7695
9649
7045
8414
9512
5182
7394
8175
592
6316
1305
8411
4687
4413
6734
8626
4319
378
6335
2404
2099
3382
74
5773
3313
3711
6524
5960
9629
5168
5911
5044
6612
500
9696
2036
7538
9446
6546
7727
8736
772
2898
2232
6797
5217
384
9289
8104
6953
1814
1432
5895
2719
3328
8220
6280
9299
9225
8936
9073
9647
206
6741
6277
2944
6560
5567
2710
3778
9276
4214
4626
3076
6031
788
4940
5483
1864
8974
8983
9219
1198
6980
4321
5823
4426
5858
4826
1089
8227
4825
5311
7766
740
392
4919
6265
1132
5747
6538
9623
1058
4550
809
5410
2691
2483
1438
2095
8042
4599
4769
8123
1546
7834
6227
9146
2427
3477
9291
4720
6718
7182
5195
5848
5503
6303
7022
9873
4406
5302
9680
7177
2986
7877
5098
6018
6067
6776
1144
9425
7450
6982
5017
5749
3343
9793
9027
9620
6455
5544
2640
4737
6720
3788
5961
4394
2658
992
6589
7182
4963
3785
637
9740
3703
8293
952
214
2803
3688
3166
6996
2812
417
4675
9685
2801
955
355
1105
5938
495
8108
1258
6603
3927
7628
6640
9136
3389
2104
5923
6055
1970
5910
9475
1581
747
5207
1668
4006
7014
404
2510
277
6250
9652
1232
195
8892
360
3284
4832
3678
2404
8494
3939
162
2362
1374
5904
5852
6339
645
8949
9013
6157
7604
6384
7308
6732
1055
1681
2951
9534
9905
5287
7847
7072
6569
9146
8681
2662
8482
581
7945
3579
881
3614
5617
2485
887
7251
5696
8803
3414
9890
4102
4775
1537
3877
2122
666
9580
8632
6766
8928
2786
7048
5915
25
4469
8410
9974
7697
1871
8133
4660
8917
7559
5854
9274
9106
4256
7582
6252
204
348
4002
1703
8695
6318
7214
9467
1014
5277
2718
544
3374
8292
9499
5209
5254
8726
711
6822
2973
6895
3157
8835
1143
8789
6823
5950
2101
1165
3990
1030
2385
7291
5512
2239
787
7601
3041
1298
8563
1480
1064
6144
2140
9165
2772
3495
5448
8082
8932
8302
7469
5845
1128
7386
9236
9086
7247
3363
8003
9170
3741
3745
1094
2133
7881
944
830
4460
7201
8962
5525
9952
7674
9235
2077
7071
9399
2696
2469
2748
4629
2833
9303
9303
5874
5037
2033
9463
7240
3869
190
7043
4729
5233
3408
1824
7288
1214
1740
917
3266
641
7265
4170
2759
429
5830
1423
3577
4192
8016
5593
9312
9652
4014
6263
3735
9825
2913
2738
1062
9631
4154
9667
8125
9753
6098
6959
8858
4254
720
3645
6088
8481
8859
2937
1012
65
2380
7697
9900
4418
2510
8172
7351
4922
5989
6650
2715
3544
1736
1733
6191
2478
5197
903
7645
2767
9600
8231
6243
7923
6479
8523
5591
7816
757
9553
5237
5763
6337
1112
5030
9204
8594
4121
1406
9464
6866
6403
9138
727
3275
8516
5013
6365
2954
8003
2782
4454
2927
6810
2999
3522
686
3234
8164
537
6325
3894
8797
2552
9578
7241
3418
3945
9329
6452
4203
3009
8135
1304
1057
8226
318
305
8268
2513
6469
1163
2418
114
6882
4958
1913
4607
6175
6949
9233
4328
7663
2061
849
4004
1627
8793
2316
3205
9118
5986
1872
1018
4249
2427
5515
3198
3139
5490
2746
2813
2577
1106
4991
9143
8222
8550
6942
6445
4935
8777
5332
4169
9782
697
1205
9594
7784
5673
4496
8172
6621
8965
7169
4246
8044
2225
8916
3453
3648
5354
5312
9430
3892
4510
3624
9945
6710
1719
3225
209
2026
4226
6400
4159
7406
2398
5276
1182
597
6768
1195
6242
4051
8644
9924
8298
436
1293
7728
5524
6025
1453
4981
1727
9152
5569
9696
6940
1230
708
5119
6990
3612
5844
5689
1744
252
513
5947
5846
7318
6753
879
9275
7507
6048
5338
9449
4197
7525
7571
9432
961
5872
9291
4109
3178
3648
1262
3636
4331
1601
6772
1833
241
2818
2739
2255
8227
8548
8229
2291
3279
6383
1890
1275
7346
4591
8714
2344
8355
1483
5473
8459
5580
8070
2503
9172
7430
1662
963
2389
6641
3746
2603
5957
4109
2049
8419
5728
5927
2621
3551
8092
435
6191
1847
7574
5939
3172
6262
1259
321
4164
7807
3059
4255
3795
9869
3655
1928
1361
7732
1859
4306
2332
4921
5222
4275
5349
4923
5927
1645
4048
5069
8866
72
4341
4578
4256
1946
9347
1267
405
5941
9092
5855
8690
4973
4108
6416
5242
7780
9339
3526
7634
9140
434
6850
9618
9641
4594
9601
7176
9321
8495
1667
1804
4192
1668
1927
845
9964
1809
3765
634
2674
5039
8951
3325
7675
2819
997
5682
6606
6433
8427
2438
1531
216
6858
3451
3393
8411
7384
4215
7709
8112
5684
6539
8369
7233
5914
5249
3164
6832
31
9647
699
9432
7002
1593
6252
1470
2015
2995
4090
423
3369
8435
2666
9826
5076
3861
5217
3174
8932
2568
9792
1030
1221
1446
8813
9169
5648
5361
2255
7431
182
4136
5397
8740
4236
7641
9684
8001
3011
0
9612
2240
9587
8302
3989
517
1220
9221
8619
9173
3609
7471
9395
5734
4281
2559
6313
1573
123
4927
4600
8359
4637
3544
4101
5895
4225
7472
2504
2142
7221
8286
823
897
5566
9337
4081
3924
8768
3838
5204
4749
8299
8720
6172
2803
4438
8042
8857
8468
3073
1488
8843
310
8698
9412
2333
2933
5182
3524
3323
8155
3753
7552
785
9086
4364
3513
5601
5924
8026
3621
1232
1953
6463
4079
5214
2337
7389
6108
3953
145
8165
1160
4157
7943
574
2815
2562
8786
3701
4247
6337
8747
8274
5931
1804
3163
322
9746
5066
9831
7350
750
1123
6519
5736
8609
9358
9828
4581
3064
581
3055
4491
4796
529
878
8352
7134
6088
3233
5260
4047
8319
1875
2485
1090
2653
28
7909
1161
5391
5107
5018
8363
7841
3009
1305
792
4495
2993
4528
3059
9769
8323
9703
8158
2732
4879
530
9172
5555
6007
6806
111
2921
1430
9989
7722
4505
7444
3592
7280
8564
123
7352
6963
2926
4276
6760
9049
278
2587
8499
7825
2224
4737
6958
9827
737
7759
2665
6422
9782
8408
7863
2299
9650
808
9191
8646
6466
7737
6207
5804
9326
3956
8580
9064
702
692
5433
5048
1814
7014
3441
2709
2704
5900
9634
3120
2053
2769
8536
7143
4631
7368
3731
8038
9342
8477
4223
4059
6189
6685
1294
5666
6144
2241
1412
5567
2132
4500
8270
9290
1603
4310
6431
5539
1435
2682
8921
3031
4154
1306
4709
7660
5241
7434
847
6758
9585
3850
7616
8860
1966
3092
2985
484
4143
3126
7450
1195
966
3946
5724
2545
9506
3584
5425
705
6871
765
3638
8142
1543
3916
1377
5048
8895
7091
5181
8382
6768
5025
63
6494
841
8020
7157
5320
2622
7031
3866
9072
4118
7240
6296
2274
5782
9239
842
2544
7254
2554
3997
1063
7357
3453
1203
5280
6559
3815
4563
2178
7135
6841
9088
740
785
223
8484
9104
1825
7576
857
596
7178
6995
9909
2194
4868
5471
495
5718
5405
3365
2882
4920
690
8289
8077
8647
5851
6298
2276
6150
6225
7267
3175
9427
5372
5850
2412
7666
653
2670
2523
9032
8484
7326
8071
7763
3983
3677
9940
2183
2192
2785
249
4595
5626
6730
228
514
5528
9872
9988
9486
6506
6693
2791
3519
8861
3273
80
5264
6197
412
6772
307
3049
1423
8738
5643
843
948
6301
6086
4291
4915
8695
8606
8680
686
1371
4885
3162
6396
1959
3662
6094
6626
6996
5291
7431
3248
9108
240
8126
5975
3239
4678
5869
8136
4314
956
2301
6072
3741
1496
7802
6479
3902
6683
7152
4992
9031
3299
7973
9235
5873
4842
7427
6558
3300
9179
8943
2322
8284
1061
6523
4242
6457
200
2372
3630
5427
8524
7753
2973
4296
64
3449
2873
8148
9744
343
7876
6316
4657
3213
7977
9543
5878
7962
3085
6617
8068
9786
3333
1629
8242
8224
7201
1758
4362
146
4629
6770
8253
1585
8952
2116
5043
1284
9509
3148
3808
3568
1551
9917
9554
7350
6610
7755
1366
5433
5428
791
490
4842
9275
2841
9501
3090
5080
9945
2931
4027
5088
601
8149
6747
1180
8595
1589
6030
5430
4202
5359
8560
4884
4399
4602
9396
497
531
4062
3235
1190
9908
3136
3604
2376
4534
9705
4052
6827
7407
613
8003
8933
1374
8646
3707
8125
9977
8009
7469
9649
978
9712
1386
4439
8934
7614
9258
6684
7874
5426
7661
7832
1346
1707
2108
5602
551
5130
1819
1759
5123
3508
5069
8918
6260
3878
5124
991
7612
9651
1331
5162
6761
9
2034
2061
5861
1826
4254
8533
2284
8342
8922
604
6869
8830
7366
7595
1312
4275
6874
5831
1226
8805
5663
5208
5856
4952
5914
9143
3501
9144
2662
1093
3521
973
701
5416
9937
9225
3218
2880
8709
5727
4014
6200
5331
8430
454
6409
1301
6506
7077
5432
6920
5308
8507
1023
8900
2991
6194
3784
2035
3051
5912
6294
2752
2352
7630
4142
1982
2920
3132
5043
5778
495
7022
6640
9886
6350
9263
3021
2282
210
9857
1460
8785
396
8406
7054
1893
5137
687
8327
7136
162
5742
8112
5641
2662
9401
8947
6047
8610
1710
2688
133
6827
5725
502
8586
2835
9911
9998
3252
3119
5409
8913
2680
3225
9973
250
8008
6529
4533
6070
57
782
3740
2872
896
4371
4563
5497
7337
5916
5901
9453
6388
7383
4832
7232
2188
9504
3345
3583
5173
8629
1786
3107
4722
7064
1002
8663
6432
6323
6505
107
4354
7797
6534
450
2857
3034
9104
4790
944
8938
4717
9180
3010
4520
6458
6081
3576
9002
5072
5523
9747
9688
8287
9772
6818
8813
970
537
4657
1451
8622
9594
3518
7659
6432
7858
2665
1521
5858
4653
5799
5726
8786
2737
3827
5568
6160
8941
7106
6436
1033
95
6609
5036
7093
4370
1853
3067
2697
532
9311
8876
9529
1765
3778
8675
5086
8811
6066
9131
3888
1507
3091
1455
592
8978
875
7652
3637
9705
509
2675
1185
9911
9027
8549
8606
7976
8967
5255
5611
8299
5470
3836
5213
5986
498
1938
2516
9474
1578
5676
9771
426
6376
3327
7915
7329
8398
3865
7101
3864
238
3899
9098
2462
4509
5399
3281
6162
4835
2020
3939
547
7218
6702
5247
3412
3521
3195
1861
6667
5284
1528
2649
1816
4265
8242
4183
6547
8065
3441
5965
990
5849
8415
5753
5450
5668
6726
6207
1621
5863
9735
9207
5456
8448
9222
8258
2335
1396
1011
4903
2122
5988
6148
4830
977
1979
1261
263
4028
1814
7890
4488
1104
4177
3507
2050
8253
2346
5846
9135
2484
7444
6611
3194
4230
7739
456
1978
5496
3726
1277
8844
2035
7950
4466
6012
7927
5601
7764
6817
7632
5923
1118
6450
6624
667
5772
8217
8540
357
5547
4306
1811
1313
8477
2367
9593
6999
8440
636
7666
2404
6254
8330
9961
3846
3511
2266
944
9793
2762
8087
1842
6219
3627
7136
2804
3322
3374
1937
5963
9720
4217
5726
8055
9008
6264
1019
4940
2424
6954
4347
7905
9082
1721
7907
2993
6385
7831
9561
4127
6188
1203
2606
9015
3698
5419
7286
8208
35
2732
3376
7341
8567
4949
6838
3987
2613
5401
3171
4212
8402
8962
3019
5737
4356
547
5948
4239
961
9750
1935
2201
3625
1781
8043
9555
2237
4612
3414
6502
2314
7002
9865
3527
198
641
7391
7675
5270
7731
5881
2293
8073
9620
4961
7407
4949
6127
3737
3047
6972
1001
5280
7584
4458
7137
3904
954
6574
2057
1047
6412
499
62
191
2222
1209
3154
4012
4499
4229
7227
386
5315
4258
4325
129
6998
1666
4946
8590
5996
2053
3906
1983
7402
6228
5821
8386
5504
6171
29
3370
6629
5377
9449
312
3411
4661
1852
7266
3920
2998
2821
4642
4193
4335
663
3358
5875
3582
9136
4031
4820
8496
4758
8496
2763
491
6989
2133
7944
150
3974
6453
5238
1289
4818
8790
1709
7021
5508
7828
116
3199
3956
3821
2532
5366
7295
9660
4152
9358
8028
4943
8737
9073
6745
232
2565
6050
500
8029
23
8117
199
4476
5042
2926
9930
830
2126
8260
9004
86
1030
4562
7980
3847
2480
1402
4161
8559
491
1142
6058
596
5479
445
3312
9258
398
9230
4231
5070
9329
1243
9459
2337
7053
3621
2872
2036
2876
9504
9625
2157
6551
2883
2962
5716
3881
223
5713
364
4047
5593
3439
7233
2140
7734
1885
2970
2441
9618
5961
7451
4345
2749
3664
2875
699
5442
9805
7244
6073
3700
6512
492
3485
8824
330
151
8675
2138
6548
3495
5561
7501
6703
6777
9426
9522
6278
1101
1035
3667
9775
9498
5
541
2113
9691
8673
1848
9648
8010
9113
2085
7811
3736
5067
9251
487
6566
5073
4557
4652
914
2363
7811
2013
5922
1967
5764
7693
8166
7622
7413
557
7693
3111
1952
858
7
9313
9196
7827
706
9362
7317
8168
8468
2661
7544
7181
7075
3208
9710
3278
6676
3595
6962
3886
8622
1076
6128
7928
1546
1232
5291
4886
3018
7444
1579
6191
2995
1874
114
4474
1512
5990
522
1329
4068
2016
3741
3906
3747
6092
703
2319
9806
4621
8028
7493
3570
8296
4906
8473
6892
5388
6186
6382
6739
5904
2033
1252
2033
9317
1949
4538
9183
6890
4183
6740
7709
6287
6340
8359
1851
5697
8022
5601
9254
1779
5301
4614
6834
9374
6342
7350
1745
7983
1926
8394
4877
6927
7926
9341
3144
3056
4386
6791
5661
7202
7999
5587
7650
7270
433
451
6461
6922
1670
4042
4288
4451
6211
9527
1362
5497
9241
7249
3899
4044
1251
190
4924
7940
878
6958
2873
5222
8613
9348
2692
3042
2360
148
6536
569
3721
4967
350
6940
8340
2828
7711
2048
2312
1242
2470
5918
2933
3168
6097
5927
7172
5901
548
3092
2221
8827
2362
7467
9994
5029
9818
8605
3958
698
6642
45
3440
4954
3474
4059
5986
6349
6551
3727
105
3923
8434
401
9824
534
4516
6532
3325
7099
313
1667
2392
6296
7215
9059
660
6751
4849
4825
7131
7480
5252
7829
8474
4349
6573
1019
5190
4447
1788
6674
1609
5415
714
4134
9165
4582
2779
5352
4660
4349
7087
5237
9649
1497
4491
6099
2775
5590
7470
5048
4653
9428
915
7397
1434
3095
1651
7120
2642
8184
20
9007
1373
3001
5633
5040
8480
4822
4215
6598
5355
1575
7818
1981
78
1922
9026
6382
6313
4285
1685
6863
1534
5105
1714
9506
4165
6090
3991
1821
6700
4219
3472
3817
9465
1054
4749
4628
7981
2505
1534
9346
8375
4812
8589
8800
8802
3719
6185
4441
7500
5305
9626
8113
4628
9586
6310
5519
7678
1914
5519
7
9655
7755
8182
6197
3600
5785
320
2054
6153
9539
5571
3280
4827
1073
6398
8706
3297
5276
35
470
7188
573
8673
8243
658
861
9570
208
107
1628
8749
2370
4903
5998
3225
7638
7383
2831
1360
9834
3990
4183
619
3749
5084
5241
4319
8839
8864
9525
6324
8491
1782
5885
1822
6538
4636
3797
1098
1817
6381
6644
8567
162
8001
9223
9998
7056
6609
9236
2895
6547
2986
7115
6953
2548
6062
8841
822
7283
785
3830
8177
7452
2198
6047
7717
1096
4007
9294
7411
5247
1339
5605
2703
1418
8023
7769
5256
2023
2756
4619
7570
6599
5416
6162
8178
3297
2020
2372
1397
7929
6761
484
7277
4395
2680
9157
9337
1185
1285
2764
2416
741
1847
3987
6394
1552
6591
9482
1499
3792
1698
5800
7885
3320
1204
5056
5769
9025
9763
3983
9873
6718
3325
1009
9789
1390
9535
3635
9648
2907
3372
4963
3430
9215
8710
1891
9388
3654
1659
2941
5580
6174
9615
8848
2532
9947
3314
2617
8306
9751
62
9949
5694
4166
9824
2962
2356
872
544
1438
4140
120
1246
9575
7256
3217
7595
8073
4426
337
5329
7622
3839
6453
2368
935
539
9603
2551
5137
9922
1335
7131
4195
2640
3861
9094
3372
9879
7581
7935
489
8451
6925
1617
3964
9099
8992
3387
7704
7125
8116
7365
5257
9110
2858
7465
4080
9638
8438
5349
3660
6956
8102
3372
3268
9051
9951
5699
8065
4440
9730
2975
1545
6519
6222
7320
326
9777
8767
858
2725
8292
5093
2729
7177
3191
5823
7742
6128
8793
5062
3810
1758
6533
4710
9477
7653
6659
1415
3564
6950
6958
6762
4133
9553
173
5359
1432
3657
2001
9555
4172
2275
3978
3878
1186
156
9542
3114
7506
6186
5767
3272
3185
6443
8880
5581
9804
8410
1052
1810
7651
4240
6203
1881
9556
8758
1145
7731
2707
1065
8716
414
9060
1127
7019
7004
6325
6469
4150
2511
7818
9187
1686
9056
662
5799
4273
6271
1330
2166
617
9444
3966
7201
9731
9284
3122
1228
1679
2543
8639
2362
2281
694
5718
3732
4570
2043
9476
6920
9211
9040
9642
3150
2392
8305
8085
6230
8189
2398
5070
1309
2656
9248
1840
7279
3130
5213
9392
1830
7699
4983
5118
7536
3817
5918
6136
2623
8877
2854
7525
5385
8746
2611
6005
8144
3154
7873
1378
8316
7559
4992
3762
1588
4323
5212
3724
684
4693
7498
2965
5001
6793
6319
7366
7263
1762
6411
3084
6891
2278
4194
2907
4556
7974
2075
8640
1724
3001
2738
8370
2029
6996
6216
1331
9631
6152
7210
7145
2046
2999
1487
9555
6888
644
4538
4762
3947
2231
3568
5303
4205
4506
9747
7499
9430
9908
3213
7966
8775
1327
4761
5207
3518
9767
7867
5669
5857
2289
7455
2392
1432
9109
2702
9583
6583
1466
8430
7887
4985
6813
9809
7180
1016
4222
2573
4103
3065
3127
444
2148
4997
4265
2953
6711
7601
8740
4715
7771
6495
8723
4047
6030
2413
8834
7789
3500
3675
2622
8685
1223
8187
7719
1586
5440
1841
2836
6276
9252
5498
9475
700
9622
8569
8731
6280
7893
3467
192
3454
3386
1932
9170
5213
5552
9043
5027
2047
5152
5832
803
8668
9015
3206
6586
7960
6679
8492
9873
3995
5239
4797
7405
81
5032
2631
5289
4328
7653
801
2302
951
6421
2285
6114
399
4433
4813
8315
793
4044
817
2270
5038
6788
1471
3465
3046
8388
3788
9673
8
2643
2342
8072
2672
2413
8772
5174
5918
8235
5461
1795
2699
2977
245
7879
3111
4693
1342
6782
14
6599
3947
9699
7097
5073
1176
8520
2272
7052
5349
9631
4557
5740
2953
5193
1196
2729
3907
5064
5710
1324
6412
9858
5981
9970
7497
7077
6154
6208
4588
1393
8146
7251
1993
8631
9631
690
4438
1212
9802
9859
4684
2617
1294
2870
9115
2243
777
1234
9242
3426
2268
2730
6795
9040
5121
3436
4764
7791
8363
3526
5242
5895
9849
1237
3216
5340
8133
7403
2206
296
7881
4300
9061
2554
3489
7109
7470
7882
7371
6602
9786
5431
9531
3595
4484
7408
6859
5890
6371
7915
3040
5787
3132
6933
904
3584
324
791
1983
608
6866
9553
1936
6796
5155
7013
8120
830
4823
7907
5399
6118
3257
8509
4464
5714
1261
8406
4160
7145
4785
3739
5995
6036
278
2286
5105
3433
504
4123
6480
8566
2488
2570
1251
8518
9003
2160
9816
6099
4523
5425
304
9113
475
4822
2575
5267
1464
4326
8387
5940
6027
6997
705
803
7003
3910
2283
7268
3664
2222
957
495
1938
2183
807
928
2320
2685
4437
5322
588
9321
8426
104
3251
6023
3132
7714
7499
8054
4376
5848
5061
1451
4966
974
2241
5458
1959
2068
7057
7875
5739
2033
5286
2749
3279
3100
2422
577
8851
5014
7760
2702
8970
9111
262
4932
6970
1347
8472
2199
4820
3065
4754
9234
7357
9272
3243
5413
5435
1022
1630
493
6123
8495
3190
9775
3967
1598
3923
2529
1302
5227
921
8004
3411
3689
4743
6913
9407
5531
5557
9215
9433
1994
358
3902
5212
1733
7597
4836
1626
6326
3820
2594
1572
2797
6168
4146
7771
4715
4968
8879
9729
2109
572
5600
6057
7075
1371
5346
9261
5708
612
1601
4253
16
4726
9715
7797
394
1131
6130
8616
2783
959
8836
7321
9295
4255
4649
8152
3031
4316
256
6217
1649
8622
7173
1104
8169
9301
9499
4057
1468
7883
386
8420
5583
8230
341
2893
8073
1641
2772
4505
4030
2122
3657
3085
3354
5374
2392
8137
5158
7537
5751
6562
1017
98
3672
845
334
9802
4736
9446
302
4365
1813
8512
7130
1177
952
7640
3560
9451
9116
4786
375
8002
7683
3253
6576
7627
9876
6962
3451
6763
5274
5151
3803
715
7900
3203
967
6653
4180
218
1718
5949
5135
9303
1926
3635
7168
7369
6057
9333
3057
9014
1965
3514
5575
4165
727
7577
7360
6872
6795
4975
9660
1318
2026
3071
7221
2054
3784
2771
957
119
6232
7777
4019
7597
6423
7882
5505
9525
8274
5484
1460
4954
9109
4022
8057
9232
8130
8939
5777
9326
7817
304
3201
2761
4746
3280
9016
651
804
5008
9997
7858
8233
3068
821
2484
6672
3535
3374
6512
7014
690
2107
6608
6979
4172
9021
5740
8869
7959
2346
8536
827
1107
6636
5037
7919
1652
3544
8772
2464
4487
6778
3678
203
4274
954
450
6598
8152
6941
9166
1338
4908
2874
3246
7466
461
5878
1243
1892
8496
5439
762
5122
3884
9858
3525
2733
5566
5098
5559
7552
3100
2102
3873
7988
4599
7285
3370
8093
7801
8656
7267
9296
3438
2948
4200
4479
3728
6874
6242
83
7322
8629
3769
9973
1966
9672
1591
2489
7458
3137
7960
327
9188
38
9645
8359
5486
2874
3936
3560
7558
7932
3378
350
5452
5885
2896
982
3350
4348
9156
6535
2777
7503
1912
3894
6925
4432
6501
2421
1235
4546
393
170
451
142
8375
2216
9885
7390
4105
6636
225
4325
80
2710
7531
922
2892
418
3382
367
2983
4786
929
2018
3275
1258
4526
4687
7076
903
7447
9520
9904
173
8620
4722
995
907
5127
6325
2728
2653
7681
3856
7953
7310
381
2606
9615
3400
8514
5609
8029
3914
7798
801
9735
6724
6101
9881
984
3458
2417
3039
8065
7443
1363
6614
133
1957
1584
9426
5265
6334
9496
9599
4937
4809
1383
9501
4925
7964
5614
1548
2555
2994
28
993
4479
6057
6229
930
3637
4634
4245
1860
2014
3297
7838
4830
8704
3192
940
7337
5512
1940
3370
950
2924
3003
3966
7692
7515
8737
1455
1309
6789
9598
9735
9908
2455
3949
435
8862
1326
8099
71
8850
4829
7738
1470
3421
1162
58
4831
9342
3874
6179
8252
4331
2077
7145
2804
4175
3292
6844
472
2065
383
5778
635
1425
8275
4580
5538
7697
1496
2706
3851
2029
5281
3956
1801
7273
2613
3086
7565
7430
7650
8974
1025
1745
4145
3365
6799
8696
660
1552
8030
4202
5004
7139
9164
6073
5288
7297
6375
4078
3479
6089
805
5418
318
1568
6259
9349
6693
2200
1098
517
5164
2410
7774
3484
2684
2437
2465
77
6856
1714
8053
2045
8481
9523
4174
8435
6569
2328
1525
9387
5551
2094
9673
3645
8009
9077
7471
276
6032
236
5851
4174
9205
7659
8615
4095
2145
1100
3088
9090
1754
6246
9808
5117
5154
1368
6213
2832
8970
4447
4593
8730
9747
5988
7179
4840
1317
3173
7682
2091
8760
8830
4722
517
6064
9012
6159
4383
4950
4542
302
1354
33
8864
3779
1648
1299
149
4437
9158
4495
8296
718
4049
9225
8911
6527
6353
5046
9013
1408
799
1138
1635
6596
8062
4833
6026
4843
8433
4589
6575
497
4905
9982
6451
1971
6393
3111
3550
4866
7816
141
5448
7825
578
5395
4579
6345
9564
5504
6664
8971
5666
818
2605
5749
1742
9596
880
9294
7607
2123
8259
8107
6020
7846
1812
5540
5291
8948
1895
2753
6555
9783
3122
9453
1074
2886
6165
9197
6700
2392
7316
8154
7465
812
5394
745
6665
3638
5739
3692
5926
1540
447
5618
4174
3406
9798
505
7020
1292
5556
8052
6546
2513
5451
439
3269
6165
2727
6767
3109
6113
1322
7663
1560
2212
2149
9237
4610
8434
9791
9099
1474
5803
9365
5865
4444
4730
6190
3495
558
8516
2426
7712
5762
9504
7351
1603
9807
8582
3119
147
4236
4608
1425
9662
5347
3149
1786
9547
1565
5476
6288
12
5663
7046
2603
2931
4449
8636
9952
6513
9655
2719
1435
4714
3358
9079
3769
6212
4932
7531
6608
445
2644
199
8619
5884
5261
3676
9429
7216
831
4769
9393
1734
1105
8519
5300
758
2385
4106
1760
796
6953
1827
3437
4868
7834
8554
7766
7342
6360
6633
4750
8962
6914
5836
1565
3741
8828
5125
6139
5625
683
748
2663
8586
9228
7043
2148
2101
5009
5863
8737
6043
9481
4242
7059
3075
9723
9694
4914
7014
4031
7684
797
5108
7065
8770
5690
3316
995
3627
9934
7928
4901
7449
2053
7663
4740
7085
6079
8036
4948
6311
4520
7923
5691
8577
1233
3692
8052
3637
7472
4464
4860
4079
353
8232
7261
7150
551
9765
3621
1636
3460
7667
2450
8524
6784
3302
3356
59
4521
518
5263
5887
7288
4471
4803
1476
7980
7649
6058
3221
1237
2415
4373
3200
510
8259
6803
9586
6888
246
8311
2786
2816
1500
6373
7322
268
8982
8266
1471
2343
8193
4149
2705
3254
4412
4869
8622
2806
40
5008
8162
3109
8968
4332
265
6585
3879
9470
9396
7216
9896
638
8282
3158
1561
7251
6406
1597
9937
800
7886
8716
3368
1482
2388
6230
854
5029
7493
8197
803
2810
7886
1203
6542
1847
5615
981
4841
6435
2760
9076
8705
412
4991
6410
9116
6815
3492
7094
4011
7011
7276
8907
6015
99
825
763
3128
2838
7883
939
2232
8029
9807
404
2789
8120
8053
2358
158
1173
608
7096
5669
4294
1287
3728
1371
9774
5880
3371
5257
6696
8108
4458
7994
675
3478
7834
486
9438
5941
7134
8761
7740
5240
3035
9507
1252
2561
4224
4872
9016
5378
3248
3703
2560
3652
8445
520
4851
9543
322
2799
6561
7364
9229
4173
8639
5854
5879
3813
8847
4214
3873
7100
5388
7246
4158
4329
4351
9477
2887
2749
5873
8785
4975
8332
9150
4811
115
9593
8626
5764
3981
6224
307
3766
8422
4844
6442
1333
8021
8377
6047
612
6585
2292
6944
1395
8334
5150
4861
3462
5775
3871
2403
5282
2457
9831
3172
7088
1624
3248
4000
676
6497
6240
1906
1575
2538
2203
696
5712
4633
5541
1888
3377
472
596
2604
6829
6434
5300
18
5000
5469
6404
7491
8423
100
7261
6390
7287
1167
7251
7808
1273
8673
3620
2273
6890
6062
7310
3726
5441
2103
9037
6791
8626
1268
4530
4901
2816
2140
1583
2834
607
7748
8670
820
6566
6210
9730
2167
6803
8236
6421
5894
9993
7858
4352
8198
5589
2021
8281
799
4350
9634
8439
2216
2139
9007
3905
8830
7486
257
5780
3137
174
4408
8099
1915
7826
7847
4825
4045
3257
9763
7738
7207
9287
7464
2135
2772
2698
7763
7200
5552
9595
3199
8132
3623
3583
5839
3492
7324
3021
9317
4406
2786
7610
1037
2374
7466
6128
6569
758
8474
1949
3097
2741
9942
3816
5478
6270
9022
7998
1884
8263
1908
9611
1170
2554
2968
1476
8615
2225
4274
2880
2331
186
3243
375
5911
9210
4184
7459
2170
5678
836
595
9264
9676
4952
63
9201
408
3290
6709
5204
995
7840
6017
1566
2333
5519
9628
3627
8075
8436
6556
4552
4484
9198
9609
202
5637
5334
47
8014
3396
2909
1183
4574
3170
5664
1552
2493
3994
6266
6403
1007
8342
1159
6452
7464
9520
5264
3388
6256
7174
4759
6243
319
503
9024
2803
3898
3194
4699
24
2730
8045
6330
1460
7350
8939
5267
6207
5725
1047
2019
2651
1218
5253
3373
6885
2132
8200
6398
8312
3576
7798
238
6571
565
2983
6694
4363
7500
748
7864
5603
786
7037
3855
7191
2876
4395
5940
6481
6
4212
1034
2658
5488
4964
4759
1226
437
4185
8943
2275
8233
6575
6382
5303
2926
3129
3346
5875
7667
7825
2691
7811
7418
7543
256
7692
1588
6038
7111
2568
1404
740
5697
9516
6092
5640
8440
8518
2000
5621
4901
4482
5397
2517
7962
5212
3581
4625
6681
3455
9587
2844
9823
3132
9861
7504
1969
8487
195
3568
8465
8395
2146
5628
877
7149
9517
6611
8260
5789
2248
3507
438
1689
8978
3148
3783
8941
7112
1234
9055
8453
9520
8225
1553
3779
7528
2987
8134
9947
2267
9965
3861
9739
1821
7504
5874
8584
2900
9562
1328
9188
3459
4053
4948
5788
5635
5752
2920
5726
4304
4545
8808
6983
2430
5812
2492
1626
3767
2781
7682
6701
9058
177
4472
7966
144
7202
7939
5859
5286
9186
5983
7246
5587
959
8852
5775
2509
3421
7441
291
9996
6129
5831
123
2370
6457
3189
9783
7637
5689
1467
4913
4379
1056
8365
2119
1489
6265
1638
2304
5624
7965
2678
2431
9660
486
1930
7685
2754
9871
7079
2785
9678
6071
4018
5635
3486
7220
9070
9710
4439
6004
4083
203
2410
5438
1064
8506
5570
951
8014
7412
5564
7729
5816
3884
2979
894
2138
6899
9384
8242
8365
2523
8843
5094
1468
9539
6488
2729
2462
8545
9904
3441
2496
8975
5923
5711
2558
9596
8007
7936
2302
9490
9016
6144
9322
3031
8508
2922
8744
3005
8673
1242
1383
5605
2982
5763
5000
2737
8435
6860
6279
3062
565
4901
8948
1328
1082
5991
4466
5807
6229
122
508
6432
959
1872
4111
2151
1611
9230
9464
5271
9171
3515
858
4580
3844
7281
5947
3823
9875
8577
4317
4641
3882
5283
5268
8195
8068
4730
8937
2026
656
2230
7354
2384
2197
3715
8347
3101
163
1103
5565
7845
2977
6297
5801
5498
7417
3013
3898
8978
5180
1740
9700
4516
2915
128
389
7356
4755
5933
8774
3486
7580
7466
9325
4295
670
5727
6899
2654
5401
593
2861
2042
6399
1593
793
4317
8984
7010
8199
7790
4946
1777
9921
7349
8995
9071
8569
9215
685
3506
4701
849
3676
9498
8265
6377
7631
9959
9114
5295
48
9927
3242
3771
8978
5805
3933
6225
1670
4205
6343
7223
1466
1860
1800
7767
5039
4773
9765
8623
2197
7870
7379
1942
453
3481
3714
6073
6042
574
4725
7076
9757
8118
1418
3452
8492
3834
3850
8776
4887
4202
9294
6928
2615
9465
8443
9822
7114
9958
7052
4705
1631
7589
6812
5393
9386
1724
6620
6188
1013
9258
903
6127
1828
1185
8415
2016
2451
5460
6771
1608
1678
3196
3696
9054
4348
7029
849
239
5705
4517
8212
3081
3103
2188
8954
5526
6993
4614
971
9463
9619
222
8388
3286
9129
1469
4750
6701
9082
2064
9260
4548
6912
9495
3729
3989
5263
1226
7723
7405
512
1542
1408
2443
7754
4709
7139
1850
3291
6188
6803
1067
3016
4621
8641
7484
351
6909
9675
2917
3173
9280
4538
6769
6129
6352
9844
7769
3283
4461
2655
5916
611
7070
6915
827
6514
9926
699
624
1151
2385
7352
1791
4984
5517
193
7733
4522
4822
9018
7677
7640
2826
3520
7170
2532
6507
3503
9198
9949
8626
5985
9568
8021
8881
9427
2588
8701
401
3813
7629
6319
986
9597
4550
8296
8593
4137
5286
6448
5643
6399
3689
5479
7424
8627
3915
1934
3099
677
9447
6831
4718
5779
5438
1226
6994
9922
483
2718
6571
9797
9107
9152
8954
3416
8883
3050
2477
5164
1441
995
6705
3982
8652
5559
3496
7718
6960
9491
5125
8521
8665
6847
3779
6220
873
8456
3350
822
4932
9753
6313
9136
4040
6213
6870
1291
8779
8116
1301
7278
6477
3592
9500
251
1580
682
8708
9853
1749
1558
9132
6352
1416
8512
2886
8733
7109
8209
6832
6241
8259
9714
7709
5785
5536
9923
3474
4059
1186
9257
3085
5876
4219
1586
6159
9082
6075
2198
122
6717
6591
9468
5589
2495
2776
6981
572
5132
9319
4954
5588
8232
8004
9213
1309
8164
3421
3486
8241
9917
2443
7533
5897
1793
7745
2630
9422
430
8878
7694
6604
329
385
8424
3251
7192
7852
1685
6343
5261
6114
310
1992
5423
8858
4367
988
5590
3381
6569
2183
6627
812
4388
2541
4554
6130
6632
5342
5021
904
7254
9008
8310
6864
3600
9963
4224
2778
2497
1533
6642
9130
1162
2189
7514
8138
4954
5245
5746
811
41
3161
3474
567
6194
3021
5570
5154
6619
9603
7001
7887
5378
2632
4487
6223
3366
4288
1291
7364
5342
3296
6882
995
3258
1002
6893
8
7860
1702
1373
9459
7682
235
878
5841
9004
9181
5261
6230
1284
9280
7079
1877
6870
6378
5168
1634
5134
1687
6269
1934
8913
7238
4414
6338
5513
1409
571
3111
9984
1898
4218
1138
600
2528
5291
9677
7348
6177
4592
6576
4679
3625
4316
4111
7703
2425
5478
5853
9149
2467
7770
3118
3644
2242
9180
6458
3196
326
8298
2493
2322
8476
7390
2923
8750
6317
3516
9185
2432
1661
6878
2214
3943
291
6762
6849
536
3545
3932
820
7719
633
3461
8406
8165
8519
1776
1631
183
3438
2877
6684
6222
3618
3084
2722
6792
2853
423
4015
5059
2613
492
4908
8649
6114
2518
351
7101
9053
4375
8300
7808
7212
2564
2251
7999
3275
5229
1670
2797
6444
8423
4617
5401
3375
9656
5980
828
7244
1743
1068
7265
9885
9821
8277
5601
505
5988
7756
7130
6635
1690
3512
8123
2721
7049
113
798
6880
2423
5873
835
8885
2717
9464
8245
6087
4071
4395
8524
1720
1895
1580
3150
3225
901
3268
5122
8941
1847
3469
2259
8214
9337
4397
3341
4924
1610
524
4775
3964
8163
2182
4765
733
1956
8652
6824
8462
7340
2949
9180
7114
7844
7011
2879
8478
9897
5632
6449
3521
5973
1078
2828
9938
7017
3741
7161
2208
5033
2144
2716
2178
7572
2073
6462
6279
6894
7163
6181
9383
4396
9070
8130
6985
2571
7572
3302
1614
8829
5450
2034
106
561
1259
3305
7027
2045
8014
7220
369
347
9904
3795
4246
9262
3708
6123
5127
9632
3479
336
1384
4249
2808
128
5478
3630
1188
6217
2238
5091
2200
696
6043
2430
1919
7087
9213
7210
9876
4242
4068
8132
5201
959
2971
5782
6373
7
