922
304
96
421
657
755
920
527
614
565
876
529
792
126
369
481
159
223
58
496
677
211
12
322
12
614
29
324
742
397
874
334
672
100
319
919
592
846
58
903
285
108
289
342
157
565
377
62
929
534
408
375
93
879
826
727
780
938
496
243
961
352
288
503
408
82
197
558
66
57
302
247
319
618
901
572
318
258
726
536
240
689
591
60
27
102
62
30
74
319
741
502
426
851
491
270
903
879
237
886
997
49
610
73
322
940
564
600
824
624
905
105
265
325
561
20
43
388
275
361
363
442
808
465
261
26
985
447
705
678
547
971
762
346
80
315
201
829
714
110
406
756
769
847
398
701
44
594
968
61
244
118
161
974
451
255
351
633
148
214
803
156
972
960
95
680
661
96
783
513
364
34
477
723
744
5
828
981
123
491
22
13
382
304
33
768
148
693
444
684
296
80
127
260
779
738
16
430
253
388
10
93
213
871
776
823
836
23
24
802
355
418
778
279
453
115
743
35
6
110
615
606
859
967
259
618
4
572
273
970
668
395
261
788
297
225
108
157
303
601
868
95
631
677
664
377
468
715
88
947
126
759
140
501
887
873
617
691
995
227
772
159
157
818
740
915
869
606
508
849
477
7
14
905
971
294
3
590
8
605
582
677
103
820
953
203
41
705
318
490
261
995
520
984
630
379
867
821
980
496
741
230
540
837
288
51
475
657
432
593
494
771
662
452
277
280
391
333
333
115
999
268
925
135
191
171
841
164
558
198
666
452
875
626
798
552
504
545
91
156
666
975
695
139
557
405
884
656
652
688
327
739
359
196
375
773
973
114
626
288
272
595
355
597
593
448
336
107
136
856
656
961
645
925
794
208
261
843
360
880
476
78
227
133
785
479
984
606
639
786
999
139
951
415
172
312
67
947
926
546
998
755
693
60
455
629
82
118
540
386
270
83
66
220
420
190
235
752
554
193
473
135
802
713
14
711
112
969
790
633
548
913
484
943
375
898
361
900
914
129
380
919
257
142
771
958
487
769
599
563
603
280
654
229
417
350
897
870
467
395
558
876
877
604
520
383
761
447
650
342
87
470
827
774
678
581
290
647
624
513
923
253
15
951
922
472
373
327
708
336
122
259
654
298
735
447
853
879
847
351
572
503
629
431
507
545
439
771
940
357
458
772
162
393
824
940
514
636
429
606
771
338
40
13
946
933
148
575
30
900
725
501
75
627
127
706
946
974
226
197
93
155
931
53
847
91
380
153
322
485
788
225
883
832
33
460
184
290
265
319
913
49
367
574
556
869
899
970
978
329
283
15
24
692
397
289
832
856
391
851
677
214
893
299
454
564
777
941
553
133
105
954
401
843
170
701
18
43
155
835
25
149
636
436
937
174
21
42
344
268
587
445
360
613
909
72
73
764
885
492
275
338
401
710
626
725
417
160
202
895
308
921
450
270
771
945
157
547
575
950
475
265
222
60
174
668
824
124
656
372
448
804
682
404
462
327
543
387
505
248
304
439
33
536
608
193
147
42
327
800
230
679
573
485
51
196
212
673
649
324
15
767
526
274
273
873
938
935
934
330
436
668
239
757
304
477
281
209
225
466
132
594
408
67
473
620
982
320
221
238
486
642
851
633
163
554
797
452
729
139
970
781
784
494
627
454
995
194
904
874
111
414
248
643
23
309
341
585
212
749
718
288
33
956
30
375
348
135
769
992
513
360
375
97
513
763
81
46
407
269
129
353
291
714
590
144
32
202
476
784
728
918
146
243
911
877
533
908
388
30
258
587
220
377
505
281
913
894
213
233
952
305
832
289
272
457
443
4
430
268
954
110
766
889
598
11
948
401
37
708
992
298
628
863
607
194
836
986
574
668
538
819
626
594
152
959
795
536
754
541
551
640
531
574
706
776
766
708
107
644
512
588
874
617
618
233
790
159
500
463
643
801
917
456
368
37
983
62
535
930
736
910
405
939
859
677
385
751
804
170
385
154
707
135
496
580
552
510
501
884
397
924
12
129
777
500
135
772
488
571
496
773
856
243
493
88
950
462
14
340
839
321
754
440
755
362
141
218
235
472
495
237
187
686
838
815
467
227
43
349
663
385
770
123
670
167
83
483
616
253
533
280
969
628
722
593
10
128
126
237
455
692
385
431
970
312
644
95
262
512
928
730
336
284
170
208
640
680
530
560
734
839
387
914
326
881
645
424
206
830
646
906
103
717
271
829
310
174
818
583
687
929
626
489
559
97
467
265
712
808
960
955
426
815
195
612
524
698
134
291
