5046
65
7554
4060
2142
6738
554
505
4178
92
9111
7604
237
9020
4004
8422
7291
4226
5736
8536
3149
8466
3517
1070
7096
202
7758
577
1309
4896
9822
503
5250
8264
3142
4128
7775
4559
7478
6272
1414
3271
5037
5172
8473
1103
1924
9779
9231
9629
1764
6946
5361
8139
584
2756
6831
7532
8653
541
9616
4729
1317
8113
118
2861
5339
5101
2720
1017
4257
3057
6313
9764
6806
4937
4286
7507
547
8327
5116
4449
1748
5839
6743
3179
6804
191
2408
4539
7921
8600
7646
2542
8942
6781
3445
5076
215
7175
7284
3012
8655
5938
1744
4234
1462
6248
686
9438
8503
6152
3078
4593
6509
1139
7427
374
1269
4883
1031
2331
2654
2391
4795
3539
1789
9647
1331
4114
2781
5217
6352
3652
7684
6758
1712
9898
113
8293
2176
5970
306
9449
8833
5938
978
2001
5368
9456
6686
4772
3840
4177
9016
6542
8138
7548
4933
7468
5844
3034
6946
3552
5208
2381
5812
2401
7067
3722
8188
9187
4342
2244
4008
4238
4161
5222
1927
8685
7675
1661
9797
854
1398
6240
2596
9089
608
637
9724
1254
8236
9121
9177
2440
9935
3027
1282
6104
6230
9037
4170
6871
8900
840
1343
2395
314
2708
4096
3981
3647
8065
4332
2221
4159
6540
853
4003
6464
9065
9236
9923
5295
7050
3366
8892
5977
2281
1987
1741
2614
8
2031
4324
7759
9234
4889
2533
8176
4077
66
8931
7017
9263
1864
8766
1486
442
9360
969
3183
8342
8017
1686
4305
3161
6829
6481
1147
3397
6747
3046
9885
7998
3087
4703
763
2326
6796
3902
4423
5176
5008
2116
8012
1997
5069
9596
3895
8830
7303
3158
4976
2854
5241
7747
4791
3347
4546
5962
2329
5722
6142
3094
8401
6260
1551
5388
6107
9032
874
7036
7956
8566
1534
659
973
6301
9006
3578
4798
7402
1376
6592
3672
4127
5790
8927
3459
1099
4666
2877
278
6747
9567
7777
4068
1933
450
6415
4307
6908
9895
2818
6921
1165
240
69
2735
5957
5760
5727
5335
6901
5406
5864
8650
7891
9221
8108
394
6470
6840
6091
6230
3645
2915
8603
140
4477
3949
651
4968
7062
857
7348
8715
8288
5883
6750
2919
4871
3320
6524
2486
7968
1894
2405
5771
8023
306
2096
2096
8839
1697
5211
1198
6373
2350
5016
6028
1545
850
7413
8862
9801
8962
3478
3278
3236
2898
2177
7688
1352
6055
7094
1088
8833
1051
9785
3598
7407
281
110
2249
5186
5975
3263
4370
2149
6948
5100
7287
3044
167
2288
104
1643
6055
8140
3142
7884
4665
2323
6359
4668
4036
1906
3719
332
9169
9929
4152
4719
6845
4393
1914
8396
6912
5676
9605
5026
2840
7564
7907
3458
5855
529
9995
4686
1420
4459
1112
1517
9413
2520
2424
4903
7586
2722
848
1987
2604
2728
2717
7323
9460
4888
2981
5784
4176
1830
3740
608
816
4939
2130
7080
1855
4764
3658
2888
5957
8838
1174
7962
8105
2035
7294
637
3252
1036
1551
6252
7440
2779
2992
9143
8800
5884
7407
3883
9161
2768
8522
3027
2718
6173
5754
8666
5481
6277
6586
7995
9797
4592
8933
1911
4377
6793
4941
6274
6095
9043
5432
1099
7474
7894
2373
6406
6102
5802
8765
1688
9137
670
9764
1662
4823
4086
606
5115
7347
6959
6686
5084
2353
4207
7850
3417
8218
1934
5610
4362
2438
9915
7824
6307
3413
1901
689
1198
7609
23
7809
8404
635
4486
3773
6471
142
5866
6738
8239
5169
3071
7995
463
7565
1783
9591
5347
4526
1445
8537
393
7055
2152
777
3512
2158
979
1768
4641
1487
9413
9425
4929
3916
2730
3706
8465
5817
7485
4970
1130
3157
5080
8132
120
6173
9514
5730
3482
5419
5875
8333
6242
9996
5935
8152
3471
3648
9005
4813
3301
1850
3802
4527
1862
6806
3391
9550
6223
4026
340
3625
7377
3541
9311
1070
9595
485
7197
8957
6865
7285
3596
8619
6907
5027
9906
8386
5451
8735
2654
6853
3452
5135
3849
512
5700
7727
56
7214
5543
6102
5329
3733
4952
1780
2968
3645
8987
7928
5637
3758
2684
4414
6371
2838
7766
533
1847
7705
5601
975
8219
4995
459
881
1510
6793
3330
8090
682
8414
7947
7457
106
7473
4706
1207
2726
1844
9390
747
4965
4839
6688
1036
4829
6915
8792
7449
2353
9266
964
4036
9256
7867
4950
8502
8902
1581
241
9420
2457
3313
3280
9486
2946
5217
707
8656
6830
23
7975
2722
1457
9614
1904
2626
7422
7333
3749
6002
9828
1666
9897
5603
2168
1459
6929
8464
9403
3631
9735
9720
5785
3147
9274
8387
2365
5689
9904
4933
6980
6251
1929
2849
9133
7493
3841
85
1993
6465
1873
3123
244
7147
9890
1615
9920
7788
336
6756
2571
901
2215
7394
9773
2769
8845
9314
6192
2957
3500
4506
4667
7748
105
7931
2685
4050
214
9671
835
5082
4544
1393
3622
2835
1798
2413
3684
1629
6359
8230
2233
3089
9110
9822
9545
7767
8013
2048
2733
3841
7659
2737
9192
4469
1628
3077
597
9416
5395
2158
9167
4005
5254
528
1756
1532
518
6384
855
9928
7322
6058
2985
8393
4183
2193
9651
4208
8846
7281
6810
9321
2402
1408
8239
770
3156
979
7834
2362
2221
5854
3586
1173
3751
2163
8892
5676
328
9292
62
8593
3788
8179
2447
6976
287
3822
4701
257
4788
6296
1530
2841
6996
1770
1075
1696
7702
985
9534
2270
3799
6137
288
6783
775
832
3769
9910
3024
9221
7005
3613
1299
806
4879
7578
2689
7305
1643
5005
194
458
4113
8965
7190
2372
665
2755
1158
1547
2519
8663
1862
6165
8669
7622
6841
937
5431
8573
6113
4495
1063
4127
3153
7975
7597
1914
8785
1638
1843
1752
5774
4907
3683
690
8939
6992
165
4318
2136
1516
7800
7561
8765
1381
1996
8527
7155
3571
7706
9111
2063
8975
8145
5372
3644
9098
8878
5734
3316
9930
9511
9576
6474
7471
4052
3458
5863
9236
4810
1398
5056
3873
7253
3767
8736
9662
1570
4798
5159
4865
5686
3223
3951
5864
1471
4392
6518
2563
2309
4961
4685
9320
7115
3806
7164
5562
8600
6074
1311
883
3597
4270
1137
8302
2243
4439
6420
8098
2674
9974
3035
1353
4400
3808
276
1599
2372
9270
1060
9093
6150
1327
7600
9956
7141
5745
3334
9103
5428
2910
9559
2306
4466
1899
4273
8087
6276
7644
3724
5287
2945
5515
6369
6861
555
9656
9010
6
1733
8426
7050
3989
3861
4724
9522
8067
2711
9395
6077
5091
139
1939
5393
4884
4812
672
9523
2207
8926
9498
7613
4032
6179
9362
6590
8306
5402
2402
7166
2083
4965
8025
2060
8999
7622
7876
9911
3496
9029
264
8437
7242
6192
539
4595
893
1856
4994
8250
7980
4468
1829
1738
4018
1388
5583
5814
9372
5267
1106
3115
8745
2346
9319
3726
3199
1389
9619
9506
4983
8277
2949
7794
6456
4649
5371
9025
2689
3745
6021
4939
912
8265
993
8888
6656
9055
6549
4045
4847
6025
1932
6318
4605
5462
4231
5428
7968
463
373
2535
9093
5321
5245
568
6369
9722
8952
1918
2069
9701
364
9835
9568
6116
50
8217
8270
753
7017
9607
142
8769
9908
3578
2018
909
6286
4242
3679
7886
8110
8826
3924
2293
7653
251
4056
8181
2180
5902
7164
766
3291
2188
4815
2022
332
9780
7088
2437
9918
2871
6062
5773
5790
2452
4396
4692
5183
8523
7904
1008
8274
8032
3082
9518
4561
6815
3378
1055
2757
3798
3978
5136
135
4995
9747
5540
707
6410
459
2864
5817
7811
7811
483
1485
2255
7903
3743
8607
8837
2375
1224
3381
1053
2539
3416
9188
9447
4291
9997
3069
4153
2755
5040
3955
9268
2910
4723
955
1154
6818
5686
5021
7662
1953
5909
5863
4927
6064
978
4033
5682
9832
4826
8331
6148
8569
1703
3858
8905
7374
5938
8561
4971
876
5362
8708
1683
2213
390
2840
9341
9641
3018
7007
299
4908
9753
3840
9849
3698
7472
3178
6920
9622
6091
808
6969
6826
5566
7552
359
2697
1602
982
5697
5992
6650
8670
819
6859
6128
7055
7969
741
929
6962
2320
6695
7122
2074
8512
5529
6286
7389
233
4822
4173
224
9744
721
9954
674
1399
246
2529
351
1167
156
683
1604
7722
3350
3143
5970
8913
8248
1807
1531
8111
2567
3492
8890
8552
8713
7055
5679
6234
124
4134
3512
8734
6355
151
4395
6875
8218
2083
9103
6520
4314
5018
4411
2347
584
9071
9686
3906
3000
4055
9918
2349
5296
804
9988
7766
4631
1416
996
127
3004
825
9458
8135
8514
9856
2624
1608
3817
6733
2124
1248
1912
1034
2646
4201
9030
2586
6943
9703
1497
5150
9469
2894
6293
3796
1900
6414
9878
957
3599
2252
4713
8665
8947
8606
8756
9330
4900
3586
2038
5313
8136
683
7449
3664
4282
890
8868
2797
6498
6901
7261
2840
7695
2518
1036
7594
8534
9635
8538
3170
8212
8133
4552
765
3871
1191
1852
7744
7451
5021
5895
1269
6041
2030
5906
5440
986
2480
9622
1725
1601
5295
2298
7944
518
8329
6967
7417
3702
9913
5416
8298
5576
6462
4909
8390
7227
7623
3247
7359
5995
1197
9214
3468
5314
7837
773
5054
8235
2960
3231
8045
6833
1945
7075
9763
9670
27
8411
5893
9441
9652
419
7706
3054
6586
6876
7081
2009
9905
544
9331
7637
5286
6416
4586
6887
4954
4841
2125
2816
4814
8613
145
3447
4840
4253
5917
7268
4096
9372
5202
7481
1097
9567
3141
2604
2991
1097
4875
3999
7097
3171
8384
2768
6491
5680
9699
1611
5404
3103
7169
5646
8798
602
445
7877
5743
9867
9257
2228
347
1581
3172
2179
9068
8784
6704
4019
2111
135
942
1455
6916
7836
1129
9566
514
9092
4459
1092
4612
2204
6144
9272
4132
5794
5509
8897
4867
9329
156
3865
4530
8676
2448
8227
8336
8091
7935
2841
9664
667
9864
5182
1829
5936
2306
3091
4157
766
8887
1637
7912
933
5596
4211
4836
1011
2830
7933
5799
9939
458
1928
9511
8195
9016
766
2873
6691
1733
834
2196
6249
3612
1729
5249
6626
4545
7124
5090
9251
7914
7618
1708
7373
506
7266
9186
415
4218
607
2127
9974
5382
9220
9008
2543
1106
6758
7979
7516
7863
1937
1856
2613
5518
730
8827
4678
760
1268
5747
6023
6728
911
3714
761
9213
6106
721
3499
4111
9801
2432
5228
8165
3362
7183
1419
9201
4993
2395
9147
8585
2811
8088
3538
6547
3503
2424
8465
7244
4584
4149
4605
6517
4208
705
5276
1850
3807
8855
9835
4608
4417
8173
6732
1707
9381
2425
7677
8313
5585
4237
9763
8814
4131
1728
198
7197
1187
7883
2725
9392
836
5212
5915
7717
4873
730
1497
6805
7892
7254
2931
7057
1417
2395
9431
123
4146
8066
6535
2318
1756
7860
9544
5227
126
9548
9315
7938
4265
1960
7945
9
2027
860
3155
2716
2798
9203
2375
7985
8525
3716
4502
7670
6391
8621
9475
1082
1628
1870
8222
3125
1108
9012
4974
8964
1695
8496
78
9989
7863
3876
3438
8363
3681
9689
5770
9710
4211
6752
6855
5523
2959
9699
1370
9812
5518
9879
2339
5211
8
4097
2086
5680
7295
2802
8890
5260
4939
9568
9994
42
304
6610
9882
4521
9100
1783
2947
4256
2188
932
8159
3631
6302
3928
7489
8429
4289
1310
491
8180
5017
7167
6019
3221
4015
9009
1615
6808
5157
2191
6797
2501
2039
8230
5551
4568
4669
7674
6996
1029
2173
3363
1346
4728
3261
2135
8479
5623
2102
2085
7439
6198
1604
8491
56
8359
1162
7509
7713
4044
8962
4595
105
2138
5010
2501
116
5564
2266
3270
47
1393
4330
8834
3893
595
9729
6276
8586
7541
5488
2801
244
8664
6300
3019
2586
7114
3299
4691
2069
7275
918
7518
7379
3325
4260
7634
3082
9496
6231
4462
6857
1304
775
9012
8138
8980
7229
9891
8372
3355
3571
7461
429
7052
6022
5297
6141
9730
3933
7150
2526
7626
5588
1078
8687
6035
9985
9730
1687
6161
5799
7704
118
9486
5177
3533
8631
5342
6262
232
5666
9085
4866
6597
8639
7303
8646
5843
2149
5379
8478
155
7264
4285
8704
1325
352
9359
3596
2728
606
8683
9279
6614
8218
2295
5346
8402
9583
8294
6975
6535
9128
9039
6307
1206
3229
2924
3535
7027
8101
3522
3945
5149
7791
3399
6447
8328
7420
6261
2459
1033
5699
665
34
2669
3624
744
6439
6
2503
6528
7101
467
6010
2102
905
1467
6250
4417
5733
5974
851
5633
5441
8376
9504
5037
1957
3691
5813
8681
5937
3240
9579
4096
1509
161
3845
5972
7148
1854
9602
2959
3443
3666
1468
7396
6696
7225
2429
231
926
6977
6913
6294
4940
5841
5974
7203
901
9722
8847
5631
930
8665
6617
8068
5003
4422
2885
3231
4614
7869
7252
4264
5222
1094
6785
2095
9860
6899
6471
4997
9595
6326
1603
7348
5901
7500
9861
748
3459
9929
5328
699
3314
7553
849
3656
9193
9600
9868
3501
1511
7464
4273
3726
2729
1493
8206
4138
9937
4510
5134
7517
1954
4090
5183
6015
5576
7915
4033
3101
6181
92
3627
1730
7109
1379
6711
6913
7811
5235
2749
7138
3620
7170
8638
5015
9729
2705
1847
5209
5571
6893
5861
6852
6535
4528
6071
5947
6001
613
2831
8298
6604
791
7475
8966
4015
8724
6448
8963
7308
6979
3662
6098
514
2287
2398
8452
9410
4095
5695
5792
2478
916
6529
61
6029
3454
5537
605
6188
7947
834
1366
5054
9565
5037
6189
676
295
5887
433
5384
4228
4881
1026
7539
3204
6101
9036
2063
2083
3100
2500
1814
7240
4468
6141
7609
7063
6751
9447
1245
211
7311
9014
7439
9940
6861
4090
1848
3168
4872
3120
3148
8249
8187
2196
4701
6324
5079
3297
3740
8177
6048
9239
2655
4076
244
808
8734
8526
3557
3743
4584
5664
6280
6429
6034
8318
6294
4753
5759
8644
2544
3284
1788
2760
4847
4510
5890
7779
8745
8856
7582
7421
8176
527
6637
6548
708
8289
9201
2409
4425
9784
5985
9799
1315
4032
5868
1392
3246
8375
6318
8502
1866
2048
987
7699
9939
4579
1240
4582
7294
1061
5049
3803
3920
6063
1301
645
7753
4909
5973
6970
5293
8886
5580
1067
7843
7635
6385
8591
9591
8382
3863
9467
5226
6617
3741
6272
7289
5383
1841
1265
475
5835
4544
9855
5507
1915
6537
882
4454
8864
3439
6870
4774
5869
1933
3825
189
8554
4115
8813
9686
556
6415
7702
9412
5890
3863
8017
4166
1262
1107
3830
5650
8799
2520
4028
686
4855
9614
9040
7855
3421
5379
2002
8376
3250
2264
3404
5172
4424
633
6671
1582
9731
9466
2587
3421
3120
3405
4203
1182
4125
4849
2971
1449
1412
4804
3208
6534
1415
4376
1074
9144
2793
4244
5904
4951
9447
5009
3808
6796
786
6101
5721
6181
1321
8973
3231
8344
7687
7362
2898
996
1750
830
1892
9891
8927
408
1109
7516
6448
8892
6861
8710
2376
7686
1941
7702
2706
6412
114
4793
2555
3515
6735
4253
3249
186
2373
5625
1083
7483
9066
6830
2847
4208
5972
453
9956
6378
4648
3415
5589
8220
5540
3051
8829
9566
1893
4714
9029
9325
9157
1551
8968
9488
8372
6939
6224
6982
4914
8213
5663
6875
4343
8830
6907
9738
6223
721
6774
651
5254
425
1689
221
1803
4686
7357
5503
4196
9319
8534
5225
8446
5603
4765
5720
5598
8579
9016
5142
1945
4671
8552
71
2781
2953
7982
815
2826
5470
2778
2322
2609
2248
6098
1892
1303
6864
9644
5615
821
3889
8521
2082
3360
9848
1197
5126
5088
4904
3967
716
8591
779
2777
370
8031
5938
7980
8933
5976
2189
9860
3553
3470
7062
6611
6035
6315
2919
6285
4623
2990
8748
496
6269
3519
2691
573
1486
7437
3568
1015
5997
2759
7613
1927
1697
5683
5503
1050
7135
1406
7875
104
9708
1025
5303
4865
6576
3100
4070
9061
7269
8225
3563
5680
2207
4736
2151
7921
7270
3659
8141
3846
3278
2165
6298
8134
3960
1500
5682
6538
369
4159
1333
9161
4920
5677
1697
8510
685
9517
7393
3928
8261
4356
1283
8110
9690
950
4648
7005
9695
9420
9044
911
3505
9694
9237
9242
7641
221
1984
2226
2543
8799
8486
1371
9384
3672
5126
128
8608
9874
3069
3033
3186
5929
4424
8925
7075
6342
7706
6292
6607
9797
5241
2214
844
5141
6130
1062
4603
4987
5341
2485
8589
8819
8747
8324
4929
4437
8427
106
1115
1792
8269
157
3841
6501
9438
9201
7679
6611
978
1978
1530
6490
5567
2736
4961
702
7413
4222
688
3546
3980
4823
8767
3422
8039
918
9479
1175
2244
5183
196
298
1141
6936
869
1581
8840
7614
1088
3009
2002
5429
9603
2719
9883
4447
38
3790
4371
7992
6556
1439
5043
7708
9737
7029
3693
3110
7085
6532
693
7446
1965
1237
489
2637
8115
9331
476
2056
9452
4725
3120
4151
7039
4232
1745
8489
7038
9128
7487
3158
1140
8444
5060
4200
6111
2635
6948
1863
6983
686
7441
2624
2684
5556
2974
9185
9822
1804
8316
3379
7861
6722
416
8004
641
3529
2661
4177
8108
7105
7822
4717
5084
5525
9236
7680
5125
597
5549
7022
6202
2635
5358
7778
772
1019
2231
4199
9419
5820
9324
6740
7009
8637
2741
834
1790
5478
1515
6411
3302
1532
9458
4432
3287
6928
534
3254
8959
3029
6670
4559
4026
6605
350
8545
8152
3983
6456
4005
3037
1670
7394
478
5218
73
3843
3683
2250
8162
9222
9787
7663
3662
5793
7796
1898
8176
2032
6928
305
8226
8042
7981
7306
8953
7701
3743
6782
355
9798
2764
969
4176
6992
1780
3822
6954
9982
603
8088
8643
6796
6645
7930
9130
1486
861
6296
169
20
8561
5583
4333
3990
7709
335
8435
5433
9554
4505
2972
9380
2403
2915
621
5644
3404
968
629
6058
3472
9068
3947
7567
8173
4077
4932
3662
3230
1638
3774
6855
4349
2221
6700
5220
9427
3676
8719
8268
9421
5149
45
7078
7836
1294
1984
5303
6362
1475
8030
4524
8452
8859
1568
7539
392
7755
145
4308
108
3447
5797
9837
392
1823
707
2442
2290
390
6033
4164
4212
1597
4490
2464
284
9982
7407
3384
2720
8773
2695
4695
7691
2600
5188
8014
6713
1112
3972
2740
507
5488
7456
9018
375
3753
7573
3867
5167
6624
124
4147
8236
5807
8920
375
8599
6648
2892
5378
3427
9233
1574
5664
1979
9752
8972
8098
2804
6040
2129
7506
9790
260
2356
1041
1628
4608
1878
5596
5437
2303
2934
9181
919
6390
8810
8830
5840
9696
5948
5496
1784
8587
1615
9609
4854
655
3436
8676
5197
2031
2317
4707
1338
3128
7782
23
6941
9046
4763
2240
5010
8070
5169
2232
5291
2198
1205
9689
1291
5977
8931
5951
2754
4390
3077
4248
5792
8496
1768
5320
5848
817
4380
4809
2419
1903
6552
7296
7709
976
5319
9483
7008
9498
8835
1942
2123
1715
908
5197
9486
1223
3045
1675
7109
7864
1820
7440
7806
1216
8548
6306
9625
7858
1441
2363
9180
8174
9375
4544
944
5283
1182
2417
5083
6734
8478
2332
8042
4673
196
2668
7371
6911
3622
9087
8581
836
8185
8230
5748
9762
1748
8629
9381
7782
7488
2186
7738
7736
5054
4730
202
5313
6501
5815
3528
471
2983
1406
4031
7844
608
3180
2135
5125
3354
9361
9622
4766
383
1805
9030
8171
1596
5478
2318
1265
6877
6828
1552
6418
251
8436
6031
9023
864
9104
9883
649
3379
367
4107
9280
1092
9473
821
8092
9637
8563
5452
3114
2594
73
5175
8110
6367
7241
3002
455
6637
4964
7732
5008
8985
7040
8452
9250
2897
6240
232
9591
244
4453
8995
6729
805
1373
4250
3017
682
8522
4140
2140
407
622
7660
5248
9635
3026
1180
1244
9748
3766
1384
8629
1692
4835
9772
4268
6591
9212
4290
9765
3487
6130
924
2867
7446
6790
5434
9695
3855
7402
377
9512
6370
9537
2824
8324
6202
181
8136
5844
8517
4103
6192
3461
1191
4464
3210
4371
2411
8326
1294
2328
9959
1803
2456
802
251
2112
5000
5315
4790
6406
6103
9714
7349
8949
8369
3567
6793
8101
7043
2339
4468
7818
2097
3317
3744
9405
5380
3321
1963
8836
2975
2996
7906
1828
5517
3819
3929
7229
6649
2040
8613
3492
3194
654
246
206
9032
6532
2373
6263
8063
3597
8197
8787
2847
3561
7961
8012
109
3940
9202
7050
1931
5996
7491
3904
9038
9040
5491
2675
7729
835
2750
9558
982
5440
3289
16
5748
9160
6272
6671
2050
6678
5742
9702
6190
420
567
7314
6122
2215
6261
1962
1539
1700
5454
2613
4096
7094
9198
6917
5252
3480
5750
5297
559
8060
5425
6800
6439
9662
7711
1345
9934
5379
5984
6280
3809
2923
9070
1075
525
6485
2999
9898
3166
5042
310
1381
5781
3937
1821
5639
5397
7306
4737
2280
138
3158
8722
9889
422
2347
3254
5168
6121
7734
4449
8012
8493
2241
3170
1250
8044
7860
3869
5613
1262
9495
9920
4245
1746
5846
6837
7662
9144
9885
3459
241
5433
9970
9809
7175
676
7443
5065
1074
4870
2196
2596
8230
229
8123
4023
4660
5113
9351
6746
5592
4808
9962
5953
6392
1004
343
3401
5549
8819
9142
1808
2238
5698
9285
3249
4791
7959
8969
6971
5049
1626
3234
9166
6251
2110
7196
2113
1166
1610
8945
6370
382
7599
1212
3419
4500
7638
169
4509
968
2520
7065
4860
2244
5592
7265
3271
1460
4672
2737
2994
9961
4503
4658
9602
7757
6108
1193
7572
2593
4610
7752
9626
8307
280
9828
1699
8555
9364
9665
8742
2035
4875
2489
811
743
4591
7835
2710
9474
4102
2400
9905
6376
9907
7097
8468
6450
9731
693
5588
4932
4374
4911
2853
9163
6759
5347
637
9010
2762
8657
5911
5539
9458
5722
3841
6394
1292
5576
306
1285
3995
8202
6843
7720
5600
9420
8185
3934
3238
9605
4132
8570
1544
6506
6408
1866
6832
6672
1645
3533
4300
1470
2645
75
7390
8465
9393
3827
5249
5290
9936
5426
5508
3906
5317
4207
4132
6061
6980
2628
3274
7052
9482
854
909
5021
2070
4101
4134
6733
2247
8143
8847
6269
8099
1359
8566
4754
6401
196
1956
9382
6179
8044
1092
1021
2612
4751
4786
6674
6938
3399
9890
6351
6888
5885
4746
907
4179
8495
7597
9838
1855
4429
453
7632
9861
1284
5404
9088
5443
7058
2519
9201
7360
3767
2208
7422
2874
8588
3054
1549
7614
3390
7971
4098
9043
3795
4482
3754
2676
4445
9995
808
8280
4668
628
6765
9728
2669
4757
7216
6556
64
2016
4189
3162
1240
4220
569
1612
3004
5933
3012
4213
8554
6769
3639
9568
7259
4649
5693
3516
6594
1874
5838
1016
2205
2399
6695
6151
590
5877
6933
4864
2084
2546
415
9589
9874
3819
8900
5166
7233
9329
7178
1330
49
4655
1365
4417
1274
6099
5224
1808
6130
694
2582
5121
7863
8346
641
1151
2923
4767
8020
4915
7920
370
7852
4038
329
6338
7680
756
6000
5760
9794
7737
5462
5634
9262
2779
9093
9620
5983
2451
497
2653
881
8361
5245
9833
7137
123
5705
8248
5584
6489
2329
7746
4326
8656
2561
1125
5748
4338
9229
2397
1634
7551
5517
9310
167
1426
3310
5297
3222
6201
6051
4297
1909
7058
306
1969
3850
831
5947
4404
3614
5462
6931
7096
7283
8280
4895
3975
9538
9036
5164
9404
1484
2439
3867
7079
3059
313
9465
9436
7121
6759
8189
9534
7958
2497
1595
7188
1679
1520
3733
4502
5585
6142
8657
8918
5862
305
2422
3165
3406
9493
8592
1329
5174
3861
4243
5424
4566
694
5740
2779
5572
1649
3474
898
5095
2394
1100
4440
2150
5505
5420
2243
2446
9605
3449
1090
6194
1024
9258
7947
2653
7747
8014
8784
7603
4590
8809
4621
8757
7308
569
3441
2852
2105
9239
2679
1197
3857
6712
640
6962
9479
7059
7310
9545
7966
3245
7455
6205
4712
4592
4292
8370
3256
5210
9533
8919
3782
7522
772
1380
7550
7301
322
2355
7829
2478
7377
235
6826
9893
9616
8006
1941
7038
3292
933
4783
1874
2257
5386
4717
9883
397
4050
4330
7272
8109
7478
7807
5984
9719
4966
5666
8532
2195
8870
2505
2573
8486
309
2649
1173
7788
5080
4399
1777
5569
5318
3962
3420
4813
7724
2707
2559
8490
2129
187
8459
1187
3171
6399
7017
7002
7568
2970
3017
2534
7617
8648
4248
4008
9697
4082
4637
8280
8523
7162
6049
8977
6689
3989
5710
3669
2313
2624
5456
990
9714
2528
5337
5011
4020
9962
721
5923
597
395
1322
4752
8232
646
3409
9835
3937
9480
5648
6361
2387
8969
4465
5311
1994
5250
61
1007
8052
5621
6403
6494
4121
9629
1732
2353
7596
9619
5546
9188
1114
4362
5801
3990
5648
4296
8638
6565
9993
1121
9316
8721
6052
9329
3125
2624
9028
8902
6013
5581
5089
5944
9771
2126
4891
1702
8865
1521
3007
62
6922
4769
5923
8617
9451
1195
9435
8177
4738
7239
3214
6895
7739
4902
5554
5509
6082
4231
5843
1669
562
6853
4947
3324
188
7345
7500
6895
2467
3831
1361
1616
8772
4527
6594
9277
8020
5523
3694
3413
1937
168
9731
3304
698
1867
9713
3306
3723
5865
4012
7587
7920
3067
3744
4550
5386
9660
4367
5164
6960
5144
7734
2396
8813
3522
766
5962
5703
1730
7294
5145
9728
8202
589
62
8773
9652
9493
3283
3268
9018
6243
3924
2698
6993
5851
3193
3914
34
2153
1584
266
326
8786
9559
1464
2782
9769
7075
1273
7773
6413
5216
4722
4978
4959
8710
3424
1925
7826
3492
4833
2301
427
9451
5509
4556
1592
3226
2927
8184
9997
4961
8390
3543
7417
7124
4409
1126
9959
3758
2255
7398
3793
3871
2203
6548
4270
6484
1518
7875
7948
5906
5015
9943
6281
5006
7525
305
923
796
4494
7826
6752
7762
9688
4302
4015
8295
3716
2207
1197
7166
2490
4707
8524
2537
7920
1043
2590
7836
7636
1456
5847
5680
6169
7484
5712
7472
1918
4002
4664
1523
9273
740
9157
5686
2547
6495
4616
1653
4493
1421
3487
5366
3041
7351
5252
1155
6403
9956
3458
3922
7046
5746
4999
6834
1195
832
7669
516
6020
9349
1715
8916
9526
4433
9953
6930
9245
6031
8489
4545
9033
6403
1840
4380
6470
9941
9323
3888
2362
1226
2031
9738
4008
9244
5088
8061
5089
1702
1051
3216
1434
8541
6656
882
7736
510
8695
9195
8488
4160
2628
9408
6155
6326
6468
7074
3647
3268
3239
3028
9289
3818
2728
2871
8733
9858
6663
7652
7408
5474
6823
8262
7445
7071
5091
1009
6452
3806
3452
9091
6025
9272
1086
7413
6024
2073
4849
6205
1102
3845
3514
7508
7618
3288
7729
3551
6027
24
3422
2204
555
5434
8189
8059
4265
9773
4784
4422
3613
9654
7908
1183
5828
9097
267
7620
6291
6290
8296
5313
6439
4685
5322
6083
5643
4248
6383
5364
7300
7746
2330
9032
9926
4016
9840
403
9578
9004
2779
5573
9095
842
8529
243
3804
3145
9183
1698
64
402
8399
5522
1600
6273
5658
9718
7959
2877
870
5516
2253
2293
5823
5885
5286
312
9044
1922
1275
4065
5609
2368
2406
4590
9722
5027
4790
11
143
8739
9667
3536
7274
2084
395
772
8749
6752
2331
6460
4665
6569
9465
9460
4546
846
478
9304
7566
8524
3489
1807
6300
3310
7694
4757
1873
1618
1254
5044
2509
8345
1408
8398
252
7771
6733
4554
4713
1733
8426
2840
8205
3264
8542
8914
8661
4943
4242
8162
7186
2661
1520
3898
9
5424
36
3940
90
4646
4336
3702
4318
8282
4252
1633
634
4939
1706
1127
3025
810
6984
550
9925
822
8334
853
6862
1301
311
3338
1587
3953
4652
2694
9156
3324
6332
4446
8539
1714
3768
6215
7783
3226
5034
1276
7816
9160
4886
7103
9369
9842
1673
4394
5574
3725
366
4992
1247
7939
3199
5670
5493
2035
7865
9991
3538
6486
1944
8344
53
8409
2145
4281
2650
780
1103
1381
3704
5989
9076
1142
7172
8130
3137
759
3716
2345
7522
7800
845
5230
1392
4504
1933
65
9546
8034
9941
7520
5726
5446
6766
2880
656
7314
749
7652
9629
7389
8177
2952
218
5121
7112
2157
9509
2850
3153
9232
4157
9359
6413
3481
1758
1604
6751
573
9988
2585
4978
9617
7825
1179
3306
6524
105
4245
8386
9447
7866
3147
4453
4659
9802
4626
1432
6711
5336
2127
8436
405
7957
4955
8465
8696
9467
2191
5838
6317
8587
18
4590
2266
8837
8876
7356
5999
7040
406
3583
9800
2905
1489
9992
2204
8792
6143
9624
6149
9807
8722
3503
908
2268
4271
2943
3056
2797
477
8671
2659
1827
4576
1355
3457
2559
4653
7385
3118
8824
8218
2918
3947
495
8228
5423
4869
1354
987
3644
6554
7853
3470
9894
6312
5591
6382
1866
4516
8023
8562
8213
6836
7263
6135
367
4618
9137
2113
4900
2541
167
7283
7805
1637
6063
9719
2638
579
4674
2154
4488
5339
3382
6215
6750
9295
7081
1422
7157
6537
4606
4417
7125
5924
2756
1787
6428
6616
2769
590
9410
9104
3999
4903
1319
7305
4925
8415
2808
2314
4822
7921
5472
3627
8910
3971
9835
4995
7320
8851
7574
3282
4116
5935
6690
3575
4534
6849
9000
2159
6147
2261
2502
2011
3941
3161
9863
8524
7277
6464
8033
3262
8823
5778
9704
3246
8265
6164
8704
9561
2390
9823
1631
3187
2159
1360
6641
9921
3209
6171
2933
2899
2282
4701
1797
4193
44
7245
7155
6433
612
125
6558
9827
76
291
2372
4745
7580
7982
6674
7478
6872
3336
9862
3409
5923
375
8517
6726
9441
6767
9785
4697
7418
1352
6722
3944
5306
2359
3166
7021
2453
5755
2563
4188
7960
9398
8168
7311
7466
807
5156
6668
3794
1872
2254
2639
130
4153
5459
6521
385
608
8438
7589
1447
8250
5234
771
49
6203
6203
7219
388
2142
2227
4719
1038
3825
3528
7829
7128
7089
794
2384
5255
6493
1371
9394
7682
1721
9183
6992
3086
2386
4546
7690
7653
696
6825
1765
6950
1117
4544
7255
3365
8057
723
4191
6099
2232
9416
3726
5064
5024
1690
9686
1901
1170
6064
6781
3286
572
7852
4877
7580
2985
1168
5436
7129
5094
9050
2195
9469
850
1200
6878
2173
625
3718
6783
9963
4877
5405
1311
5488
7674
3461
1185
2118
1283
3699
8276
5427
1830
9374
9590
8015
6025
6211
4000
2518
7096
601
9314
4569
3213
5407
7963
9295
794
625
52
2537
5733
3225
2362
4852
3760
3586
5143
2791
6773
9191
796
379
7899
4650
7293
8890
1063
4033
6873
1969
9633
7771
9444
4255
322
5617
3571
1600
2327
5191
8403
9939
7701
8097
1750
4086
1977
2050
1531
4371
3914
800
3369
5508
1838
4484
4695
8371
2565
61
1851
524
6182
4628
6526
5043
949
2730
1625
8754
7901
5005
3534
2507
2623
2233
596
5548
5079
1916
8576
1152
120
5570
7693
18
8404
9151
9657
1308
6489
9579
2427
2669
1211
4135
3940
4489
8570
238
3281
3659
5072
2934
1674
8294
6169
2470
9530
1081
9375
9025
4316
3024
5345
4097
9710
8631
4928
6095
1509
7450
742
5071
173
7719
4099
1784
490
2821
9893
1088
4032
7534
6643
9367
7787
9688
3990
3722
8300
1265
4005
4328
4289
2568
8411
8593
2112
3673
1159
6762
5487
8544
8784
2188
4403
8255
2947
3949
2372
9866
2603
6870
5849
4448
4555
3555
8453
7268
1802
1978
5597
3769
1964
8995
596
9036
2761
6758
8806
75
4477
609
2285
9684
9820
5224
259
456
911
6983
2949
8030
2638
3716
304
4963
3580
9407
9020
2335
5674
5003
6193
3956
8217
1206
2377
3072
8768
9764
1268
7841
6645
3674
898
4008
1180
1206
4881
3830
3370
3628
1347
9619
820
1340
9082
1933
8537
4975
3891
9245
9192
1631
6269
7302
4016
7622
5076
2919
2898
7935
8607
144
4180
8905
5522
5425
7301
7146
2000
6493
8569
5696
480
9277
2528
4467
875
2834
9559
7334
4736
5730
8954
2428
4420
7588
6548
983
1129
5014
2485
9467
4106
763
3086
6449
464
2803
2780
1320
9220
8898
8959
4998
4034
770
8614
2669
6614
8580
7225
1032
3717
4658
6803
7988
2619
5264
9386
2396
4844
8769
7227
8860
4537
9862
3431
5847
7218
289
3780
5940
6418
2296
3441
2323
5579
2644
4779
8942
8383
5369
213
3818
9112
8368
5111
5901
1909
6880
3669
3529
4113
2092
5610
7446
5953
1814
2882
9807
7658
6528
8929
6562
6829
3763
5715
8299
6640
3529
8529
5066
4779
292
1996
1472
4187
9986
8682
3593
2646
7512
5498
5123
9148
4747
629
2558
486
5005
7379
5419
9533
9876
3287
9238
4666
8663
3401
6896
3254
3602
7438
37
1837
8090
2773
3437
7523
3530
6176
3358
4883
6954
5005
1886
7104
9745
7729
7158
6794
3697
4416
7090
8896
753
2491
4405
1900
6969
9878
697
3231
5830
2148
1764
6761
9917
9490
262
245
4780
8030
7855
1535
1628
3522
1821
9139
2579
2992
9875
7059
1862
619
6646
2117
7291
6447
8513
8743
9852
7583
3512
9344
536
4329
889
5332
2307
2040
2910
1043
8110
5782
4271
4398
7537
3244
3829
647
9301
5303
7257
4917
2718
5720
4475
2145
7989
5097
6991
3296
8116
5911
1937
3084
9739
3024
1529
2241
7200
267
106
6354
2306
6142
596
8357
8942
5935
6089
1234
9866
7003
1965
755
7551
6237
1366
3400
9685
5356
6707
426
1030
4355
617
2585
1188
7838
6841
1333
1350
1726
1197
5493
6013
6329
2433
328
8086
6833
830
5158
3848
9455
4945
8897
7388
2700
5963
5501
6045
3900
6113
6170
7941
9047
4676
1930
8631
7685
8795
659
8571
4726
1644
130
275
6043
3817
9098
8749
5828
8119
5032
8705
3335
8138
6740
3146
4969
2925
7398
2193
2077
7726
290
6517
8438
4917
8402
5303
6379
1028
2975
1346
1302
7674
5068
7992
4360
3042
8015
5575
6557
2393
7068
8666
3015
221
5775
5932
26
8464
1270
2823
8291
860
7321
1194
9558
192
6535
10
1202
7529
5390
5279
7235
8028
3239
2367
5956
719
9643
5208
9935
6247
5798
631
3907
2876
8087
278
673
5769
7776
1713
4531
6832
9281
4473
6104
6187
8203
5602
9952
6412
2819
2919
1057
405
8614
7678
2260
6372
2195
8741
7615
9542
4938
9867
128
1053
7567
5772
4834
5916
7306
4740
3887
9823
5934
4901
1715
2311
7764
8164
6504
1299
6947
2301
6579
4058
1310
3495
9227
5637
2523
5153
2465
3194
9611
2604
5248
2802
4843
7027
6707
2316
4582
8068
6813
1963
2261
6962
6825
7594
9588
5892
4846
9536
5217
7445
2526
3439
3316
5950
9100
4918
6422
4993
2616
7334
8239
1244
4185
3105
2208
9341
5797
5246
89
1461
8368
7865
8873
5765
9886
1288
7936
9621
2583
6265
8162
996
6502
2583
9370
1385
2445
8539
5368
3288
8073
4974
4969
2832
8174
924
2385
6353
9583
8021
5672
7850
8668
5006
3294
2817
296
4100
5580
6572
1013
736
4057
3276
8079
2310
8213
1626
7810
7000
6101
4586
3592
167
6236
9195
1955
8489
3
4320
4995
6902
3429
2489
6341
5564
4185
9306
2025
4147
172
9517
1982
363
7322
7140
9740
6401
5465
4486
5309
5841
6643
2635
7640
9781
3406
7635
1084
2731
3257
5568
3526
1828
9733
3764
8575
3993
2781
3172
9910
7304
7604
8220
8597
2429
4250
3821
5057
5052
1466
4817
6899
3034
4211
303
7759
3419
4945
8698
638
965
8279
6804
2460
4404
9708
1024
7951
2391
927
36
3938
2152
3111
2525
9070
6233
5180
8109
5796
2842
620
6319
569
7671
6875
4267
238
3309
8330
37
4171
4957
9106
1184
6888
4009
6829
9344
6808
4444
4562
6157
1602
3911
7483
675
4429
1141
2244
8294
4359
335
8531
5795
5810
8252
7102
7106
2299
5984
7837
2760
4761
7462
4125
665
8927
6696
2174
8730
5566
7979
5434
7011
8250
2968
6547
5507
4758
6820
855
8143
9630
9249
6050
9795
5714
8621
4449
2409
7082
4872
4766
7510
6427
3508
4349
209
1236
5733
6898
128
2229
9735
4876
7899
9149
8751
5762
3985
2141
1274
9337
9865
991
1249
5711
2065
9405
2558
9335
2690
2767
6440
3681
4805
8581
506
5461
9710
444
6819
1660
1415
5025
4294
8379
5704
4144
4545
5261
273
2951
5530
2428
9242
5724
3974
5884
4210
8391
1427
420
8563
861
8197
6362
3335
4379
7694
9929
2228
5003
9542
2930
3842
1638
6027
8588
9854
1190
9537
7417
1079
7783
8010
4823
9045
9065
5265
6511
809
4196
2369
6717
4368
3337
2946
6365
1713
7633
5219
5598
1702
7413
6083
1638
1975
3337
7913
5570
9969
8965
9924
7432
886
7089
4605
9259
14
2236
2745
2554
8684
2617
9546
1541
7627
2327
7604
2365
5223
2684
9037
9752
2520
2637
6286
8717
2456
2988
8102
5378
7174
111
9950
5647
3235
1753
1143
9374
8250
7703
8895
8898
1437
1017
2291
9313
3338
1626
2046
1856
732
7422
6272
4249
9502
1016
6330
5819
4250
805
4021
1423
336
2616
1186
1106
1762
2067
9804
6163
8396
542
8778
7691
4625
5080
4416
8788
3840
2391
7797
4696
3909
1981
976
727
6908
5481
9179
84
5137
199
714
493
6915
69
3509
8469
5527
8947
624
959
3368
9735
1372
7945
8907
6714
550
899
7041
3474
7693
7018
3526
1388
6705
3094
5159
5973
9575
444
7793
5958
7673
6993
9555
6394
9722
6316
3157
8958
9655
7557
3266
9332
3673
288
4641
1411
8103
4913
5890
3246
5513
9451
5491
8607
9495
9273
2114
2752
9855
8103
1181
8070
8006
7358
8229
9467
2006
9738
3169
2518
3157
9914
5551
2137
1942
4916
9045
1351
1673
1906
8774
2288
9165
7581
8432
7770
4006
2132
9234
6910
3977
6537
2602
4092
2453
9864
9068
8267
6476
6085
6623
7809
206
8049
7106
7851
5702
6584
8588
9723
494
2907
7521
8635
5726
4853
896
6034
1010
2236
8777
1538
6953
4037
8444
6346
3033
6500
8749
9855
7680
9455
2435
9490
6870
462
7439
5614
1726
6322
3690
5377
4555
4351
104
8357
6384
4183
4568
217
6159
5316
8461
5632
5186
3889
311
6726
8024
4821
26
3531
8632
5774
433
1485
7857
1110
6731
1830
8882
2885
4307
5055
8357
914
9869
1391
4182
1879
2748
997
225
1568
4577
7710
6697
8847
3502
915
3605
5392
5657
1170
5238
2020
2476
9047
1491
7484
3001
2390
8373
9300
2298
8648
6975
7545
9606
7312
2484
8521
1328
6601
3196
6021
6090
3918
2370
9733
7095
1973
7909
1096
1581
2857
1678
4150
6857
7586
8641
5957
1421
9363
380
9028
3732
2032
7068
7928
6599
3642
8127
3088
7608
5817
1733
4375
5435
2340
1551
4549
2852
6048
1738
3794
5787
5171
3957
1065
9820
2676
2141
8100
6523
1137
5146
1674
805
4827
7362
3905
6162
8562
4475
2162
5255
9561
1422
5320
1240
8966
2327
1844
8442
7576
9801
273
86
3829
6974
6319
6713
8575
8412
9934
1832
547
7763
2088
3569
3838
4195
6875
8061
7115
8907
6017
5474
5405
1452
4814
2213
8086
732
6
8540
3778
2262
7177
274
3443
8014
4124
9315
1577
4978
261
2519
3886
2813
6323
7756
6827
1957
2839
5867
43
5876
5331
7709
2554
435
8461
247
7065
1810
7151
4832
4993
8693
4415
5555
816
1993
3910
223
2821
8420
8160
2652
4245
9993
7199
521
9400
347
5787
5553
7875
1689
9242
3036
6946
7352
3272
1985
9186
686
9651
2952
8904
4106
7542
1885
4418
4882
1056
7746
4984
4580
4272
8300
1965
4206
7664
4989
2088
2056
1083
6210
3066
2847
6731
8978
4107
5533
2131
6903
870
756
8550
8329
605
5498
1331
9045
4682
4301
2542
4333
7492
967
7611
3338
9546
8381
6601
9196
1487
3634
8121
9058
3858
825
1242
1348
5896
8119
7379
1965
3321
8375
6508
9911
6548
2487
9609
687
9551
7471
1475
1063
5743
8706
2389
8410
7312
9821
7840
1002
2545
4876
3004
6693
1600
9468
9563
5062
4749
5611
1003
1032
4894
75
3449
9141
6095
102
1692
4589
835
9036
7477
6338
7771
3159
6833
8944
8002
4815
1480
7402
9363
9642
1285
1567
4263
9643
9234
5372
8431
3003
7472
6251
9786
6277
9088
8585
9795
251
1569
1301
411
1655
7702
5363
462
8444
9331
6321
5764
1370
3140
4401
9975
9792
4522
6597
6236
7579
2227
3609
2144
1037
6821
8794
8256
2121
6054
7685
9717
875
8011
4746
1706
1061
5612
190
2395
4387
80
9984
8668
4544
4586
4931
467
4065
5951
4058
9731
9392
4322
7123
3862
9603
6734
4282
4118
2906
3536
1822
2856
4600
399
3104
1141
9289
6729
1351
6918
5618
5595
7985
6556
9205
2140
5444
4954
8323
9830
7427
7055
7532
755
9820
7139
7971
8528
1198
4702
1245
5040
2967
8496
8728
5344
4364
1088
7911
6610
9250
6580
6491
8728
488
7705
6222
255
6088
1248
6265
998
4339
6261
2614
5801
8921
9725
9999
3070
3050
7148
7877
459
5526
7697
9309
1730
1200
8318
3909
4987
6194
1431
9348
7900
6170
2838
4175
9223
4018
6857
6791
2544
6142
361
672
6746
8670
7079
2525
1421
8114
3525
2439
3061
2829
6735
9261
9386
3363
324
6484
9416
9948
7621
3887
1835
6986
2408
5579
6152
2183
6201
5617
4650
5736
9102
2159
6376
3774
614
2256
9184
4683
6861
3302
4434
6113
5374
6922
6043
2902
6182
6523
381
4404
6337
6226
8919
4077
7587
2150
1030
299
9109
6235
6952
4837
3369
6502
5272
6286
3676
3259
859
3080
1416
6423
6246
502
7331
8650
5354
559
7175
6044
1565
9885
4927
9200
7606
8389
874
4581
5109
7650
4991
3241
6653
4938
3902
969
9102
4914
4143
132
6275
4941
7513
9742
4421
3472
6384
2799
9418
1473
9132
2187
9694
573
4595
9517
9548
8792
7714
3244
7209
6319
1005
544
2877
394
4528
4285
4638
5886
1793
2702
3243
7375
1557
109
6483
3026
4811
5855
608
976
1945
6605
5763
7910
3921
3452
9308
2201
559
7870
453
4360
9666
994
9469
746
8772
5494
6316
4486
1608
3709
6888
865
6015
363
7795
241
8279
5484
2494
3488
9729
6677
2447
2077
1789
5747
4922
3901
3684
9104
1391
335
9378
1844
3216
8684
8270
3799
2460
1789
903
6132
2493
4759
8237
9866
8139
3281
5768
8444
3595
9606
3705
6600
1831
6742
4252
1637
443
7175
6118
917
6969
6857
4545
7850
6746
6438
3617
3781
7458
9368
7666
3625
6782
6501
9232
2366
7181
4838
5139
6226
3048
1701
3013
6778
2016
9988
7153
8438
6754
7595
8969
1122
2009
1977
356
3160
4272
5100
5266
6051
3602
1771
9342
2223
8256
8320
5887
7452
2174
227
9130
6626
5467
2434
7304
5790
5116
2173
3632
2026
5188
4045
7088
2874
6289
7556
5261
2482
4581
7648
4965
6118
1584
1690
9037
3530
7719
9675
4892
1080
2659
669
3363
223
5832
1519
9975
4184
3072
899
93
164
1172
5218
7024
5090
8614
7503
146
5629
6062
4232
893
4913
7135
1960
2181
9998
4213
4330
6460
1461
1982
8169
8417
9135
9090
4722
470
5565
9440
219
7052
6266
806
3661
2957
1149
9548
156
5878
6875
7214
1959
6175
4009
2549
7419
7896
7087
9392
9538
4354
6856
4884
7336
3912
7973
4269
2862
9112
6673
3584
1416
2097
4463
5583
4610
8922
5696
999
5951
4973
6625
7178
6817
2719
610
7988
7365
1772
4001
9052
8085
6643
7780
3785
9761
5724
6261
8830
216
3586
167
4499
3552
8673
4167
5442
4949
2668
3247
6491
302
9755
2612
116
4011
3152
878
5105
7754
9700
9416
396
569
8995
2877
4657
9910
8033
1987
3880
355
8071
7476
5967
6405
5086
8774
3748
3307
3911
1245
1804
683
980
4214
5027
2056
2551
2228
8432
6832
9333
6728
4708
6066
9766
153
3487
7101
5675
5795
4095
7603
380
6923
647
2364
9342
5616
6824
2167
8814
4110
9950
827
2141
9021
4809
7052
4615
8278
5557
2249
9217
5109
4681
6546
7503
7401
6921
6424
4975
6313
392
3356
2565
9217
2670
713
9732
2762
2
7469
3462
9031
7460
3714
1400
4395
8058
28
4933
9384
8724
2571
1774
2915
2814
767
2130
5172
7954
8315
3120
1529
8247
7891
7766
8345
3642
4383
5716
8950
5527
5634
5315
4380
9476
4244
155
342
6474
7034
8693
8415
6033
5672
9358
550
695
8125
9493
5275
8509
3564
4130
4135
2287
683
9714
7816
1853
9236
99
4841
618
2665
2712
8240
9920
6372
5577
7376
6878
1372
9131
1151
9600
8820
6055
2850
3001
9278
9450
7365
4496
8717
8905
9143
3012
9048
7406
2433
4780
1210
5011
9287
5504
678
5194
7671
3998
5207
5318
5695
3306
8694
426
7595
9669
245
3500
9164
3320
5928
6518
1060
3965
2339
2681
3709
7898
2462
669
6361
9387
8710
2026
3268
9852
9213
3628
4438
2128
5457
3367
9349
7360
8698
3095
1304
4739
9549
7841
246
1990
9934
5004
6956
4105
3682
4806
7469
5574
9794
6437
2947
8414
3803
7834
6020
9170
3971
9267
3361
2683
2134
9006
1720
5942
3358
5717
6105
1296
2449
9787
2853
4825
2660
209
5074
7816
8302
3221
491
8028
327
9431
2724
9065
4063
5001
7196
1367
9387
35
9707
7923
5722
577
6939
4528
8085
4569
1779
494
3413
380
2909
4661
4479
3305
5833
7230
7162
8424
6203
5758
7825
5450
6000
2144
8756
5578
7438
6110
5113
2912
281
5900
1488
5042
721
5937
1316
1479
5241
9858
5325
9866
6371
397
2610
5927
230
3167
9035
9573
6657
1218
6501
8112
5258
9127
4735
6018
2287
7868
8098
3549
6254
9338
5965
4247
4448
6541
4206
1347
7984
2881
6108
8632
5145
8613
7489
5616
7133
7887
1797
6287
5346
7644
1782
6446
7686
9682
3844
3315
6388
9988
8440
7519
8623
7777
7573
499
7835
6073
6983
2352
5371
9981
6151
2186
6932
2802
7344
2856
3425
258
8908
7178
6944
895
9464
6759
3049
7940
4743
3267
8191
7050
9217
7721
1071
9268
8876
8970
3782
4056
5411
8786
9487
75
8914
9028
2009
8823
356
9906
3030
6795
4660
3275
6496
6687
3183
9936
1559
1107
9771
9012
9558
9075
2785
9088
9923
9929
7701
9297
4644
655
3910
3615
4783
8095
3281
1738
7578
8793
2448
291
9730
9712
5680
3444
1751
7057
9456
4909
8979
5057
3525
7228
4091
7651
7275
264
2318
4114
7061
3178
1627
8737
6085
9193
7152
1229
4632
17
4477
4971
8888
5486
6150
9075
4725
4843
6007
2344
3742
7425
786
4851
4713
3662
8484
6748
2402
5157
3493
437
8400
235
5470
7650
9075
9605
9573
3944
234
3291
2388
4657
5169
3209
8312
7386
727
5362
9397
9705
3133
529
4503
2366
3243
8078
1651
2628
5469
2666
3916
4756
4714
807
3089
9031
9093
9270
9299
2550
7132
4462
2821
7920
8174
1142
8236
1911
7610
4623
806
3367
7362
6689
7447
4244
3422
8673
4302
5727
7613
4267
7414
5620
5111
5122
4568
803
7950
2225
1614
9482
2466
253
6130
1739
147
4025
213
8495
5585
1685
5516
3303
6432
4341
6293
6970
5096
3065
4279
4336
136
6126
1047
6425
7354
6704
6103
1323
5362
2266
9721
6183
7232
3900
8065
1575
9301
7943
3384
1366
6753
7529
2429
5771
6571
9728
3814
5908
9947
2412
2468
9451
257
133
2196
1911
5624
2277
594
2658
485
2004
2024
4898
4233
9727
357
3815
4294
1748
680
9824
8591
4253
1723
5674
2807
1398
4733
3222
5739
6685
1768
5877
4236
1109
225
3266
2485
5654
9597
2125
4507
3604
5664
3520
7714
6410
4481
3887
6044
6500
6778
1873
6332
2822
1964
9141
7161
9869
8879
3539
318
2127
3798
3553
8046
2113
9009
2974
2549
3781
220
5790
3545
4782
965
2051
7183
4962
3115
6196
3530
8394
6066
7437
9599
105
6834
9698
5220
9127
7791
1073
839
6233
3268
6211
9994
510
265
8271
2107
5832
675
4700
8946
6613
7674
4960
1028
3514
7462
7833
5173
651
4210
4871
9674
9049
1315
69
1980
600
5106
2722
5337
428
7365
4592
2660
9312
8812
3401
8573
2562
7126
4008
8715
6478
7524
9611
805
470
9573
6819
9488
9835
8801
4357
3858
3690
66
4033
8902
9782
4044
3580
6953
157
6461
9820
6913
218
1342
2367
1549
599
954
8488
7286
6461
3990
7880
5189
810
9598
597
4143
2893
2641
5529
7643
6224
914
7450
6453
850
4080
6529
6842
913
4303
521
4163
2881
6997
2247
7103
8763
6497
9056
8313
2421
3093
1963
1081
5354
6260
3523
5238
4982
710
9161
9497
6335
4073
7573
8813
9363
5666
2486
562
8139
8705
8094
6240
5865
626
8883
3801
6611
8272
4851
264
7579
3028
8087
7893
4938
379
6370
394
9897
6133
9559
8880
4348
2810
3285
5954
3883
9543
5680
2323
126
6182
5836
9036
5589
2460
3960
7469
5953
6779
5397
2325
4883
3080
642
1821
7550
9863
486
4766
6699
9810
2776
3219
2042
5385
7406
6937
3791
9635
4849
834
5857
8978
6233
5401
4266
2213
1754
1121
11
3910
7371
422
3072
9604
4206
6004
5915
444
65
4518
8000
2704
7297
7
3772
9257
8853
5045
2515
7705
8798
7603
2181
8745
7513
8301
1356
1361
3741
6566
6484
1414
6040
2590
4231
9405
3297
5136
3444
590
3801
5111
9979
852
1604
8672
5128
4800
5101
4266
7754
6189
4091
474
2303
5311
5646
7803
238
2693
8165
2003
3664
8013
368
1761
3147
4774
4605
5139
5101
6753
4642
564
418
3969
6805
401
129
3985
6395
5724
7129
1972
4395
1386
4420
9400
4687
2792
1237
724
6646
4939
8707
9713
6440
7908
4642
6740
6952
7298
9466
1849
6095
9425
9270
9483
3434
1264
4204
6816
3778
4512
2708
7266
212
6665
9078
6792
4429
8279
5268
8451
340
2849
4353
7684
2788
7594
3518
8347
6308
1920
2063
5018
4884
9954
6446
6520
2486
1519
9227
9905
8055
7545
9070
6970
7417
7065
3867
83
5470
8508
1137
1318
9363
8362
4159
6763
7558
4647
3427
6830
550
4691
8945
6376
1094
4588
8476
8137
5101
115
2580
7384
7981
4268
1196
4081
6317
5630
4118
1885
4294
3771
6158
8464
8246
9466
1712
5995
9476
7424
2006
545
98
3501
5186
343
4664
6450
1445
8805
5538
2544
2857
8553
3032
8635
9537
8746
342
2734
2827
1978
5751
6536
1375
5781
1955
4933
3767
2486
1586
839
1275
5609
4636
1491
4584
9499
9246
2440
6460
2957
5627
2937
416
6920
4461
3004
6674
6442
5238
1627
5519
2254
168
6008
5513
3418
3212
9614
5482
2850
6899
7570
7014
3642
6663
1640
7782
536
9837
1890
5030
4328
5210
7892
2812
8681
6463
4930
9395
5077
2498
234
5396
3853
4186
3758
816
2387
6055
6586
8749
3361
4123
6853
7994
2999
7481
6498
9024
4386
6825
8277
7927
3400
7588
6163
5074
6240
4690
6946
2360
6749
9646
8863
2496
6556
1651
5903
8568
5747
4214
1869
2626
6761
5295
5282
2300
1797
6357
2291
394
1278
4628
6500
1122
1297
8382
1978
1220
2113
5691
6543
2596
9385
1102
638
7589
4957
9175
1886
964
527
2078
3419
8638
9661
4434
2255
9983
2791
8478
7232
904
7134
4181
5796
8044
856
7498
8815
6967
9632
4766
3597
6524
3835
9558
5963
1977
7845
1736
2511
1849
6106
3315
3512
5462
5648
9865
4831
9032
865
4330
6909
8735
5847
7165
2935
665
7648
3581
1253
3680
5921
1918
4352
515
7335
3338
8761
8383
5177
6621
4582
1914
9816
8297
7159
9421
9000
4855
8183
507
6025
555
3054
7249
2894
6802
9171
1500
8318
8043
1887
4450
3433
1631
3789
2222
3250
9806
525
7740
3787
6439
1143
2764
6991
8372
9453
8838
4088
160
8042
6043
1824
3062
9270
6052
8469
3223
3819
3498
630
4151
8082
481
3754
9109
1846
3553
816
2870
6827
8018
9760
6844
7383
979
5648
8936
830
7031
1748
4761
8860
3582
6349
9039
5674
411
1025
9857
8884
2599
4475
2183
3906
6897
1865
8325
8034
8064
5764
7477
7302
8823
9533
3456
8617
1859
98
2056
9245
4564
9583
4981
3025
997
4290
9322
6846
1946
4919
8995
3024
9254
8242
1390
2722
7910
3482
9363
8002
4590
2
1857
6212
1805
7652
5110
8402
463
119
3306
4048
959
6399
7209
4845
5127
1571
491
1398
4166
7513
3778
3861
5196
4254
5327
6727
2357
4738
6626
9452
703
8527
4860
4583
3194
571
1858
4132
4220
2707
3680
1353
7694
695
5352
3829
5174
9061
6630
5798
9265
397
305
9623
3757
6051
1296
3622
8592
355
3638
1891
2409
6335
3883
1172
2961
740
5769
4661
2701
8459
8432
45
2275
6811
134
1788
8679
843
1503
1569
7889
1941
8868
1832
28
3798
1251
2928
2461
4163
7763
6539
1902
6213
8707
2302
4342
2965
3518
6344
8151
514
44
4816
2788
6079
7592
5591
6461
3338
9577
5932
4744
199
9904
7342
6334
5051
1421
7564
7327
4580
3406
7385
2387
4646
502
4171
7294
4016
2853
1922
3182
5437
1769
2662
4468
4807
4001
7385
1069
1686
9354
6635
3532
9973
824
5996
246
1077
7043
1533
3658
427
2299
3327
6491
6837
4057
1197
1355
7083
4499
5126
2869
1248
7196
4402
2967
3495
6358
7766
8667
6978
4468
4818
7728
7525
4865
9399
3450
6649
8503
8150
6898
4541
4157
9588
1739
2551
9632
5081
8803
1240
5100
3656
6593
3614
3895
7081
6130
7475
2938
2770
9962
4402
7229
5716
5273
7562
4462
3553
9499
5386
6254
2764
2188
6892
6312
329
9495
7423
9918
2739
1801
1421
7490
1404
9942
9323
4990
9503
2455
7023
3057
6513
6335
3179
9927
5510
6281
567
6643
9776
4192
6813
9836
4115
7498
9854
7105
420
2978
4274
2985
2927
5248
5037
7419
8231
4472
6973
2103
8648
3484
4303
9616
2248
2302
1873
2103
2492
2901
1602
8357
4200
7531
8838
2964
1006
2546
1334
9451
1112
7681
6116
324
5520
4575
3691
427
9804
7402
1285
677
8407
3811
5191
9898
6234
3178
4679
6657
7898
434
8494
2055
7179
5729
8424
2732
2339
8951
7223
8042
6873
40
7399
6290
6779
5575
7085
8693
1471
1184
8297
4924
4481
6786
763
1044
7452
5432
4850
8137
9300
5059
9614
2158
4127
1030
4039
2167
1380
7933
2663
3891
4123
7562
1554
8185
2548
8253
5526
749
6660
6528
9581
6095
2666
8780
5423
6481
4592
6828
8149
8115
7309
9180
1176
9757
7191
1565
2648
1368
2582
9256
3561
8169
2067
9916
8519
5835
2159
950
9226
6824
2016
5292
9220
7540
4118
7382
103
6086
7004
1017
3573
35
7546
9857
7631
9401
3640
8219
1998
245
9932
6892
448
9617
5556
657
5866
9117
2976
1173
797
6793
838
8728
8883
4973
5897
3570
1288
2838
1284
4628
3973
6557
2271
7430
9831
8452
8052
6931
9470
4416
1372
9454
18
302
8979
1551
9920
2276
6458
6717
9938
3893
7595
58
2941
7183
9302
8630
516
6725
3450
7985
2186
4612
4576
2768
9940
2181
3793
714
4332
6238
280
8288
9810
613
418
1432
9517
2530
9458
8901
6735
4687
1809
6036
743
4654
9026
2468
6064
4328
5012
4675
6119
6478
4944
9298
4922
5197
8291
3460
9131
5475
7621
4936
6932
2344
1431
1056
8004
892
5276
5262
9975
7499
9374
5690
1636
1327
97
5730
5104
4706
149
8271
7585
5981
4965
3535
4205
258
6780
5349
1104
6851
4679
713
5467
7502
3445
8029
1530
8214
1708
2493
5838
9806
405
625
9977
1572
2807
3187
6281
4615
7601
728
2795
5191
2465
525
3089
1784
674
5456
1646
9010
5634
2135
2381
4376
7889
5136
5442
5331
7909
6135
5256
7739
3707
5325
3706
1249
9208
9291
877
28
973
7939
5658
5294
5561
2239
3034
6610
5336
3257
393
484
8841
8342
9405
8269
6590
272
7104
4665
1084
494
7049
5495
1426
786
6554
8444
5703
5823
1698
8740
92
2372
6386
7143
9200
4538
524
9460
7074
9094
1015
8829
9841
8955
8015
6782
9680
3663
6826
2395
5509
4392
677
8613
7488
9091
4765
3816
7209
3457
538
3060
5378
3807
6550
4102
9548
8976
923
7539
357
1769
7017
9472
2126
2168
2151
7185
5403
2098
9665
3852
564
2664
1248
1753
8105
8613
152
9689
2818
1911
7019
2511
5972
6215
7690
1855
1807
9399
9963
2546
2484
2407
1158
7731
1396
1395
7673
921
6612
333
2652
6786
6509
5250
1183
3992
1599
4620
4959
5106
453
5764
9655
2154
2628
7329
3539
3222
5070
7153
6704
8165
8483
8963
6623
4184
8647
383
9561
2891
6462
9619
2061
3247
2915
7450
7908
3077
5592
2395
4821
5977
5608
1564
52
1864
3560
3408
4037
879
7773
3796
1294
385
7111
3474
6411
7813
2026
6752
4091
9898
1613
6121
8680
8536
1195
4245
9156
2741
2679
3879
1774
6720
2717
6147
276
2989
5044
9402
2019
6029
4767
9587
4201
3418
8834
904
6236
7900
2114
8730
5923
8203
7461
7266
5026
3233
6137
6598
6051
8971
5361
7891
8063
524
4393
7053
1597
2318
3898
7136
9937
8502
8649
5010
3078
8322
2218
7768
6582
50
1507
8418
2053
8481
2635
1763
4318
9582
8017
6416
9205
6507
5688
917
7292
3937
1280
7806
3569
1662
7696
8777
5605
1037
815
5382
4615
4528
7827
9911
6526
7323
3233
2714
7973
9072
1874
6608
6561
8259
4406
3497
4495
5370
6050
8894
9080
4531
4485
8123
5430
6514
3065
6551
8784
3237
2309
8481
4977
5941
7695
9929
6567
4667
4287
3608
7864
157
6414
7629
6639
7604
925
9236
6435
1131
1971
6869
120
3846
2158
2503
3375
8557
778
8687
6936
2419
751
5145
4409
9015
8676
8209
1478
2934
9074
5183
7120
811
868
797
1275
9717
7098
1510
166
8867
8749
2220
7919
1646
3229
7398
3663
3603
6
6084
6273
7643
2464
305
2049
4457
5125
9284
4991
5248
5134
931
3378
639
5847
9780
4233
6186
209
2673
5757
4501
1878
3176
1762
5327
6247
5948
8908
553
5585
7083
2911
4418
1630
6045
8702
3600
8039
8838
2485
5789
5127
1304
8930
6988
6139
616
4286
1622
7910
9546
4634
1717
1425
9964
1892
3469
5247
4813
313
498
8095
5672
5684
7994
43
6865
7109
2191
1773
746
9293
3633
2992
1698
2709
4982
4628
8027
3870
4127
3420
6646
9283
9784
1010
5710
3082
2651
1787
461
3786
3075
596
1439
9063
3688
4027
7905
40
6011
5451
3829
4298
8879
9071
677
8941
5714
7
3458
4284
2615
3944
2216
602
1538
8862
5503
9256
1247
2125
257
3075
2143
4661
1075
7722
6735
4532
9970
5085
4727
8181
2155
784
2204
5750
7558
3615
2915
7399
8400
3468
4723
6270
7508
165
6869
6424
5222
5200
6347
9626
6652
7720
9530
1045
808
1217
933
5320
1974
6310
4183
32
2479
9189
7517
7482
9544
4912
6718
1016
5786
1956
8871
7474
2638
4854
8135
9732
277
3801
5908
5014
9825
2364
7289
729
388
321
7757
9884
7491
9913
4912
6686
9702
2378
2500
9567
4447
5090
486
1615
8436
1525
8664
1736
2731
1811
8364
6583
9649
485
4975
6564
5190
6549
7071
468
8809
7101
4266
8212
3308
6744
6373
4454
403
4725
7926
3192
255
8107
271
8559
8401
5686
632
2387
2653
6574
7735
4708
669
360
8878
2490
1230
3030
5185
1546
7132
3018
5138
1332
7493
