0
0
1
3
3
3
4
5
5
6
6
6
7
8
8
9
12
12
14
14
17
18
20
21
22
23
24
24
26
26
27
27
28
29
30
30
30
34
34
35
36
37
40
43
43
46
46
46
48
48
49
51
51
52
52
54
55
57
59
59
61
62
63
65
66
66
69
70
71
72
72
73
73
76
78
79
80
80
80
81
82
83
85
86
87
89
90
90
92
93
93
96
97
97
97
97
98
99
99
99
100
100
102
104
104
105
108
108
109
111
114
119
122
123
125
125
125
126
126
128
128
130
130
131
133
134
134
137
138
139
140
140
141
143
143
145
146
147
149
150
152
153
155
156
156
157
159
159
162
164
165
167
167
168
169
169
170
174
174
174
175
176
176
177
178
179
180
181
183
185
186
187
187
188
189
189
190
193
193
193
194
194
194
194
195
195
196
196
198
199
199
200
201
201
201
202
203
204
205
206
207
208
208
209
210
210
211
212
213
215
215
216
220
221
222
222
223
223
224
225
226
226
227
227
227
228
229
229
230
230
230
232
232
233
234
235
236
236
237
243
244
244
244
246
247
247
248
248
249
250
252
254
254
256
257
257
258
260
260
262
262
262
262
264
266
266
268
268
269
269
274
276
279
279
283
283
283
284
284
286
286
287
287
287
288
290
291
291
292
292
292
293
293
297
297
297
298
300
300
301
301
301
303
304
305
305
306
306
306
308
308
310
312
313
317
317
317
319
319
320
320
322
322
323
324
325
325
325
329
329
329
329
330
330
332
333
333
333
334
335
335
336
337
339
343
343
344
346
350
352
352
352
352
353
353
354
355
356
357
357
359
360
361
361
361
364
365
366
366
368
369
372
372
372
373
375
377
377
378
379
380
381
381
382
382
383
383
383
384
385
386
387
387
387
388
388
389
392
393
393
395
396
396
398
399
401
403
404
406
407
409
409
409
410
411
412
412
413
413
414
415
417
417
417
418
418
419
419
420
420
422
423
424
425
425
425
426
427
428
429
429
430
430
431
431
433
434
434
435
436
437
441
443
446
448
448
449
450
450
452
453
453
454
454
454
455
455
456
457
457
458
460
461
462
462
462
462
463
463
465
465
465
467
467
467
470
472
473
474
475
476
477
479
481
481
481
482
483
485
489
489
490
492
493
494
494
494
494
495
495
496
496
498
500
501
501
501
502
503
504
505
506
508
508
508
509
509
509
510
511
511
512
512
513
513
513
515
516
518
518
522
522
523
526
527
527
529
529
532
533
534
534
537
538
539
540
540
542
542
542
545
545
546
547
549
549
551
551
555
556
557
557
558
558
559
559
560
560
560
560
562
565
566
567
569
569
570
572
575
575
576
577
577
577
577
578
578
578
578
580
580
581
581
582
583
585
588
589
589
591
591
593
593
595
596
598
599
599
601
601
601
601
604
605
605
605
606
606
607
607
608
609
609
612
613
613
614
617
617
618
618
620
621
621
622
624
624
625
625
627
628
631
631
633
638
638
641
642
642
643
643
645
648
652
653
654
654
654
655
657
659
659
660
661
664
664
665
666
667
667
668
669
670
672
673
673
673
677
677
678
678
678
682
682
684
686
688
690
692
693
693
694
695
698
698
698
698
700
701
703
704
705
706
708
708
709
710
710
711
711
712
713
713
715
717
718
718
721
723
723
724
725
726
727
727
728
728
731
732
732
732
732
732
736
736
736
737
737
738
738
738
738
740
741
742
744
744
746
748
749
749
750
750
755
757
758
759
759
764
765
765
767
767
767
767
768
768
772
773
774
777
777
779
779
780
780
782
782
784
784
784
785
786
786
787
789
790
791
791
793
793
794
795
795
798
799
799
801
801
801
801
802
804
804
808
808
812
813
815
817
817
818
818
820
821
822
823
824
824
825
825
826
827
829
831
831
832
834
838
838
838
838
844
845
847
849
849
849
851
851
852
852
853
854
855
857
859
859
861
861
861
862
862
863
865
865
866
868
870
870
870
871
873
875
875
877
880
881
881
881
883
883
884
884
885
885
887
889
890
891
892
892
895
895
896
897
898
900
901
903
903
903
904
907
908
910
910
910
911
912
913
914
915
916
916
917
917
919
919
919
921
922
923
924
928
929
930
930
931
933
934
935
935
936
937
937
938
941
942
943
945
946
947
948
949
949
949
950
951
953
953
953
953
954
956
957
957
958
958
958
960
962
962
962
963
964
964
965
968
969
969
971
972
974
974
975
976
978
978
980
980
983
983
983
986
986
987
987
988
989
989
994
995
997
997
997
998
998
999
999

Comparisons: 11089
Swaps: 6216
Execution time (ns): 2