0
3
4
7
8
9
9
10
10
11
11
14
16
17
17
17
18
18
19
22
22
22
23
23
26
27
27
28
30
30
31
31
31
31
32
33
34
35
38
38
41
46
46
46
47
48
49
49
49
50
50
51
51
52
53
54
55
56
57
60
60
60
60
61
62
62
63
63
64
64
65
65
67
67
68
68
68
68
69
70
70
71
71
72
72
73
73
73
75
76
76
76
77
78
79
80
81
82
85
85
86
86
87
89
90
91
98
99
101
101
102
103
104
104
107
107
109
110
110
111
113
114
114
116
116
117
118
118
120
120
121
125
127
128
129
132
133
133
134
134
135
135
138
138
139
139
142
143
144
144
144
144
147
148
149
150
152
153
153
156
158
159
160
161
165
166
166
168
168
171
173
175
175
176
176
176
176
178
179
179
180
182
182
183
183
185
186
187
187
189
193
194
196
196
198
199
201
202
207
207
207
210
212
213
213
213
214
215
215
216
217
217
218
218
218
219
221
221
222
223
223
224
224
224
225
226
228
228
229
230
234
235
236
236
237
238
240
240
241
243
244
245
247
249
251
252
253
254
257
257
259
261
261
261
262
262
263
265
265
265
266
266
266
267
268
268
268
269
269
270
270
271
272
272
273
274
274
274
275
276
277
278
278
280
282
283
284
284
284
284
284
286
287
287
287
287
289
290
291
292
294
294
295
296
297
298
298
300
300
301
303
306
307
308
312
312
312
313
314
314
315
316
316
317
318
319
321
322
322
323
323
324
324
325
325
325
328
328
330
331
331
332
333
334
334
334
335
336
338
339
339
341
343
344
346
347
347
349
352
353
354
355
356
359
360
361
361
364
367
367
368
371
372
372
372
372
375
375
375
377
380
380
382
385
386
387
388
389
392
396
396
397
398
398
398
399
399
401
403
404
406
406
407
413
415
415
416
417
419
419
420
421
423
423
423
423
424
426
427
428
429
431
432
432
432
434
434
434
435
435
436
438
438
438
438
441
441
441
442
443
444
444
444
445
446
446
447
447
447
447
447
448
449
450
450
451
451
451
453
455
456
456
458
460
460
460
461
462
463
465
467
467
467
468
469
469
470
471
471
472
476
476
477
478
481
481
483
483
484
484
486
487
490
491
491
491
493
493
496
498
499
500
503
504
506
506
507
508
508
508
509
509
509
510
511
511
513
514
515
517
517
517
518
518
521
521
521
522
522
523
523
523
524
525
525
526
526
528
529
530
530
531
531
531
532
533
533
533
534
534
534
535
536
537
538
539
540
541
543
543
544
544
544
545
545
546
546
546
547
548
549
550
550
550
551
552
552
553
556
556
556
557
557
557
558
558
558
560
562
563
563
565
566
567
568
569
570
570
570
572
573
575
576
578
578
579
582
582
585
586
587
587
588
589
591
592
592
592
593
593
593
594
594
595
596
597
600
600
600
602
604
604
604
604
606
607
610
610
612
614
614
614
615
616
616
616
617
617
617
619
621
621
621
621
622
623
624
626
626
627
629
629
631
631
632
633
636
638
639
639
641
641
643
644
644
645
648
649
651
653
654
655
655
655
656
657
661
661
663
664
670
673
673
673
674
677
679
681
681
683
684
687
689
689
689
690
695
695
695
695
696
697
699
701
701
702
702
703
705
706
708
708
709
709
710
712
715
720
721
722
724
727
727
727
727
729
729
730
730
732
732
736
738
740
741
741
741
741
742
742
743
744
747
747
749
750
750
750
751
755
755
757
757
760
760
761
762
763
763
763
764
765
766
766
768
768
769
772
773
774
775
775
776
777
781
781
782
783
784
785
786
786
786
788
789
793
794
794
794
795
797
798
803
804
806
807
807
807
810
811
815
816
818
818
818
820
823
824
826
828
830
831
831
832
834
836
836
836
837
838
839
840
842
843
849
849
850
855
855
855
856
856
857
860
860
862
862
862
864
865
866
867
867
868
869
869
869
870
872
872
873
874
876
877
878
879
880
880
880
880
881
882
887
887
888
889
891
892
893
894
894
894
895
895
895
896
896
896
898
899
899
899
901
901
902
903
904
906
908
908
909
910
910
910
911
911
911
912
912
913
913
914
914
915
915
919
920
923
923
924
924
924
927
927
928
929
931
931
934
936
939
939
939
940
940
942
944
944
945
945
946
946
946
948
948
950
951
952
952
953
953
954
955
955
956
957
957
957
958
959
961
962
962
962
964
965
967
967
968
969
970
970
970
972
974
974
975
975
976
977
977
979
980
980
981
984
985
986
989
989
990
990
991
991
992
992
993
995
996
999

Comparisons: 16807
Swaps: 9052
Execution time (ns): 2