0
1
4
5
6
7
7
7
7
8
8
8
9
9
10
12
12
13
14
15
16
18
18
18
20
23
24
24
25
25
27
28
28
28
29
31
31
31
33
33
34
35
35
36
38
38
40
41
41
43
43
44
45
47
48
48
50
51
56
56
57
57
58
59
59
62
62
63
63
64
65
66
66
70
71
72
72
74
76
77
78
80
80
81
83
83
86
86
91
92
95
95
96
98
98
99
99
100
100
102
102
102
104
104
105
105
106
107
107
110
111
111
113
113
114
114
114
115
115
116
116
119
120
122
122
123
123
123
123
128
128
128
129
133
133
136
137
137
140
141
142
143
143
144
145
146
147
148
148
149
149
150
150
151
153
156
158
160
160
162
162
162
163
163
167
169
170
170
172
173
173
174
177
180
182
183
183
184
184
186
187
190
190
191
191
192
192
193
195
195
196
198
199
199
200
202
202
203
203
203
204
206
208
208
209
210
210
213
214
214
215
216
217
217
218
219
220
222
223
223
223
225
228
228
230
231
232
235
236
236
236
238
238
239
239
239
240
240
241
242
245
245
246
247
248
249
250
251
251
252
252
253
254
255
256
256
257
260
260
262
263
264
265
265
266
266
267
268
268
270
272
273
274
274
276
277
278
278
279
280
281
281
285
286
286
287
290
291
291
291
293
293
295
296
299
299
300
302
302
304
304
305
307
307
307
307
310
310
310
311
312
313
315
316
318
318
319
319
320
320
321
322
322
322
324
325
326
326
327
329
330
330
330
332
334
336
337
338
338
339
340
341
343
344
345
347
348
350
350
351
351
353
355
356
357
358
359
360
360
362
362
364
364
365
367
369
369
370
372
374
374
375
375
377
378
380
381
383
384
384
385
386
386
387
388
389
392
393
393
394
395
396
397
398
399
400
401
401
401
401
404
404
404
405
408
409
412
412
414
417
418
418
418
423
423
425
426
427
429
430
432
433
434
434
435
435
436
437
438
439
439
439
441
442
444
445
445
447
447
450
450
451
451
451
452
453
453
453
454
454
455
456
456
457
459
461
461
463
463
467
470
472
472
473
475
475
475
476
477
480
480
483
483
484
484
485
486
486
487
489
489
490
491
491
491
492
492
492
493
495
495
495
495
495
497
497
497
498
499
500
500
501
501
502
503
503
504
504
505
505
507
507
508
508
508
509
510
512
513
514
516
517
517
517
518
520
520
522
524
524
529
529
530
531
532
532
534
536
536
537
537
537
538
539
539
539
541
541
544
544
545
547
547
548
548
551
551
551
552
554
554
556
557
558
561
561
562
563
565
565
566
566
567
567
567
569
569
569
571
571
572
572
573
573
573
573
574
574
574
575
577
577
578
579
580
581
581
585
585
586
588
588
588
588
591
592
592
593
594
595
596
596
596
596
596
597
598
599
600
601
602
604
604
607
608
608
611
611
612
612
612
613
616
616
617
617
617
619
624
625
626
630
630
633
633
634
635
636
636
637
638
639
641
641
641
643
644
644
645
645
651
653
653
653
656
656
658
660
660
662
663
663
664
666
667
668
668
670
675
675
676
677
677
681
682
683
684
684
685
686
686
686
687
687
690
690
690
692
694
694
696
696
696
697
698
698
698
698
698
699
699
699
699
700
700
701
702
703
705
705
706
706
708
710
711
712
713
714
715
715
718
720
721
721
722
725
726
727
727
729
730
732
732
733
733
737
740
740
740
741
741
741
742
742
742
745
746
747
747
748
748
749
750
753
757
757
758
758
762
763
765
766
769
770
771
772
777
782
785
785
785
786
786
787
787
788
790
791
791
792
793
793
793
795
796
797
797
798
798
799
799
799
799
800
800
801
801
802
802
803
803
803
804
805
805
805
807
808
808
809
811
812
812
813
814
815
815
817
818
820
820
821
822
822
822
823
825
825
825
826
826
827
827
828
830
830
830
830
830
831
831
832
833
833
834
835
835
836
837
840
841
841
842
843
843
844
845
845
845
846
847
849
849
849
850
852
852
854
855
857
857
858
858
858
860
861
863
868
870
872
873
874
875
875
876
877
877
878
878
878
878
878
879
880
881
881
883
885
886
887
887
887
889
889
890
892
893
894
894
895
896
896
897
901
902
902
903
903
903
904
904
907
907
907
908
909
914
914
914
914
915
917
917
919
921
922
925
928
928
929
929
930
931
932
934
935
936
936
939
939
940
942
943
944
944
944
947
947
948
950
951
951
952
952
954
954
954
954
955
956
957
957
959
959
959
959
961
961
963
963
965
966
967
967
969
970
971
972
973
974
975
975
977
978
981
982
982
984
984
986
988
990
990
991
991
992
993
994
995
995
995
995
995
996
997
997
997
1001
1002
1002
1004
1004
1004
1005
1007
1009
1011
1012
1013
1014
1014
1016
1016
1017
1017
1018
1019
1019
1022
1023
1023
1024
1024
1025
1025
1026
1030
1030
1030
1031
1033
1034
1035
1037
1039
1043
1043
1047
1047
1047
1049
1052
1052
1053
1054
1055
1056
1057
1057
1058
1058
1060
1061
1062
1062
1063
1064
1064
1064
1064
1065
1065
1065
1066
1067
1068
1070
1073
1073
1074
1074
1076
1078
1082
1082
1089
1090
1090
1093
1093
1094
1096
1098
1098
1098
1098
1099
1100
1100
1100
1100
1100
1101
1101
1103
1104
1104
1105
1105
1106
1106
1106
1107
1110
1112
1112
1118
1121
1123
1125
1127
1128
1128
1131
1132
1132
1135
1138
1138
1140
1140
1142
1143
1143
1144
1144
1145
1148
1151
1153
1155
1156
1156
1157
1159
1160
1161
1161
1161
1162
1162
1162
1163
1165
1167
1167
1168
1170
1171
1172
1173
1176
1176
1176
1177
1180
1180
1182
1182
1183
1184
1185
1185
1185
1186
1186
1186
1186
1188
1190
1190
1191
1192
1194
1195
1195
1196
1196
1198
1198
1203
1203
1203
1204
1205
1208
1209
1209
1211
1211
1212
1212
1212
1213
1214
1218
1220
1221
1222
1223
1224
1226
1226
1226
1226
1226
1227
1227
1228
1229
1230
1232
1232
1232
1233
1233
1234
1234
1235
1237
1237
1238
1238
1239
1239
1240
1241
1242
1242
1243
1243
1243
1243
1246
1246
1251
1251
1252
1252
1257
1258
1258
1259
1259
1259
1260
1260
1261
1261
1261
1262
1262
1267
1268
1272
1273
1275
1276
1277
1277
1282
1283
1283
1284
1284
1284
1285
1285
1285
1287
1288
1289
1291
1291
1292
1293
1293
1294
1294
1297
1298
1298
1299
1300
1301
1301
1301
1302
1302
1304
1304
1305
1305
1306
1307
1309
1309
1309
1309
1309
1310
1311
1311
1312
1312
1313
1315
1315
1316
1317
1318
1321
1322
1324
1326
1326
1327
1328
1328
1329
1329
1330
1330
1331
1331
1332
1333
1333
1333
1334
1335
1337
1338
1339
1339
1341
1342
1345
1345
1346
1346
1347
1347
1347
1349
1354
1354
1358
1360
1361
1362
1363
1366
1366
1367
1367
1368
1371
1371
1371
1373
1373
1373
1373
1374
1374
1374
1376
1377
1378
1382
1382
1382
1383
1383
1384
1384
1386
1390
1393
1395
1395
1396
1397
1399
1400
1402
1402
1404
1404
1406
1408
1408
1408
1409
1410
1412
1412
1413
1415
1416
1418
1418
1419
1422
1423
1423
1424
1425
1425
1426
1427
1429
1430
1431
1432
1432
1432
1432
1434
1435
1435
1437
1438
1438
1440
1441
1442
1443
1445
1446
1448
1451
1451
1452
1453
1454
1455
1455
1459
1460
1460
1460
1460
1462
1464
1465
1466
1466
1467
1468
1468
1468
1469
1470
1470
1470
1471
1471
1471
1474
1476
1476
1480
1482
1482
1482
1483
1484
1486
1487
1487
1488
1489
1489
1490
1490
1491
1492
1496
1496
1496
1497
1499
1500
1504
1504
1507
1510
1510
1512
1512
1521
1523
1523
1523
1523
1525
1526
1528
1528
1529
1531
1532
1533
1533
1534
1534
1537
1540
1540
1541
1542
1543
1543
1544
1545
1546
1546
1547
1547
1548
1551
1551
1552
1552
1552
1552
1553
1553
1555
1558
1558
1559
1560
1560
1561
1561
1561
1563
1565
1565
1565
1566
1568
1571
1572
1573
1575
1575
1575
1575
1576
1578
1579
1580
1580
1580
1581
1583
1584
1585
1585
1585
1586
1586
1586
1586
1586
1588
1588
1589
1590
1591
1592
1592
1593
1593
1594
1597
1598
1599
1600
1601
1601
1603
1603
1603
1605
1607
1608
1609
1609
1610
1610
1611
1612
1612
1614
1617
1618
1621
1621
1624
1626
1626
1627
1628
1628
1629
1630
1631
1631
1631
1631
1634
1635
1635
1635
1636
1636
1637
1638
1640
1641
1641
1641
1642
1643
1644
1645
1646
1647
1648
1648
1649
1649
1649
1651
1652
1652
1653
1653
1653
1655
1659
1659
1661
1662
1666
1667
1667
1667
1668
1668
1669
1670
1670
1670
1670
1672
1673
1677
1678
1679
1679
1681
1684
1685
1685
1686
1686
1687
1687
1688
1688
1689
1690
1692
1694
1695
1698
1702
1703
1703
1703
1704
1706
1707
1709
1709
1709
1710
1712
1712
1714
1714
1717
1718
1718
1719
1719
1719
1720
1721
1721
1722
1722
1723
1723
1723
1724
1724
1724
1727
1730
1733
1733
1733
1734
1734
1735
1735
1736
1737
1737
1737
1739
1740
1740
1741
1742
1743
1744
1745
1745
1749
1751
1752
1754
1755
1758
1758
1758
1759
1760
1762
1763
1765
1767
1768
1773
1776
1777
1779
1779
1781
1781
1782
1782
1783
1783
1786
1786
1786
1786
1788
1790
1791
1791
1791
1792
1793
1795
1795
1797
1800
1800
1801
1802
1802
1803
1804
1804
1804
1804
1805
1808
1808
1809
1810
1810
1811
1811
1812
1813
1814
1814
1814
1815
1816
1817
1817
1819
1821
1821
1821
1822
1822
1824
1825
1826
1827
1828
1828
1830
1832
1833
1833
1833
1837
1840
1840
1840
1840
1841
1842
1842
1843
1844
1846
1847
1847
1847
1847
1847
1848
1850
1851
1851
1852
1852
1853
1853
1854
1856
1858
1859
1859
1860
1860
1860
1861
1862
1862
1863
1864
1864
1865
1868
1870
1870
1871
1872
1872
1872
1872
1874
1874
1875
1875
1876
1876
1876
1877
1879
1881
1882
1884
1885
1886
1886
1888
1888
1890
1891
1892
1893
1894
1894
1895
1895
1896
1897
1898
1898
1903
1906
1906
1908
1912
1913
1913
1914
1915
1915
1919
1920
1922
1923
1926
1926
1927
1928
1928
1929
1930
1931
1932
1932
1934
1934
1935
1935
1936
1937
1938
1938
1938
1940
1942
1942
1946
1947
1948
1949
1949
1949
1950
1950
1952
1953
1956
1956
1957
1958
1959
1959
1959
1961
1965
1965
1966
1966
1967
1968
1969
1969
1970
1971
1971
1971
1978
1978
1978
1979
1981
1982
1983
1983
1988
1989
1990
1992
1993
1994
1995
1997
1999
1999
2000
2001
2002
2005
2009
2010
2011
2013
2014
2014
2014
2015
2016
2016
2018
2018
2019
2019
2020
2020
2021
2023
2026
2026
2026
2026
2029
2029
2029
2030
2030
2031
2032
2033
2033
2033
2033
2033
2033
2034
2034
2035
2035
2035
2035
2035
2036
2036
2036
2041
2042
2043
2044
2045
2045
2046
2046
2047
2048
2049
2050
2053
2053
2053
2054
2054
2057
2061
2061
2064
2065
2065
2068
2069
2072
2073
2073
2074
2075
2075
2077
2077
2082
2082
2082
2084
2085
2085
2091
2093
2094
2095
2099
2101
2101
2102
2103
2104
2107
2108
2109
2113
2114
2115
2115
2116
2119
2119
2122
2122
2122
2123
2126
2128
2132
2132
2132
2133
2133
2135
2136
2137
2138
2138
2139
2140
2140
2140
2142
2144
2144
2144
2145
2145
2146
2146
2148
2148
2149
2150
2151
2151
2153
2156
2157
2157
2158
2159
2160
2163
2165
2165
2166
2166
2166
2167
2170
2178
2178
2182
2182
2183
2183
2183
2185
2188
2188
2189
2191
2192
2192
2194
2194
2195
2197
2197
2198
2198
2198
2199
2200
2200
2201
2201
2203
2204
2206
2206
2208
2210
2211
2212
2212
2214
2216
2216
2219
2221
2222
2222
2222
2224
2224
2225
2225
2226
2230
2231
2232
2232
2233
2235
2236
2237
2238
2238
2239
2239
2239
2240
2240
2240
2241
2241
2242
2242
2243
2248
2249
2250
2251
2252
2252
2255
2255
2259
2259
2262
2266
2267
2267
2267
2268
2270
2270
2270
2272
2273
2273
2274
2274
2275
2275
2275
2275
2275
2276
2278
2281
2281
2282
2282
2283
2283
2284
2284
2285
2285
2286
2286
2286
2286
2289
2290
2291
2292
2293
2293
2294
2296
2297
2299
2299
2300
2300
2301
2301
2302
2302
2304
2305
2306
2307
2312
2312
2312
2313
2314
2316
2317
2319
2320
2322
2322
2328
2328
2331
2331
2332
2333
2333
2334
2335
2337
2337
2337
2338
2341
2342
2342
2343
2344
2344
2346
2346
2347
2347
2349
2352
2352
2352
2354
2355
2356
2358
2360
2360
2361
2362
2362
2362
2362
2362
2363
2367
2368
2368
2370
2370
2372
2372
2372
2374
2375
2376
2378
2380
2381
2384
2385
2385
2385
2385
2388
2388
2389
2392
2392
2392
2392
2392
2395
2398
2398
2398
2398
2399
2402
2402
2403
2404
2404
2404
2404
2410
2410
2410
2411
2411
2412
2412
2413
2413
2413
2415
2416
2417
2418
2419
2421
2422
2423
2424
2425
2426
2427
2427
2428
2430
2430
2431
2432
2432
2434
2434
2436
2437
2437
2438
2438
2441
2443
2443
2443
2444
2450
2451
2455
2457
2459
2459
2460
2462
2462
2462
2464
2464
2465
2465
2465
2467
2467
2468
2469
2469
2470
2471
2472
2473
2475
2475
2477
2478
2480
2482
2482
2483
2484
2484
2485
2485
2488
2489
2491
2492
2493
2493
2493
2495
2496
2496
2497
2498
2498
2498
2502
2503
2504
2505
2505
2507
2508
2509
2509
2510
2510
2510
2511
2512
2513
2513
2513
2516
2517
2518
2518
2523
2523
2525
2527
2528
2529
2531
2532
2532
2532
2533
2533
2538
2538
2540
2541
2543
2544
2545
2547
2547
2548
2548
2551
2552
2552
2553
2554
2554
2554
2555
2558
2559
2560
2561
2562
2562
2564
2564
2564
2565
2566
2567
2568
2568
2569
2570
2571
2573
2573
2575
2575
2577
2578
2579
2582
2585
2586
2587
2588
2588
2588
2590
2590
2591
2592
2594
2597
2599
2601
2602
2603
2603
2604
2605
2606
2606
2611
2613
2613
2613
2615
2616
2617
2617
2621
2622
2622
2623
2623
2627
2629
2629
2630
2631
2632
2634
2635
2635
2636
2637
2640
2640
2642
2643
2643
2644
2644
2645
2647
2649
2649
2650
2651
2652
2653
2653
2654
2655
2656
2658
2658
2661
2662
2662
2662
2662
2663
2665
2665
2666
2666
2667
2668
2669
2670
2671
2672
2673
2674
2674
2675
2675
2678
2680
2680
2680
2681
2682
2682
2684
2685
2688
2688
2690
2690
2691
2691
2691
2692
2693
2693
2696
2697
2698
2698
2698
2699
2699
2701
2702
2702
2703
2703
2703
2704
2705
2705
2705
2706
2707
2709
2709
2709
2710
2710
2710
2711
2711
2712
2712
2715
2715
2716
2717
2718
2718
2718
2718
2719
2719
2720
2721
2722
2722
2722
2725
2727
2727
2728
2729
2729
2729
2730
2730
2732
2732
2733
2737
2737
2737
2738
2738
2739
2739
2739
2741
2742
2744
2746
2746
2747
2748
2748
2749
2749
2749
2752
2753
2754
2754
2756
2756
2757
2759
2760
2761
2762
2762
2763
2764
2764
2766
2767
2769
2769
2771
2771
2771
2772
2772
2772
2773
2774
2775
2776
2776
2777
2778
2779
2781
2782
2782
2783
2785
2785
2786
2786
2786
2789
2789
2791
2794
2795
2797
2797
2797
2799
2801
2801
2803
2803
2803
2804
2804
2806
2808
2808
2808
2810
2810
2810
2812
2812
2813
2813
2813
2815
2815
2816
2816
2818
2818
2819
2821
2821
2822
2822
2822
2826
2828
2828
2830
2830
2831
2832
2833
2833
2834
2834
2834
2835
2835
2835
2836
2837
2838
2841
2844
2844
2846
2849
2852
2853
2853
2854
2854
2855
2856
2856
2857
2858
2861
2861
2866
2870
2872
2872
2872
2873
2873
2874
2874
2874
2874
2875
2876
2876
2876
2877
2877
2879
2879
2880
2880
2882
2882
2883
2885
2886
2886
2887
2887
2887
2887
2892
2893
2893
2895
2895
2895
2896
2898
2898
2900
2900
2902
2903
2905
2907
2907
2909
2912
2913
2915
2917
2919
2920
2920
2921
2922
2923
2924
2924
2924
2924
2925
2926
2926
2926
2926
2927
2928
2931
2931
2933
2933
2934
2937
2937
2937
2938
2941
2944
2947
2948
2948
2949
2951
2952
2953
2953
2954
2955
2957
2957
2957
2959
2962
2962
2962
2965
2965
2966
2967
2968
2970
2971
2972
2973
2973
2975
2977
2977
2977
2977
2979
2980
2982
2983
2983
2985
2985
2985
2986
2986
2986
2986
2987
2988
2990
2991
2991
2992
2993
2993
2993
2994
2994
2995
2995
2995
2997
2998
2999
2999
3001
3001
3001
3003
3005
3005
3007
3008
3009
3009
3009
3010
3011
3011
3011
3013
3013
3016
3017
3017
3018
3019
3019
3019
3019
3020
3021
3021
3021
3021
3022
3023
3025
3025
3026
3027
3031
3031
3031
3032
3034
3034
3035
3035
3039
3039
3039
3040
3041
3041
3042
3042
3044
3046
3047
3047
3049
3050
3050
3051
3051
3055
3056
3056
3056
3057
3058
3058
3059
3059
3060
3061
3062
3064
3065
3065
3065
3066
3067
3068
3069
3071
3072
3072
3072
3073
3075
3076
3078
3078
3081
3081
3082
3084
3084
3085
3085
3085
3086
3086
3087
3088
3089
3090
3091
3091
3092
3092
3094
3094
3095
3095
3096
3097
3099
3099
3100
3100
3101
3103
3103
3106
3106
3107
3109
3109
3109
3109
3111
3111
3111
3111
3111
3112
3113
3113
3114
3115
3118
3119
3119
3119
3119
3120
3120
3122
3122
3123
3126
3126
3126
3127
3128
3129
3129
3130
3130
3132
3132
3132
3132
3133
3134
3135
3136
3137
3137
3139
3140
3144
3145
3147
3148
3148
3149
3149
3150
3150
3152
3153
3154
3154
3155
3157
3157
3158
3160
3161
3161
3162
3163
3164
3165
3165
3166
3166
3168
3168
3169
3170
3171
3171
3172
3172
3173
3173
3174
3174
3175
3175
3178
3178
3179
3182
3183
3184
3185
3186
3189
3190
3191
3191
3192
3192
3194
3194
3195
3196
3196
3198
3198
3199
3199
3200
3201
3203
3203
3203
3203
3205
3206
3208
3208
3208
3213
3213
3214
3215
3216
3217
3218
3220
3221
3222
3223
3224
3224
3224
3225
3225
3225
3225
3225
3226
3226
3227
3227
3229
3233
3233
3234
3234
3235
3238
3239
3240
3242
3242
3243
3243
3244
3244
3245
3245
3246
3246
3248
3248
3248
3251
3251
3252
3252
3253
3254
3254
3257
3257
3258
3259
3262
3262
3263
3266
3267
3268
3268
3268
3269
3272
3273
3273
3275
3275
3275
3276
3278
3279
3279
3279
3279
3280
3280
3281
3282
3283
3283
3284
3286
3288
3290
3290
3291
3292
3294
3295
3296
3297
3297
3297
3297
3298
3299
3299
3300
3300
3302
3302
3302
3303
3305
3310
3312
3313
3314
3316
3319
3320
3321
3322
3323
3324
3325
3325
3325
3327
3328
3329
3330
3330
3330
3331
3333
3334
3335
3335
3338
3338
3339
3339
3341
3341
3343
3345
3345
3345
3346
3347
3347
3348
3348
3349
3350
3350
3351
3354
3354
3356
3356
3356
3356
3357
3357
3358
3358
3360
3362
3363
3365
3365
3366
3368
3369
3370
3370
3370
3371
3371
3371
3372
3372
3372
3372
3372
3373
3374
3374
3374
3375
3376
3377
3377
3378
3379
3379
3381
3381
3381
3382
3382
3382
3382
3384
3386
3387
3387
3388
3388
3389
3389
3390
3390
3391
3391
3392
3393
3393
3394
3396
3399
3399
3400
3401
3404
3404
3406
3408
3409
3409
3409
3410
3411
3411
3412
3413
3414
3414
3414
3415
3416
3418
3418
3421
3421
3421
3422
3426
3427
3427
3428
3430
3430
3430
3432
3433
3434
3436
3437
3438
3438
3439
3440
3440
3441
3441
3441
3442
3444
3447
3448
3449
3451
3451
3452
3453
3453
3454
3455
3455
3455
3457
3457
3458
3459
3460
3460
3461
3461
3462
3464
3465
3467
3467
3469
3469
3470
3470
3471
3472
3474
3474
3474
3475
3476
3477
3478
3479
3479
3481
3484
3484
3485
3485
3486
3486
3486
3486
3487
3488
3489
3492
3492
3495
3495
3495
3496
3498
3500
3501
3503
3504
3506
3507
3507
3508
3511
3512
3513
3514
3515
3515
3516
3518
3518
3519
3519
3520
3520
3521
3521
3521
3522
3522
3524
3525
3526
3526
3527
3532
3534
3535
3535
3539
3539
3541
3543
3544
3544
3544
3545
3545
3546
3549
3549
3550
3551
3552
3556
3556
3557
3560
3560
3560
3561
3561
3561
3562
3562
3562
3564
3568
3568
3568
3570
3571
3571
3573
3574
3576
3576
3576
3577
3579
3579
3580
3580
3581
3582
3583
3583
3584
3584
3591
3592
3592
3594
3595
3595
3595
3597
3599
3599
3600
3600
3604
3604
3604
3607
3609
3610
3610
3610
3611
3612
3614
3615
3616
3618
3618
3619
3619
3619
3619
3620
3621
3621
3621
3621
3621
3622
3623
3623
3624
3625
3625
3625
3627
3627
3627
3628
3630
3630
3632
3634
3634
3635
3635
3636
3637
3637
3637
3637
3638
3638
3638
3643
3644
3644
3645
3645
3648
3648
3650
3652
3652
3654
3654
3655
3657
3657
3657
3658
3660
3661
3662
3663
3663
3664
3664
3666
3667
3668
3672
3674
3675
3676
3676
3677
3678
3678
3680
3681
3683
3685
3686
3686
3688
3689
3689
3689
3689
3692
3692
3696
3696
3698
3700
3700
3701
3703
3703
3705
3706
3707
3707
3708
3709
3711
3713
3714
3715
3715
3716
3716
3719
3719
3721
3723
3724
3725
3726
3726
3727
3727
3728
3728
3729
3729
3730
3731
3732
3732
3735
3736
3736
3737
3738
3739
3740
3741
3741
3741
3741
3741
3743
3745
3745
3746
3747
3749
3751
3751
3753
3753
3760
3762
3762
3765
3766
3767
3767
3768
3768
3769
3769
3769
3769
3771
3771
3771
3775
3778
3778
3778
3779
3779
3779
3783
3783
3784
3784
3785
3787
3788
3788
3788
3789
3791
3792
3794
3795
3795
3796
3796
3797
3801
3803
3805
3807
3807
3808
3810
3812
3813
3813
3815
3816
3817
3817
3819
3820
3821
3822
3823
3827
3830
3831
3834
3835
3836
3837
3838
3839
3839
3839
3841
3844
3846
3846
3847
3848
3850
3850
3851
3851
3851
3852
3855
3856
3858
3860
3860
3861
3861
3861
3864
3865
3865
3866
3869
3869
3871
3871
3873
3873
3874
3876
3877
3877
3877
3878
3878
3879
3881
3882
3882
3882
3883
3884
3884
3885
3886
3886
3886
3888
3889
3892
3892
3894
3894
3894
3897
3898
3898
3899
3899
3902
3902
3904
3905
3906
3906
3906
3907
3907
3910
3910
3913
3914
3914
3915
3915
3915
3915
3916
3920
3921
3923
3923
3924
3925
3925
3927
3928
3930
3932
3932
3933
3935
3935
3936
3936
3938
3939
3939
3942
3943
3943
3944
3945
3946
3947
3947
3949
3949
3952
3953
3953
3956
3956
3956
3957
3958
3958
3960
3964
3964
3965
3966
3966
3966
3967
3968
3970
3970
3974
3974
3975
3978
3978
3980
3981
3981
3982
3982
3982
3982
3983
3983
3984
3987
3987
3987
3989
3989
3990
3990
3990
3991
3991
3992
3993
3994
3994
3994
3994
3995
3997
3998
3998
3999
4000
4000
4002
4004
4005
4006
4007
4007
4008
4010
4011
4012
4014
4014
4015
4018
4019
4019
4021
4022
4022
4023
4024
4025
4025
4027
4027
4028
4028
4030
4030
4031
4031
4034
4035
4036
4036
4039
4040
4042
4043
4043
4044
4044
4045
4046
4047
4047
4047
4048
4049
4051
4051
4052
4053
4054
4056
4057
4058
4058
4059
4059
4059
4062
4062
4062
4066
4066
4068
4068
4069
4070
4071
4073
4078
4079
4079
4080
4081
4083
4083
4085
4085
4088
4090
4094
4095
4101
4102
4103
4105
4106
4106
4106
4107
4108
4109
4109
4110
4111
4111
4113
4116
4116
4118
4120
4121
4123
4123
4127
4127
4133
4133
4134
4136
4137
4139
4140
4140
4142
4142
4143
4144
4145
4146
4146
4147
4149
4150
4152
4153
4154
4154
4155
4157
4158
4159
4160
4160
4160
4160
4161
4161
4162
4163
4164
4164
4165
4165
4166
4166
4168
4168
4169
4170
4172
4172
4173
4174
4174
4174
4175
4177
4177
4179
4179
4180
4182
4183
4183
4183
4184
4185
4185
4191
4192
4192
4193
4193
4193
4194
4194
4195
4195
4196
4197
4198
4200
4202
4202
4202
4202
4203
4203
4204
4205
4205
4205
4205
4210
4212
4212
4213
4214
4214
4215
4215
4217
4218
4218
4219
4219
4222
4223
4224
4224
4224
4225
4226
4226
4226
4229
4230
4231
4233
4236
4236
4239
4240
4240
4241
4242
4242
4242
4244
4244
4245
4246
4246
4247
4247
4247
4249
4249
4249
4249
4250
4253
4253
4253
4254
4254
4255
4255
4256
4256
4258
4259
4265
4265
4266
4268
4270
4271
4273
4274
4274
4275
4275
4275
4275
4276
4276
4278
4281
4281
4283
4284
4285
4285
4288
4288
4289
4291
4293
4294
4295
4296
4296
4296
4297
4298
4299
4299
4299
4300
4304
4305
4305
4306
4306
4308
4310
4310
4314
4316
4316
4316
4317
4317
4319
4319
4321
4322
4322
4323
4325
4325
4325
4326
4328
4328
4329
4330
4330
4331
4331
4332
4332
4335
4338
4341
4342
4343
4343
4343
4345
4345
4347
4348
4348
4349
4349
4349
4350
4351
4352
4352
4354
4356
4356
4360
4362
4363
4364
4365
4365
4365
4367
4370
4371
4372
4373
4374
4375
4376
4376
4378
4379
4380
4381
4383
4385
4385
4386
4388
4391
4394
4395
4395
4395
4396
4396
4397
4399
4400
4401
4404
4406
4406
4407
4408
4410
4412
4413
4414
4418
4419
4420
4421
4425
4426
4426
4429
4430
4430
4432
4432
4433
4434
4436
4437
4437
4438
4438
4438
4439
4439
4439
4440
4440
4441
4442
4443
4444
4445
4445
4447
4447
4449
4450
4450
4451
4451
4454
4455
4455
4456
4457
4458
4458
4458
4459
4460
4460
4461
4463
4464
4464
4465
4465
4466
4466
4468
4469
4471
4472
4472
4473
4474
4476
4476
4476
4479
4479
4482
4482
4484
4484
4485
4487
4487
4487
4488
4489
4490
4491
4491
4493
4495
4495
4496
4496
4499
4500
4505
4505
4505
4506
4507
4508
4509
4510
4512
4512
4516
4516
4516
4516
4517
4519
4520
4520
4520
4521
4522
4523
4525
4525
4526
4528
4530
4530
4531
4533
4534
4536
4538
4538
4538
4538
4542
4545
4546
4546
4548
4549
4550
4550
4551
4551
4552
4554
4556
4557
4557
4559
4562
4563
4563
4563
4563
4566
4568
4570
4570
4570
4574
4576
4577
4578
4579
4580
4580
4581
4581
4582
4584
4587
4588
4589
4590
4590
4591
4592
4593
4593
4594
4594
4594
4595
4599
4599
4600
4602
4606
4607
4608
4610
4610
4610
4610
4612
4614
4614
4616
4616
4616
4617
4618
4619
4620
4621
4621
4621
4625
4626
4627
4628
4628
4629
4629
4631
4631
4633
4634
4636
4636
4637
4640
4641
4641
4642
4647
4649
4652
4652
4652
4653
4653
4657
4657
4657
4658
4659
4660
4660
4661
4661
4662
4665
4667
4670
4672
4674
4675
4675
4678
4679
4679
4680
4680
4683
4684
4685
4687
4687
4687
4692
4693
4693
4698
4699
4701
4702
4702
4703
4704
4705
4709
4709
4710
4714
4714
4714
4715
4715
4717
4718
4720
4722
4722
4722
4722
4725
4725
4726
4728
4729
4729
4730
4730
4731
4736
4737
4737
4739
4740
4740
4741
4743
4744
4745
4746
4749
4749
4749
4750
4750
4751
4754
4754
4755
4756
4757
4758
4759
4759
4761
4761
4762
4763
4764
4765
4766
4767
4769
4769
4770
4770
4773
4773
4775
4775
4777
4777
4783
4785
4786
4786
4787
4787
4790
4791
4792
4795
4796
4797
4797
4798
4800
4803
4808
4809
4810
4810
4811
4812
4813
4813
4813
4816
4816
4818
4818
4819
4820
4820
4822
4822
4822
4823
4823
4823
4825
4825
4825
4826
4826
4827
4827
4829
4830
4830
4831
4831
4832
4832
4832
4833
4834
4835
4836
4840
4841
4842
4842
4843
4843
4844
4846
4846
4849
4851
4853
4857
4860
4860
4861
4866
4866
4868
4868
4869
4872
4874
4875
4876
4877
4879
4881
4884
4885
4886
4887
4887
4888
4888
4897
4897
4900
4901
4901
4901
4901
4903
4903
4905
4906
4906
4908
4908
4910
4911
4913
4914
4915
4917
4919
4920
4920
4921
4921
4921
4922
4922
4923
4923
4924
4924
4924
4924
4924
4925
4927
4927
4929
4931
4932
4932
4932
4932
4935
4935
4937
4939
4940
4940
4941
4943
4946
4946
4946
4948
4948
4949
4949
4950
4952
4952
4953
4954
4954
4954
4954
4954
4955
4958
4959
4960
4961
4963
4963
4964
4964
4964
4966
4967
4968
4972
4972
4973
4973
4975
4975
4975
4975
4975
4976
4981
4981
4981
4982
4983
4984
4985
4986
4991
4991
4992
4992
4995
4997
4997
5000
5000
5001
5001
5004
5007
5008
5008
5008
5009
5012
5013
5014
5016
5017
5017
5018
5020
5020
5021
5021
5024
5025
5025
5026
5027
5028
5029
5029
5029
5029
5030
5032
5033
5036
5037
5037
5037
5037
5038
5039
5039
5039
5039
5040
5042
5043
5043
5044
5046
5048
5048
5048
5053
5054
5055
5056
5057
5059
5060
5061
5061
5062
5063
5064
5064
5065
5066
5067
5067
5068
5068
5069
5069
5070
5070
5071
5071
5072
5073
5073
5076
5077
5078
5080
5081
5084
5086
5088
5091
5093
5094
5094
5098
5098
5098
5103
5105
5105
5105
5106
5107
5108
5109
5111
5111
5117
5118
5118
5119
5121
5121
5121
5122
5122
5123
5124
5125
5125
5125
5127
5127
5130
5130
5132
5133
5134
5134
5135
5136
5137
5137
5138
5148
5148
5150
5151
5152
5152
5154
5154
5155
5155
5156
5158
5158
5161
5162
5164
5164
5164
5164
5168
5168
5168
5169
5171
5172
5173
5174
5174
5179
5180
5181
5181
5182
5182
5182
5183
5184
5185
5186
5188
5190
5190
5191
5193
5195
5197
5198
5201
5202
5204
5204
5207
5207
5208
5209
5210
5210
5212
5212
5212
5213
5213
5213
5213
5214
5216
5217
5217
5221
5222
5222
5227
5229
5230
5231
5231
5233
5237
5237
5238
5238
5239
5240
5241
5241
5242
5242
5243
5243
5244
5245
5246
5246
5247
5247
5248
5249
5250
5252
5253
5253
5253
5254
5255
5256
5256
5257
5257
5257
5260
5261
5261
5261
5261
5263
5263
5263
5264
5264
5265
5265
5267
5267
5267
5268
5270
5271
5274
5276
5276
5276
5277
5279
5280
5280
5280
5281
5282
5283
5283
5284
5284
5286
5286
5286
5286
5287
5288
5289
5291
5291
5291
5291
5291
5293
5295
5295
5296
5299
5299
5299
5299
5300
5300
5301
5301
5301
5302
5302
5303
5303
5305
5308
5308
5310
5311
5311
5312
5315
5315
5317
5320
5321
5322
5322
5324
5325
5329
5329
5330
5331
5332
5334
5334
5336
5336
5338
5338
5340
5342
5342
5342
5344
5346
5346
5347
5347
5349
5349
5349
5349
5349
5351
5352
5353
5353
5354
5355
5355
5356
5357
5357
5359
5359
5360
5361
5362
5365
5365
5366
5366
5366
5367
5367
5372
5373
5374
5376
5376
5377
5378
5378
5381
5381
5382
5384
5385
5385
5386
5388
5388
5388
5391
5393
5394
5395
5397
5397
5397
5399
5399
5400
5401
5401
5401
5401
5404
5405
5406
5407
5409
5409
5410
5412
5413
5414
5415
5416
5416
5418
5419
5420
5422
5423
5425
5425
5425
5425
5426
5427
5427
5427
5428
5430
5430
5431
5432
5433
5433
5435
5435
5435
5436
5437
5437
5438
5438
5439
5440
5441
5441
5441
5442
5446
5448
5448
5448
5450
5450
5450
5451
5452
5453
5456
5458
5458
5459
5460
5461
5461
5462
5463
5464
5464
5469
5470
5470
5471
5473
5476
5478
5478
5478
5479
5479
5479
5481
5483
5484
5486
5487
5487
5488
5488
5490
5492
5493
5494
5496
5497
5497
5498
5498
5498
5499
5500
5500
5502
5502
5503
5504
5504
5504
5505
5506
5508
5509
5510
5511
5512
5512
5513
5515
5515
5517
5519
5519
5519
5523
5524
5525
5525
5525
5525
5526
5526
5526
5528
5531
5533
5535
5536
5536
5537
5537
5538
5539
5540
5541
5541
5544
5545
5546
5547
5551
5552
5552
5552
5555
5555
5556
5557
5559
5559
5559
5560
5561
5561
5562
5562
5564
5564
5565
5566
5566
5567
5567
5568
5569
5570
5570
5571
5571
5572
5572
5575
5576
5577
5577
5578
5578
5579
5580
5580
5580
5581
5583
5585
5587
5587
5588
5588
5589
5589
5590
5590
5590
5590
5590
5591
5591
5591
5593
5593
5598
5600
5600
5601
5601
5601
5601
5602
5603
5603
5603
5604
5605
5605
5605
5607
5609
5611
5613
5614
5615
5616
5617
5618
5618
5618
5618
5619
5621
5624
5625
5626
5626
5627
5627
5628
5631
5632
5633
5634
5635
5635
5637
5638
5639
5640
5641
5642
5643
5643
5643
5645
5647
5648
5649
5649
5657
5660
5661
5663
5663
5664
5666
5666
5668
5668
5669
5669
5673
5676
5676
5678
5678
5679
5680
5680
5682
5684
5688
5689
5689
5690
5691
5692
5694
5696
5696
5697
5697
5697
5699
5705
5708
5708
5710
5710
5711
5711
5712
5713
5714
5715
5715
5716
5717
5718
5718
5724
5725
5725
5726
5726
5726
5727
5727
5728
5729
5729
5730
5730
5734
5734
5734
5735
5736
5736
5737
5739
5739
5740
5740
5740
5742
5742
5745
5745
5745
5746
5747
5748
5749
5749
5751
5751
5752
5752
5753
5754
5756
5758
5762
5762
5763
5763
5763
5764
5764
5767
5767
5769
5769
5769
5770
5772
5772
5773
5773
5773
5775
5775
5777
5778
5778
5779
5780
5780
5782
5782
5784
5785
5785
5785
5787
5788
5788
5789
5790
5790
5793
5794
5795
5796
5796
5797
5799
5799
5800
5800
5801
5803
5804
5804
5805
5807
5807
5809
5811
5812
5813
5815
5816
5816
5817
5818
5821
5821
5822
5823
5823
5823
5825
5826
5827
5829
5830
5831
5831
5832
5832
5835
5835
5835
5835
5836
5837
5839
5839
5839
5840
5841
5843
5844
5845
5846
5846
5848
5848
5848
5849
5849
5850
5850
5851
5851
5851
5852
5852
5853
5854
5854
5855
5856
5856
5857
5858
5858
5859
5859
5861
5861
5863
5863
5863
5865
5866
5867
5869
5872
5873
5873
5873
5874
5874
5875
5875
5876
5876
5876
5878
5878
5878
5879
5880
5881
5884
5885
5885
5887
5890
5890
5891
5893
5893
5894
5895
5895
5895
5896
5897
5897
5900
5901
5901
5904
5904
5906
5907
5908
5910
5910
5910
5911
5911
5912
5912
5914
5914
5914
5914
5915
5915
5916
5916
5916
5917
5918
5918
5918
5922
5923
5923
5923
5924
5925
5926
5926
5927
5927
5927
5929
5930
5931
5931
5932
5932
5933
5934
5935
5935
5935
5935
5936
5938
5939
5940
5940
5940
5941
5941
5946
5947
5947
5947
5948
5949
5950
5950
5954
5954
5956
5957
5957
5958
5958
5960
5960
5961
5961
5962
5963
5965
5965
5969
5970
5970
5973
5973
5975
5975
5980
5981
5981
5981
5983
5985
5986
5986
5986
5988
5988
5988
5988
5989
5990
5991
5995
5996
5998
6004
6005
6006
6007
6009
6012
6015
6017
6017
6018
6020
6020
6021
6021
6021
6021
6023
6025
6025
6026
6027
6027
6028
6030
6030
6030
6030
6030
6031
6032
6036
6036
6036
6037
6038
6042
6043
6043
6044
6044
6044
6044
6045
6045
6047
6047
6047
6048
6049
6050
6052
6054
6054
6055
6055
6057
6057
6057
6057
6058
6058
6061
6062
6062
6064
6065
6065
6066
6066
6066
6067
6070
6070
6070
6070
6071
6071
6072
6073
6073
6073
6073
6075
6079
6081
6084
6084
6086
6087
6088
6088
6089
6090
6090
6091
6092
6092
6093
6094
6094
6094
6097
6098
6099
6099
6099
6101
6102
6108
6108
6110
6111
6112
6113
6113
6114
6114
6114
6114
6118
6122
6122
6123
6123
6123
6127
6127
6128
6128
6128
6129
6129
6130
6130
6130
6132
6136
6137
6137
6137
6137
6138
6139
6141
6144
6144
6144
6144
6145
6148
6148
6150
6150
6152
6153
6154
6154
6157
6159
6159
6159
6160
6162
6162
6163
6164
6165
6165
6165
6165
6166
6166
6167
6167
6168
6168
6169
6171
6172
6174
6175
6175
6177
6177
6179
6181
6182
6185
6186
6186
6188
6188
6188
6188
6189
6190
6191
6191
6191
6191
6192
6193
6194
6194
6196
6197
6197
6199
6200
6200
6201
6203
6207
6207
6207
6208
6210
6211
6212
6213
6213
6213
6214
6216
6216
6216
6217
6217
6217
6219
6220
6221
6222
6222
6223
6224
6225
6225
6227
6227
6228
6229
6229
6230
6230
6230
6231
6232
6234
6235
6236
6237
6237
6240
6241
6242
6242
6243
6243
6243
6246
6246
6250
6250
6252
6252
6252
6254
6254
6256
6256
6257
6259
6260
6260
6261
6262
6263
6264
6265
6265
6266
6269
6269
6270
6271
6271
6272
6274
6276
6277
6278
6279
6279
6279
6280
6280
6281
6281
6282
6287
6287
6288
6289
6290
6292
6294
6294
6296
6296
6297
6298
6298
6298
6300
6301
6303
6308
6310
6311
6313
6313
6313
6316
6316
6317
6318
6319
6319
6320
6321
6322
6323
6324
6324
6325
6325
6325
6326
6326
6330
6331
6334
6334
6334
6335
6335
6337
6337
6337
6338
6338
6339
6340
6342
6343
6343
6345
6347
6349
6350
6350
6350
6351
6352
6352
6352
6353
6353
6355
6357
6359
6360
6362
6365
6368
6371
6371
6373
6373
6375
6376
6377
6378
6380
6381
6382
6382
6382
6382
6382
6383
6383
6384
6385
6386
6387
6388
6390
6391
6393
6393
6394
6394
6395
6396
6396
6397
6398
6398
6399
6399
6400
6400
6400
6403
6403
6403
6404
6405
6406
6407
6409
6409
6410
6410
6411
6411
6411
6412
6412
6413
6413
6414
6414
6414
6416
6416
6416
6417
6419
6420
6420
6421
6421
6421
6422
6423
6425
6428
6431
6432
6432
6432
6433
6434
6435
6436
6439
6440
6442
6442
6442
6442
6442
6443
6444
6445
6447
6448
6448
6448
6449
6450
6451
6452
6452
6453
6453
6454
6455
6457
6457
6458
6458
6459
6460
6461
6461
6462
6463
6463
6466
6468
6469
6469
6472
6473
6475
6476
6477
6479
6479
6480
6481
6481
6483
6483
6486
6487
6488
6488
6490
6494
6495
6495
6496
6497
6500
6501
6501
6502
6505
6506
6506
6506
6507
6512
6512
6512
6512
6513
6514
6514
6515
6518
6519
6519
6519
6519
6523
6524
6525
6527
6529
6531
6532
6533
6533
6534
6535
6536
6536
6538
6538
6539
6539
6542
6544
6546
6546
6547
6547
6548
6549
6551
6551
6551
6555
6555
6555
6556
6558
6559
6560
6561
6561
6562
6563
6565
6566
6566
6566
6569
6569
6569
6569
6571
6571
6573
6574
6574
6575
6575
6576
6576
6576
6577
6582
6583
6584
6585
6585
6585
6586
6587
6589
6590
6591
6591
6596
6598
6598
6598
6598
6599
6599
6599
6602
6603
6604
6604
6605
6606
6606
6606
6608
6608
6608
6609
6609
6609
6610
6611
6611
6612
6613
6614
6614
6614
6614
6616
6617
6617
6619
6619
6620
6620
6621
6621
6623
6624
6626
6627
6628
6629
6629
6629
6632
6633
6633
6633
6635
6635
6636
6636
6640
6640
6641
6642
6642
6643
6644
6646
6650
6651
6653
6654
6657
6659
6660
6662
6664
6664
6665
6666
6666
6667
6668
6672
6673
6673
6674
6674
6675
6676
6678
6678
6678
6678
6679
6681
6683
6683
6684
6684
6685
6688
6689
6691
6692
6692
6693
6693
6694
6695
6695
6696
6700
6700
6701
6701
6702
6703
6703
6705
6706
6709
6710
6710
6711
6716
6716
6717
6717
6718
6718
6720
6724
6726
6727
6728
6728
6730
6732
6733
6734
6734
6737
6738
6739
6740
6741
6741
6745
6745
6745
6747
6751
6751
6751
6752
6752
6753
6753
6754
6755
6756
6757
6758
6758
6760
6761
6761
6762
6762
6763
6764
6766
6767
6767
6768
6768
6768
6769
6770
6770
6770
6771
6772
6772
6772
6773
6774
6776
6777
6778
6778
6780
6782
6784
6784
6787
6787
6788
6789
6791
6791
6792
6792
6792
6793
6795
6795
6796
6797
6797
6798
6799
6799
6799
6801
6801
6801
6802
6802
6803
6803
6803
6805
6806
6806
6807
6810
6810
6811
6812
6813
6814
6814
6815
6817
6817
6818
6819
6819
6822
6823
6824
6824
6824
6827
6827
6827
6829
6829
6831
6831
6832
6832
6833
6834
6838
6841
6841
6842
6844
6845
6847
6849
6850
6850
6852
6856
6856
6856
6858
6858
6859
6860
6860
6861
6863
6863
6864
6864
6864
6865
6866
6866
6866
6867
6868
6869
6869
6870
6870
6871
6871
6871
6872
6872
6872
6874
6874
6877
6878
6878
6880
6882
6882
6882
6883
6885
6885
6885
6887
6887
6888
6888
6889
6890
6890
6891
6892
6892
6893
6893
6894
6895
6895
6896
6898
6899
6899
6900
6901
6901
6903
6906
6909
6912
6912
6912
6913
6914
6914
6915
6915
6916
6918
6919
6920
6920
6920
6920
6922
6922
6925
6925
6925
6927
6927
6928
6929
6931
6933
6933
6934
6934
6940
6940
6941
6942
6944
6949
6949
6950
6951
6953
6953
6953
6953
6953
6953
6954
6954
6955
6956
6958
6958
6958
6959
6960
6961
6962
6962
6963
6963
6967
6967
6969
6970
6972
6975
6975
6977
6979
6980
6980
6981
6982
6983
6985
6989
6989
6990
6990
6993
6994
6994
6995
6996
6996
6996
6997
6998
6999
6999
6999
6999
7001
7002
7002
7003
7004
7010
7010
7011
7011
7011
7011
7012
7013
7013
7014
7014
7014
7014
7014
7015
7015
7016
7017
7019
7020
7021
7022
7022
7024
7026
7027
7029
7029
7029
7031
7032
7033
7033
7037
7043
7043
7043
7044
7045
7046
7048
7049
7049
7051
7051
7052
7052
7052
7053
7053
7054
7054
7056
7056
7057
7059
7059
7059
7064
7065
7065
7067
7069
7070
7070
7071
7071
7072
7074
7075
7075
7076
7076
7077
7077
7078
7079
7079
7081
7082
7083
7083
7085
7086
7087
7087
7088
7091
7093
7094
7096
7097
7099
7100
7100
7101
7101
7102
7103
7106
7109
7109
7111
7112
7112
7114
7114
7115
7115
7116
7120
7123
7123
7125
7125
7130
7130
7131
7131
7134
7134
7135
7135
7136
7136
7136
7137
7137
7137
7139
7139
7139
7140
7140
7143
7145
7145
7145
7146
7147
7149
7150
7150
7152
7154
7157
7160
7161
7161
7162
7163
7166
7167
7167
7167
7168
7168
7169
7170
7172
7173
7174
7176
7177
7177
7178
7179
7180
7181
7182
7182
7182
7183
7188
7189
7190
7191
7192
7192
7193
7195
7198
7200
7201
7201
7201
7202
7202
7203
7204
7206
7207
7207
7209
7210
7210
7210
7212
7214
7214
7215
7216
7216
7216
7218
7219
7220
7220
7221
7221
7221
7223
7223
7227
7229
7231
7232
7233
7233
7233
7233
7235
7237
7237
7238
7240
7240
7241
7242
7243
7244
7244
7246
7246
7247
7249
7251
7251
7251
7251
7251
7254
7254
7256
7257
7258
7260
7261
7261
7261
7263
7265
7265
7266
7267
7267
7267
7267
7268
7270
7270
7273
7273
7276
7276
7277
7278
7278
7278
7279
7280
7281
7281
7283
7283
7284
7285
7286
7287
7288
7288
7291
7295
7297
7298
7298
7299
7301
7302
7307
7308
7310
7310
7310
7311
7313
7313
7316
7317
7318
7318
7318
7320
7321
7321
7322
7322
7322
7324
7326
7328
7329
7330
7331
7331
7334
7334
7335
7337
7337
7338
7340
7341
7342
7342
7343
7344
7346
7346
7348
7348
7349
7350
7350
7350
7350
7351
7351
7351
7352
7352
7352
7354
7354
7355
7355
7356
7357
7357
7357
7358
7358
7360
7360
7363
7364
7364
7364
7365
7366
7366
7366
7368
7368
7369
7369
7369
7370
7371
7371
7372
7373
7375
7376
7377
7378
7378
7378
7379
7380
7383
7383
7384
7385
7385
7386
7389
7389
7389
7389
7390
7390
7391
7391
7394
7395
7397
7400
7401
7402
7402
7403
7404
7405
7405
7406
7407
7407
7408
7410
7411
7411
7412
7412
7412
7413
7417
7418
7419
7424
7424
7425
7426
7427
7427
7427
7430
7430
7431
7431
7432
7434
7435
7437
7438
7438
7439
7441
7443
7444
7444
7444
7447
7447
7449
7450
7450
7451
7452
7452
7452
7455
7456
7457
7458
7458
7459
7461
7464
7464
7464
7465
7465
7466
7466
7466
7467
7467
7469
7469
7470
7470
7471
7471
7472
7472
7475
7477
7478
7478
7479
7479
7480
7483
7484
7484
7486
7486
7491
7493
7493
7495
7497
7498
7498
7499
7499
7499
7500
7500
7501
7501
7501
7503
7503
7504
7504
7504
7506
7507
7508
7510
7513
7514
7514
7515
7518
7519
7522
7525
7525
7528
7529
7530
7531
7531
7531
7533
7533
7535
7536
7537
7537
7538
7538
7541
7541
7543
7543
7543
7544
7544
7548
7548
7549
7551
7552
7552
7552
7554
7558
7558
7559
7559
7560
7560
7562
7564
7565
7566
7566
7570
7570
7571
7572
7572
7572
7574
7576
7576
7577
7578
7580
7580
7580
7581
7582
7582
7584
7585
7586
7588
7589
7590
7590
7591
7592
7595
7595
7595
7597
7597
7599
7601
7601
7602
7604
7604
7606
7607
7609
7610
7612
7613
7614
7615
7616
7617
7619
7620
7622
7622
7622
7624
7624
7624
7627
7628
7629
7630
7630
7630
7630
7630
7631
7632
7634
7634
7634
7636
7637
7637
7638
7638
7640
7640
7641
7641
7641
7642
7645
7649
7650
7650
7650
7651
7652
7652
7652
7653
7653
7654
7655
7655
7657
7658
7659
7659
7659
7659
7660
7660
7661
7663
7663
7663
7666
7666
7667
7667
7668
7669
7673
7673
7674
7674
7675
7675
7675
7676
7677
7677
7678
7679
7679
7680
7681
7682
7682
7682
7682
7683
7683
7684
7685
7688
7689
7692
7692
7693
7693
7693
7694
7695
7696
7697
7697
7697
7698
7699
7703
7704
7706
7708
7709
7709
7709
7709
7711
7711
7712
7712
7714
7714
7715
7715
7717
7717
7718
7718
7719
7719
7721
7721
7722
7723
7727
7727
7728
7728
7729
7729
7731
7731
7731
7731
7732
7732
7733
7733
7734
7734
7735
7736
7737
7737
7737
7738
7738
7739
7739
7740
7742
7743
7745
7747
7747
7748
7748
7750
7753
7754
7755
7755
7755
7756
7756
7758
7759
7759
7760
7763
7763
7763
7764
7766
7766
7767
7768
7768
7769
7769
7770
7770
7771
7771
7774
7774
7775
7777
7777
7778
7779
7780
7780
7784
7789
7790
7790
7791
7791
7793
7797
7797
7798
7798
7798
7800
7801
7802
7802
7802
7804
7807
7808
7808
7809
7810
7811
7811
7811
7811
7816
7816
7816
7817
7818
7818
7818
7825
7825
7825
7826
7826
7827
7828
7829
7830
7830
7831
7832
7834
7834
7834
7835
7835
7838
7840
7841
7844
7844
7845
7845
7845
7846
7847
7847
7848
7848
7852
7852
7852
7853
7854
7855
7856
7858
7858
7858
7858
7860
7862
7863
7863
7863
7864
7867
7868
7870
7870
7872
7873
7874
7874
7875
7876
7877
7878
7879
7881
7881
7882
7882
7883
7883
7885
7886
7886
7887
7887
7890
7893
7894
7898
7900
7902
7904
7905
7907
7907
7907
7909
7909
7909
7910
7911
7915
7915
7915
7917
7919
7919
7921
7921
7923
7923
7924
7926
7927
7927
7928
7928
7929
7932
7935
7936
7939
7940
7941
7942
7942
7943
7944
7945
7945
7949
7950
7953
7955
7957
7958
7959
7960
7960
7961
7962
7962
7964
7965
7966
7966
7970
7970
7971
7973
7974
7974
7976
7977
7978
7979
7980
7980
7980
7981
7983
7984
7988
7988
7988
7989
7994
7994
7996
7998
7998
7999
7999
8001
8001
8001
8002
8003
8003
8003
8003
8003
8004
8004
8004
8007
8008
8009
8009
8010
8010
8012
8014
8014
8014
8015
8016
8018
8020
8021
8021
8022
8022
8023
8024
8026
8026
8026
8028
8028
8029
8029
8029
8030
8030
8030
8032
8036
8038
8038
8039
8041
8042
8042
8043
8044
8044
8045
8045
8048
8052
8052
8053
8053
8054
8054
8054
8055
8057
8059
8062
8065
8065
8065
8068
8068
8068
8068
8069
8070
8071
8071
8072
8072
8073
8073
8073
8074
8075
8077
8082
8082
8084
8085
8087
8091
8092
8092
8093
8094
8098
8099
8099
8102
8103
8103
8104
8104
8106
8107
8108
8108
8112
8112
8112
8113
8116
8116
8116
8117
8118
8119
8120
8120
8120
8120
8122
8122
8123
8123
8123
8125
8125
8126
8130
8130
8131
8131
8132
8132
8133
8133
8134
8135
8136
8137
8138
8138
8138
8142
8143
8144
8144
8145
8146
8146
8147
8148
8149
8152
8152
8154
8155
8158
8159
8160
8162
8163
8164
8164
8165
8165
8166
8167
8167
8168
8169
8169
8171
8172
8172
8173
8175
8177
8177
8177
8178
8181
8182
8184
8184
8186
8187
8189
8190
8193
8193
8195
8196
8197
8198
8199
8200
8200
8200
8201
8201
8202
8203
8203
8204
8205
8208
8209
8210
8210
8212
8214
8216
8217
8219
8220
8222
8224
8224
8225
8225
8226
8226
8227
8227
8227
8229
8229
8230
8230
8230
8231
8232
8232
8232
8233
8233
8235
8236
8238
8239
8241
8242
8242
8242
8242
8243
8243
8245
8247
8247
8250
8250
8252
8252
8253
8253
8255
8257
8257
8257
8258
8258
8259
8259
8259
8259
8260
8260
8263
8265
8266
8266
8268
8268
8270
8272
8273
8274
8274
8275
8277
8277
8278
8281
8282
8283
8284
8285
8286
8287
8289
8290
8292
8292
8293
8293
8293
8295
8296
8296
8296
8298
8298
8298
8299
8299
8299
8300
8302
8302
8305
8305
8306
8310
8310
8311
8311
8312
8312
8315
8315
8315
8316
8317
8317
8317
8319
8321
8322
8323
8327
8327
8329
8330
8331
8331
8332
8334
8334
8334
8335
8336
8340
8341
8342
8342
8344
8345
8347
8350
8352
8355
8356
8359
8359
8359
8359
8363
8363
8364
8365
8365
8367
8369
8370
8375
8375
8377
8378
8382
8383
8386
8387
8388
8388
8391
8394
8395
8397
8398
8400
8402
8402
8405
8406
8406
8406
8406
8408
8409
8410
8410
8411
8411
8414
8414
8415
8415
8415
8417
8419
8419
8420
8422
8423
8423
8423
8424
8426
8426
8427
8427
8430
8430
8430
8431
8433
8433
8433
8434
8434
8435
8435
8435
8436
8436
8436
8437
8438
8439
8439
8440
8440
8443
8443
8444
8444
8445
8447
8448
8451
8453
8453
8453
8456
8456
8457
8457
8457
8459
8459
8459
8460
8460
8462
8465
8466
8468
8468
8472
8472
8472
8473
8474
8474
8476
8476
8477
8477
8478
8478
8480
8480
8480
8481
8481
8481
8481
8482
8482
8484
8484
8487
8489
8491
8491
8492
8492
8492
8494
8495
8495
8496
8496
8496
8496
8496
8499
8500
8502
8506
8507
8507
8508
8509
8509
8512
8512
8514
8515
8516
8516
8518
8518
8518
8519
8519
8520
8521
8521
8523
8524
8524
8524
8524
8529
8529
8530
8533
8535
8535
8536
8536
8539
8540
8540
8540
8542
8545
8548
8549
8550
8553
8553
8554
8555
8556
8557
8559
8560
8562
8563
8564
8564
8566
8567
8567
8567
8569
8569
8573
8576
8577
8577
8579
8579
8579
8580
8582
8583
8583
8584
8586
8586
8586
8588
8588
8589
8590
8590
8590
8593
8594
8595
8597
8604
8604
8605
8606
8606
8607
8609
8610
8611
8612
8613
8613
8613
8614
8615
8615
8616
8617
8619
8619
8620
8620
8621
8622
8622
8622
8622
8623
8623
8626
8626
8626
8626
8627
8627
8629
8629
8631
8632
8633
8636
8639
8639
8640
8641
8643
8644
8644
8645
8646
8646
8647
8647
8649
8649
8652
8652
8656
8656
8656
8657
8658
8659
8661
8663
8665
8665
8668
8668
8668
8670
8670
8673
8673
8673
8673
8674
8675
8675
8677
8680
8680
8681
8682
8683
8683
8685
8685
8686
8690
8691
8693
8695
8695
8695
8695
8696
8698
8698
8698
8700
8700
8701
8702
8703
8704
8705
8705
8705
8706
8706
8706
8708
8709
8710
8714
8716
8716
8719
8719
8719
8719
8720
8721
8721
8721
8722
8723
8725
8725
8726
8729
8730
8731
8731
8733
8733
8736
8737
8737
8737
8738
8740
8740
8743
8744
8746
8746
8747
8749
8750
8751
8753
8754
8754
8755
8756
8758
8758
8760
8761
8761
8762
8767
8768
8769
8770
8772
8772
8774
8775
8776
8777
8777
8777
8779
8779
8783
8785
8785
8786
8786
8787
8787
8789
8789
8790
8790
8793
8793
8793
8794
8797
8800
8801
8802
8803
8804
8805
8807
8808
8811
8813
8813
8817
8822
8824
8827
8828
8829
8830
8830
8830
8833
8834
8835
8835
8836
8839
8841
8842
8843
8843
8843
8843
8844
8846
8846
8847
8848
8849
8849
8850
8851
8851
8852
8856
8857
8858
8858
8858
8859
8859
8860
8861
8861
8862
8863
8864
8864
8866
8866
8868
8869
8870
8874
8875
8876
8877
8878
8879
8880
8881
8881
8883
8885
8885
8886
8890
8892
8895
8898
8900
8900
8904
8907
8911
8913
8913
8916
8916
8917
8918
8921
8921
8922
8928
8932
8932
8933
8933
8933
8934
8935
8936
8937
8938
8939
8939
8941
8941
8941
8942
8943
8943
8946
8947
8948
8948
8949
8949
8949
8951
8951
8952
8952
8954
8954
8955
8956
8957
8957
8961
8962
8962
8962
8963
8964
8965
8965
8966
8967
8967
8968
8970
8970
8971
8972
8973
8974
8974
8974
8975
8977
8978
8978
8978
8978
8978
8979
8981
8982
8983
8983
8984
8986
8991
8992
8992
8994
8995
9002
9002
9003
9004
9004
9005
9007
9007
9008
9008
9009
9010
9012
9012
9013
9013
9014
9015
9015
9016
9016
9016
9016
9016
9017
9018
9018
9019
9019
9021
9022
9024
9025
9026
9026
9027
9027
9031
9032
9036
9037
9038
9040
9040
9040
9043
9045
9049
9050
9051
9051
9053
9054
9055
9055
9056
9056
9058
9059
9060
9060
9061
9064
9070
9070
9071
9071
9072
9073
9073
9074
9076
9077
9079
9082
9082
9082
9082
9082
9082
9086
9086
9088
9089
9090
9092
9094
9096
9098
9098
9099
9099
9099
9100
9100
9103
9104
9104
9104
9106
9106
9106
9106
9106
9107
9108
9109
9109
9110
9111
9111
9112
9112
9113
9113
9113
9114
9114
9115
9116
9116
9116
9118
9118
9118
9123
9125
9126
9127
9129
9130
9131
9132
9135
9136
9136
9136
9136
9138
9139
9140
9141
9143
9143
9144
9146
9146
9148
9148
9149
9150
9152
9152
9152
9154
9156
9156
9157
9157
9158
9159
9159
9160
9162
9163
9164
9164
9165
9165
9166
9168
9169
9170
9170
9171
9171
9172
9172
9172
9173
9174
9177
9178
9178
9179
9180
9180
9180
9180
9181
9182
9183
9185
9186
9187
9188
9188
9190
9191
9192
9193
9196
9197
9197
9198
9198
9199
9201
9202
9203
9204
9205
9207
9208
9210
9211
9213
9213
9214
9215
9215
9215
9217
9217
9219
9219
9221
9222
9222
9222
9223
9225
9225
9225
9225
9228
9229
9229
9229
9230
9230
9230
9232
9233
9234
9235
9235
9235
9236
9236
9236
9237
9237
9239
9239
9241
9241
9242
9245
9248
9251
9251
9252
9253
9254
9257
9258
9258
9258
9259
9260
9260
9261
9262
9263
9264
9264
9264
9266
9267
9268
9271
9272
9272
9272
9273
9274
9274
9275
9275
9276
9279
9280
9280
9284
9284
9284
9284
9286
9287
9289
9290
9290
9291
9291
9294
9294
9294
9295
9295
9296
9299
9299
9299
9301
9303
9303
9303
9306
9310
9311
9312
9312
9313
9313
9314
9316
9316
9317
9317
9317
9319
9319
9321
9321
9322
9325
9325
9326
9326
9328
9328
9328
9329
9329
9329
9329
9330
9331
9333
9334
9337
9337
9337
9339
9340
9341
9341
9342
9342
9343
9344
9344
9344
9345
9346
9347
9347
9348
9348
9349
9350
9351
9352
9352
9353
9354
9357
9358
9358
9358
9362
9364
9365
9365
9365
9367
9367
9368
9374
9374
9377
9382
9383
9383
9383
9384
9386
9387
9388
9389
9392
9393
9394
9395
9396
9396
9399
9400
9401
9405
9406
9406
9407
9407
9409
9410
9410
9412
9413
9414
9415
9417
9422
9422
9423
9424
9425
9426
9426
9427
9427
9427
9428
9428
9429
9430
9430
9432
9432
9433
9433
9438
9440
9442
9443
9444
9445
9445
9446
9446
9447
9447
9449
9449
9451
9451
9453
9453
9458
9459
9459
9459
9462
9462
9463
9463
9463
9464
9464
9464
9464
9465
9465
9466
9467
9468
9470
9471
9472
9474
9475
9475
9475
9476
9477
9477
9479
9480
9481
9481
9482
9486
9488
9490
9490
9491
9492
9495
9495
9496
9498
9498
9499
9499
9499
9500
9501
9501
9504
9504
9504
9504
9505
9506
9506
9506
9506
9507
9509
9510
9511
9512
9513
9513
9516
9517
9520
9520
9520
9520
9521
9522
9523
9523
9523
9524
9524
9525
9525
9527
9529
9530
9531
9534
9535
9535
9535
9538
9538
9539
9539
9540
9542
9542
9543
9543
9547
9548
9550
9552
9553
9553
9553
9554
9555
9555
9555
9555
9556
9561
9561
9561
9562
9562
9564
9568
9570
9575
9576
9576
9576
9578
9578
9580
9581
9582
9583
9585
9586
9586
9587
9587
9587
9591
9593
9593
9593
9594
9594
9594
9595
9596
9596
9597
9598
9599
9600
9601
9602
9603
9603
9606
9606
9607
9609
9610
9611
9611
9612
9614
9615
9615
9618
9618
9619
9619
9620
9620
9620
9622
9623
9624
9624
9625
9626
9626
9627
9627
9628
9629
9629
9629
9630
9631
9631
9631
9631
9631
9632
9634
9634
9634
9636
9636
9638
9638
9639
9640
9640
9641
9642
9645
9645
9647
9647
9648
9648
9649
9649
9649
9650
9651
9652
9652
9652
9655
9655
9655
9656
9657
9658
9658
9660
9660
9660
9662
9663
9665
9666
9666
9667
9672
9672
9673
9673
9674
9675
9675
9676
9677
9678
9678
9680
9684
9685
9685
9685
9687
9688
9691
9694
9694
9694
9696
9696
9699
9700
9701
9701
9703
9705
9705
9709
9709
9710
9710
9711
9711
9712
9714
9714
9715
9720
9720
9723
9724
9725
9726
9726
9728
9729
9730
9730
9731
9731
9731
9733
9735
9735
9735
9737
9739
9740
9741
9744
9744
9746
9747
9747
9747
9748
9749
9749
9750
9750
9751
9753
9753
9755
9757
9758
9759
9759
9759
9761
9762
9762
9763
9763
9765
9765
9767
9768
9769
9771
9772
9774
9775
9775
9777
9778
9781
9782
9782
9782
9782
9782
9783
9783
9783
9784
9786
9786
9788
9789
9789
9790
9790
9791
9792
9793
9793
9794
9797
9798
9801
9802
9802
9804
9805
9806
9807
9807
9808
9808
9809
9809
9811
9813
9816
9816
9816
9817
9817
9818
9819
9820
9821
9822
9823
9824
9824
9825
9825
9826
9826
9827
9828
9828
9828
9829
9830
9831
9831
9832
9833
9834
9837
9839
9844
9846
9847
9848
9849
9850
9852
9852
9853
9853
9856
9856
9857
9858
9858
9859
9861
9865
9866
9869
9869
9871
9872
9873
9873
9873
9875
9876
9876
9878
9879
9881
9881
9884
9884
9885
9885
9886
9886
9889
9890
9891
9895
9896
9897
9898
9899
9900
9901
9903
9904
9904
9904
9904
9905
9908
9908
9908
9908
9909
9910
9910
9911
9911
9913
9914
9916
9916
9917
9917
9921
9921
9922
9922
9923
9923
9924
9925
9926
9927
9930
9930
9932
9934
9936
9937
9937
9937
9937
9938
9939
9940
9942
9945
9945
9946
9947
9947
9947
9948
9948
9949
9949
9951
9951
9952
9952
9958
9958
9959
9959
9960
9961
9963
9963
9964
9965
9968
9970
9973
9973
9974
9974
9977
9977
9980
9980
9982
9984
9985
9988
9988
9989
9989
9991
9992
9993
9994
9996
9996
9997
9998
9998
9998

Comparisons: 235409
Swaps: 124188
Execution time (ns): 7