2
2
3
3
3
3
4
6
6
8
8
9
11
13
18
18
18
24
25
28
30
31
32
32
32
33
38
39
39
40
41
41
42
42
43
45
45
46
47
47
47
47
49
49
50
52
52
53
54
54
54
55
56
56
57
58
58
58
60
62
63
65
65
69
69
70
70
72
73
77
79
79
79
80
81
82
82
83
85
87
87
89
89
90
90
91
91
93
94
94
94
94
95
95
96
97
98
98
99
100
104
105
107
107
107
108
108
109
111
112
112
112
115
115
115
117
117
118
121
122
124
124
126
128
129
130
131
133
135
136
138
138
138
139
141
142
145
145
145
145
146
147
148
148
149
149
151
152
152
152
153
155
155
156
158
158
160
161
163
163
163
163
163
165
165
166
166
167
168
169
171
172
175
176
177
177
178
178
179
180
180
181
182
182
184
184
185
185
185
187
188
188
189
190
190
191
191
194
195
195
199
200
201
201
202
202
203
205
205
205
205
207
208
208
209
210
210
211
211
214
215
216
217
219
219
219
220
222
223
224
225
227
229
229
230
231
231
232
232
232
234
234
237
238
239
239
243
245
246
248
249
250
251
254
257
257
258
259
260
262
266
266
266
267
271
271
271
273
274
274
275
275
275
275
276
276
277
278
279
281
281
282
283
285
285
287
287
287
289
290
290
291
291
291
292
293
295
299
299
299
301
302
302
304
306
307
307
307
308
308
309
310
310
310
312
314
314
315
315
317
318
319
320
320
320
322
323
325
326
327
327
330
330
331
331
331
331
335
335
337
337
338
338
341
341
342
342
343
343
343
344
345
345
346
347
348
348
348
348
349
351
353
353
356
356
357
357
357
358
358
358
359
365
366
367
369
371
371
372
374
376
377
378
378
379
380
385
386
386
387
390
390
391
392
394
395
395
396
396
397
400
400
401
402
403
404
406
407
408
408
408
409
409
410
412
413
413
413
414
414
415
416
416
418
418
418
419
420
422
422
424
425
425
426
427
427
427
428
430
431
431
431
431
434
435
437
439
440
441
442
443
445
446
447
448
449
450
450
451
453
457
459
465
467
467
468
470
470
470
471
471
473
474
479
481
482
483
484
485
486
486
486
487
488
492
495
497
498
499
499
501
504
505
506
508
508
508
508
509
509
510
511
511
513
514
516
516
517
517
518
519
519
523
523
524
524
524
525
531
534
538
538
539
541
541
545
545
546
546
548
549
549
549
549
552
552
552
553
553
553
557
558
559
559
560
561
561
563
565
565
566
568
569
569
569
570
570
572
572
575
577
577
579
580
580
582
583
585
586
586
587
588
589
591
591
591
595
597
598
599
600
600
600
601
601
602
606
607
609
610
611
611
612
613
615
616
616
618
619
620
621
623
624
624
625
626
626
627
627
627
627
627
627
629
631
631
632
633
634
634
634
635
636
638
641
641
642
642
646
646
647
648
648
649
649
649
650
650
650
651
653
655
656
656
656
656
658
659
660
660
661
662
662
665
665
667
668
668
668
669
670
672
673
673
673
674
677
678
680
680
680
680
681
682
682
683
685
687
687
688
690
690
690
694
696
696
697
697
698
698
698
699
700
701
701
702
704
705
705
706
707
709
710
710
711
711
712
712
713
714
715
716
716
716
717
718
721
722
723
723
726
727
729
730
730
731
732
733
734
735
735
735
735
736
736
737
737
739
744
744
745
745
746
747
747
751
751
752
755
755
756
759
760
763
763
764
765
765
765
765
765
767
768
768
768
769
770
770
771
772
773
775
776
776
779
779
780
781
786
786
786
788
789
790
790
790
791
792
793
795
796
798
801
802
802
803
803
804
807
807
807
808
809
810
812
812
812
813
816
818
818
820
821
823
823
825
825
828
829
829
830
830
830
832
832
833
833
835
835
835
838
840
840
843
844
845
846
847
847
848
852
856
857
858
859
862
862
863
864
864
864
865
866
866
867
867
868
868
869
869
870
870
870
871
871
872
873
874
875
876
877
878
878
880
881
881
882
884
884
887
888
888
890
890
891
891
891
892
893
895
896
896
897
899
900
900
900
903
904
905
908
909
909
910
912
912
912
913
915
916
919
919
922
923
923
925
926
927
929
929
931
931
931
932
933
935
935
935
936
936
938
939
939
943
944
946
946
947
947
948
948
948
949
950
950
950
951
951
951
951
952
953
953
953
954
954
954
955
955
956
956
957
958
959
961
961
962
965
965
966
966
967
969
969
971
972
972
974
974
975
977
977
977
978
978
980
980
983
986
988
989
990
991
993
995
995
996
996
996
997
Insertion sort comparisons: 266328
Swaps comparisons: 266328
Time elapsed (MS): 9 milliseconds
