0
0
0
1
1
2
2
2
4
5
8
8
9
9
10
12
13
14
15
15
18
19
19
19
21
21
22
25
25
26
27
28
30
30
31
32
33
34
35
36
38
39
40
40
40
41
43
43
44
44
44
45
47
49
52
52
53
53
55
56
56
56
60
62
62
62
63
63
64
65
67
67
67
69
70
70
72
74
76
77
78
78
79
80
84
85
86
86
87
87
89
89
90
91
92
92
93
93
94
95
96
97
97
99
100
101
102
106
106
106
109
109
111
111
112
113
114
114
115
118
119
121
123
123
124
124
126
126
127
127
128
129
131
132
136
136
138
139
140
140
140
140
141
142
142
142
142
143
144
146
146
148
149
150
152
154
155
155
156
157
159
159
161
162
164
164
165
166
171
172
174
176
177
178
180
182
183
183
184
184
184
185
185
185
186
186
187
188
188
191
191
193
197
201
204
205
206
206
206
206
207
208
208
209
209
209
210
210
211
211
211
212
215
215
215
216
217
217
219
222
222
222
223
223
223
223
226
229
233
235
236
236
236
237
238
239
239
240
241
242
243
244
246
246
248
249
249
250
251
251
253
254
255
255
255
256
256
258
258
259
259
259
260
260
261
262
262
264
265
266
267
269
270
270
271
273
273
273
274
274
275
275
278
278
280
281
281
282
282
283
284
284
284
287
288
290
291
291
292
292
293
294
295
295
296
298
300
300
300
300
301
301
301
302
302
303
303
305
306
307
309
310
310
312
314
315
316
316
319
320
321
323
323
324
327
328
330
332
332
332
333
333
334
334
335
335
337
338
338
338
339
339
340
342
342
344
344
344
345
346
347
348
349
349
350
351
351
352
353
353
355
356
356
356
356
357
358
358
359
359
361
361
361
363
364
364
364
364
365
365
365
366
368
368
371
371
372
373
373
373
374
374
375
376
378
379
381
382
383
383
385
387
387
388
389
390
391
395
398
400
403
403
404
404
406
409
410
412
413
414
416
416
417
418
419
419
419
420
421
421
422
422
424
424
425
425
426
429
429
429
431
431
431
431
432
432
433
434
436
437
438
439
441
444
447
448
450
451
451
452
452
452
454
455
456
456
457
457
460
460
460
461
461
463
464
464
465
465
467
467
468
470
472
475
476
477
478
479
479
482
484
484
484
485
485
486
486
489
490
490
490
493
494
496
496
497
502
505
506
506
506
508
511
513
514
514
514
515
516
516
517
518
518
519
519
519
519
522
523
526
528
530
530
530
531
533
533
534
536
536
537
538
538
540
542
542
543
544
545
546
546
547
548
549
550
552
553
560
562
563
564
564
565
567
568
569
570
571
571
573
573
574
575
576
579
580
580
581
582
582
582
583
583
584
586
586
588
588
589
591
592
593
595
596
598
598
599
599
600
603
606
606
606
607
607
608
608
608
611
613
614
615
616
616
617
618
620
620
622
622
623
623
623
625
626
626
627
628
628
628
629
630
630
630
633
636
636
639
639
640
640
640
643
645
646
648
648
648
651
651
652
653
654
657
658
658
659
659
659
660
660
663
663
664
665
667
667
669
671
671
673
675
679
679
680
680
681
682
682
682
683
684
684
684
685
685
686
689
689
690
690
691
691
693
693
695
696
697
698
698
701
701
702
702
703
704
705
706
709
710
712
713
715
721
721
721
722
723
723
723
724
726
727
728
729
730
730
735
736
736
737
738
740
741
742
742
745
745
746
746
746
747
747
748
749
750
750
751
753
753
754
754
756
757
757
757
758
758
759
759
762
766
767
768
768
769
769
776
776
777
777
781
784
786
794
795
797
797
798
798
798
800
800
801
802
803
804
804
806
808
809
812
817
817
818
819
823
826
827
829
829
829
830
832
832
832
840
842
843
845
845
845
846
847
847
849
849
850
851
854
854
856
857
859
861
861
862
863
863
865
866
867
868
868
870
871
872
872
872
873
873
874
875
876
879
879
879
880
882
882
886
888
888
889
891
892
893
893
893
894
894
896
897
897
899
901
902
902
903
904
904
904
905
905
905
906
907
907
909
910
911
911
912
912
912
916
917
917
918
919
921
923
924
926
927
929
930
931
936
936
937
937
937
938
939
939
939
943
944
945
947
950
952
953
955
956
957
958
960
961
963
964
965
965
966
966
967
967
967
969
971
972
973
974
975
976
976
977
978
978
979
979
980
980
980
980
980
981
982
982
984
986
989
991
991
993
995
997
998
1000
1002
1003
1004
1004
1005
1006
1007
1008
1011
1012
1012
1012
1012
1014
1015
1015
1016
1017
1018
1018
1019
1020
1020
1021
1022
1023
1025
1029
1030
1031
1031
1032
1032
1032
1033
1034
1034
1036
1037
1039
1041
1043
1046
1047
1051
1053
1053
1053
1055
1055
1056
1056
1057
1057
1058
1058
1058
1062
1064
1064
1066
1069
1069
1069
1069
1071
1071
1071
1073
1073
1074
1074
1075
1076
1077
1078
1083
1084
1084
1085
1086
1087
1087
1088
1089
1090
1093
1094
1095
1096
1097
1099
1099
1100
1103
1104
1108
1108
1109
1109
1112
1113
1113
1114
1114
1117
1117
1118
1118
1119
1120
1124
1126
1126
1127
1127
1127
1128
1129
1131
1132
1134
1135
1137
1137
1138
1138
1138
1139
1140
1140
1140
1140
1144
1144
1145
1146
1147
1147
1148
1149
1150
1150
1151
1151
1152
1152
1152
1153
1154
1155
1156
1158
1158
1160
1163
1165
1166
1167
1168
1171
1173
1173
1175
1176
1176
1178
1180
1180
1180
1181
1181
1182
1183
1184
1185
1185
1186
1187
1187
1188
1188
1188
1189
1190
1191
1192
1193
1194
1196
1197
1197
1199
1199
1202
1203
1204
1206
1208
1208
1209
1210
1211
1215
1215
1216
1217
1217
1219
1220
1221
1221
1224
1224
1224
1225
1226
1227
1227
1228
1229
1230
1230
1231
1234
1234
1235
1236
1237
1238
1238
1238
1241
1242
1242
1243
1244
1244
1244
1244
1245
1245
1248
1248
1249
1251
1252
1254
1256
1258
1260
1261
1261
1262
1262
1264
1267
1267
1268
1269
1270
1270
1270
1273
1273
1274
1276
1277
1278
1279
1280
1281
1282
1284
1284
1285
1285
1286
1289
1290
1291
1291
1292
1293
1295
1297
1299
1301
1301
1301
1302
1302
1305
1306
1307
1309
1310
1313
1314
1316
1317
1318
1319
1319
1319
1319
1319
1321
1321
1321
1322
1323
1323
1323
1325
1325
1326
1326
1327
1327
1328
1328
1329
1331
1333
1334
1334
1335
1336
1336
1338
1339
1339
1340
1341
1341
1342
1342
1342
1344
1345
1345
1345
1346
1347
1349
1352
1353
1353
1354
1355
1358
1359
1361
1363
1363
1363
1363
1364
1367
1368
1368
1370
1371
1373
1373
1374
1375
1375
1375
1376
1377
1378
1378
1379
1379
1380
1381
1381
1382
1384
1385
1385
1386
1388
1389
1390
1393
1394
1398
1400
1404
1404
1404
1405
1405
1405
1405
1406
1406
1408
1409
1410
1410
1414
1416
1416
1418
1419
1419
1421
1422
1423
1425
1429
1429
1430
1430
1431
1431
1434
1438
1442
1442
1442
1443
1445
1446
1448
1449
1450
1450
1450
1450
1452
1452
1453
1456
1456
1456
1457
1459
1459
1459
1460
1461
1466
1467
1468
1469
1469
1471
1472
1473
1474
1477
1479
1480
1480
1480
1481
1483
1487
1487
1488
1489
1489
1490
1492
1492
1492
1492
1493
1494
1496
1496
1499
1499
1499
1499
1501
1501
1502
1507
1508
1513
1513
1516
1516
1516
1516
1517
1519
1520
1520
1522
1523
1524
1525
1525
1529
1530
1530
1536
1537
1540
1540
1541
1542
1543
1544
1546
1546
1547
1549
1549
1550
1550
1550
1551
1551
1551
1553
1554
1554
1554
1555
1555
1555
1556
1556
1557
1559
1560
1560
1562
1562
1563
1565
1566
1566
1568
1569
1569
1571
1571
1572
1572
1573
1575
1576
1578
1579
1582
1583
1583
1584
1584
1586
1587
1587
1590
1591
1592
1595
1595
1596
1602
1603
1603
1604
1605
1606
1610
1611
1612
1613
1615
1617
1618
1619
1619
1619
1620
1620
1621
1621
1622
1622
1623
1625
1629
1629
1629
1631
1631
1632
1632
1635
1638
1639
1640
1641
1641
1642
1642
1643
1643
1643
1645
1646
1647
1648
1649
1651
1652
1652
1652
1654
1655
1655
1656
1656
1656
1656
1657
1658
1658
1659
1659
1661
1662
1663
1664
1666
1667
1667
1667
1668
1670
1670
1676
1678
1679
1679
1680
1680
1681
1683
1683
1684
1685
1685
1686
1687
1687
1688
1688
1689
1690
1691
1692
1692
1693
1694
1694
1695
1695
1696
1697
1697
1698
1698
1698
1699
1699
1704
1704
1705
1705
1707
1708
1709
1709
1711
1714
1714
1715
1717
1718
1718
1719
1720
1721
1721
1724
1726
1727
1729
1730
1730
1730
1731
1735
1736
1736
1736
1738
1739
1739
1742
1743
1744
1745
1746
1748
1748
1748
1748
1749
1749
1749
1750
1751
1753
1753
1754
1754
1754
1754
1757
1758
1759
1760
1760
1761
1761
1761
1761
1762
1763
1763
1765
1769
1769
1770
1770
1771
1775
1775
1777
1778
1779
1779
1779
1780
1780
1780
1781
1781
1783
1783
1784
1785
1786
1786
1786
1787
1789
1789
1791
1791
1791
1792
1795
1795
1799
1800
1800
1800
1800
1801
1802
1802
1802
1804
1807
1807
1810
1812
1813
1814
1814
1814
1817
1818
1819
1819
1820
1820
1821
1823
1825
1826
1827
1827
1829
1830
1831
1831
1832
1833
1834
1834
1834
1835
1835
1838
1838
1838
1840
1840
1841
1843
1843
1845
1845
1848
1849
1851
1851
1851
1852
1852
1854
1855
1856
1859
1861
1863
1863
1863
1864
1868
1868
1869
1869
1870
1870
1871
1872
1873
1873
1874
1875
1878
1882
1882
1882
1885
1885
1886
1886
1886
1886
1887
1889
1889
1890
1891
1891
1894
1897
1897
1899
1899
1900
1901
1902
1903
1904
1905
1906
1906
1907
1909
1910
1911
1911
1913
1914
1914
1914
1916
1917
1917
1917
1918
1918
1921
1921
1922
1923
1926
1927
1928
1928
1928
1928
1928
1930
1932
1932
1933
1933
1933
1934
1935
1936
1937
1939
1940
1943
1943
1944
1946
1946
1946
1946
1949
1950
1950
1951
1951
1953
1954
1955
1955
1956
1957
1957
1957
1958
1959
1960
1961
1964
1964
1964
1965
1966
1966
1966
1967
1967
1968
1969
1969
1969
1970
1971
1971
1972
1972
1975
1976
1976
1977
1977
1978
1980
1980
1981
1981
1982
1982
1982
1983
1984
1984
1987
1988
1988
1989
1989
1989
1991
1994
1998
2001
2002
2002
2003
2005
2005
2007
2007
2008
2011
2011
2012
2012
2013
2013
2015
2017
2018
2019
2019
2019
2020
2021
2023
2025
2025
2027
2027
2027
2027
2028
2032
2032
2033
2035
2035
2035
2035
2036
2039
2040
2040
2040
2042
2042
2044
2046
2047
2047
2047
2049
2049
2050
2050
2051
2051
2051
2052
2053
2055
2055
2058
2058
2059
2060
2060
2061
2061
2061
2063
2069
2069
2070
2072
2072
2073
2074
2075
2078
2079
2079
2081
2086
2086
2087
2088
2089
2089
2091
2093
2093
2093
2095
2095
2096
2096
2097
2098
2099
2099
2100
2100
2102
2103
2104
2105
2107
2108
2108
2109
2110
2110
2111
2111
2112
2112
2112
2116
2118
2119
2119
2119
2119
2119
2120
2121
2121
2122
2123
2123
2124
2124
2126
2129
2129
2131
2131
2132
2133
2134
2134
2136
2136
2136
2137
2139
2143
2143
2145
2145
2146
2147
2149
2149
2151
2151
2152
2152
2152
2153
2155
2157
2159
2159
2161
2162
2162
2163
2165
2165
2166
2166
2167
2170
2171
2172
2172
2173
2175
2176
2177
2178
2178
2179
2180
2181
2183
2184
2185
2186
2187
2187
2187
2187
2190
2191
2193
2195
2195
2196
2196
2199
2199
2200
2200
2203
2203
2203
2205
2205
2206
2207
2208
2210
2211
2214
2214
2214
2215
2216
2217
2217
2218
2218
2218
2219
2220
2220
2222
2222
2225
2227
2227
2228
2228
2228
2230
2230
2231
2231
2233
2233
2235
2236
2238
2238
2239
2239
2241
2243
2243
2244
2244
2246
2246
2247
2247
2248
2250
2252
2252
2255
2256
2256
2257
2257
2258
2258
2258
2258
2261
2261
2261
2262
2262
2266
2266
2269
2270
2271
2271
2273
2278
2278
2279
2280
2281
2281
2282
2282
2282
2282
2284
2285
2286
2288
2289
2289
2289
2291
2291
2291
2292
2292
2296
2297
2297
2298
2298
2299
2300
2301
2301
2302
2303
2304
2306
2308
2308
2309
2309
2310
2310
2314
2315
2315
2316
2317
2317
2318
2319
2319
2319
2320
2321
2321
2322
2323
2324
2327
2328
2329
2329
2332
2333
2333
2334
2334
2335
2336
2337
2338
2338
2338
2339
2339
2341
2344
2345
2346
2348
2348
2349
2349
2349
2350
2352
2352
2352
2355
2355
2356
2358
2359
2359
2359
2360
2361
2362
2365
2368
2368
2372
2373
2373
2373
2373
2375
2376
2377
2377
2377
2380
2381
2382
2383
2383
2384
2384
2385
2387
2387
2387
2388
2391
2391
2392
2393
2394
2396
2396
2398
2398
2399
2400
2402
2402
2402
2409
2409
2410
2411
2411
2412
2415
2416
2417
2417
2419
2419
2419
2419
2421
2422
2422
2423
2424
2425
2426
2426
2427
2428
2430
2430
2431
2431
2431
2432
2432
2433
2433
2434
2434
2436
2437
2437
2438
2440
2441
2442
2444
2444
2447
2448
2449
2449
2449
2449
2454
2456
2456
2457
2458
2459
2459
2460
2460
2465
2467
2468
2468
2469
2470
2471
2471
2472
2472
2472
2472
2474
2476
2478
2480
2482
2483
2483
2483
2485
2487
2487
2487
2487
2490
2490
2490
2491
2491
2492
2494
2497
2497
2498
2500
2500
2500
2501
2502
2503
2504
2504
2504
2505
2505
2505
2506
2507
2508
2508
2508
2509
2511
2512
2514
2514
2514
2516
2517
2517
2519
2520
2520
2522
2523
2523
2523
2524
2525
2525
2527
2528
2530
2532
2533
2534
2535
2536
2536
2537
2538
2540
2541
2542
2543
2544
2544
2544
2545
2545
2546
2549
2549
2550
2550
2551
2553
2553
2554
2555
2555
2556
2556
2556
2556
2558
2558
2560
2560
2561
2565
2567
2569
2570
2572
2572
2577
2578
2579
2580
2580
2581
2583
2583
2587
2590
2591
2592
2592
2594
2594
2595
2596
2596
2596
2597
2597
2598
2598
2600
2604
2607
2612
2614
2615
2616
2617
2618
2618
2619
2622
2622
2622
2624
2624
2624
2625
2627
2627
2629
2630
2634
2634
2634
2634
2635
2636
2636
2639
2640
2641
2643
2643
2644
2652
2652
2656
2657
2659
2659
2661
2662
2664
2667
2672
2672
2673
2673
2674
2674
2674
2674
2675
2675
2675
2676
2678
2678
2680
2680
2682
2682
2682
2684
2685
2686
2687
2690
2690
2690
2692
2692
2693
2694
2695
2695
2696
2697
2698
2699
2700
2701
2701
2702
2702
2702
2702
2704
2705
2705
2707
2708
2708
2709
2709
2710
2710
2711
2712
2714
2714
2714
2715
2716
2719
2719
2722
2723
2723
2725
2727
2729
2729
2730
2730
2731
2731
2732
2733
2733
2733
2734
2734
2734
2736
2737
2737
2738
2739
2741
2743
2743
2743
2744
2746
2747
2749
2749
2749
2749
2750
2751
2753
2753
2753
2753
2753
2754
2754
2755
2757
2758
2759
2760
2761
2764
2764
2764
2765
2767
2767
2768
2768
2768
2768
2769
2773
2773
2776
2777
2777
2778
2780
2780
2782
2782
2782
2785
2786
2787
2787
2788
2788
2789
2790
2791
2791
2793
2794
2795
2797
2797
2797
2798
2798
2800
2800
2801
2801
2803
2803
2805
2806
2806
2807
2809
2810
2811
2811
2812
2814
2817
2818
2820
2820
2821
2823
2823
2824
2824
2825
2825
2826
2827
2829
2830
2831
2833
2837
2838
2839
2839
2839
2840
2841
2841
2843
2844
2845
2846
2846
2848
2849
2849
2849
2851
2851
2851
2852
2852
2853
2854
2854
2855
2856
2856
2858
2858
2858
2861
2861
2861
2865
2865
2865
2866
2867
2868
2868
2869
2869
2870
2871
2871
2871
2872
2873
2877
2877
2878
2878
2878
2879
2880
2880
2881
2882
2884
2884
2885
2886
2887
2887
2887
2888
2890
2891
2891
2892
2895
2898
2899
2900
2901
2901
2902
2902
2903
2904
2904
2906
2906
2907
2907
2907
2913
2913
2914
2915
2917
2917
2917
2920
2921
2921
2922
2923
2923
2924
2926
2927
2930
2931
2931
2932
2932
2934
2936
2937
2938
2939
2939
2941
2941
2941
2942
2943
2944
2944
2944
2945
2948
2950
2953
2954
2956
2960
2961
2962
2963
2964
2965
2965
2966
2967
2969
2970
2970
2971
2972
2972
2972
2973
2973
2974
2974
2974
2974
2980
2981
2982
2984
2984
2984
2985
2987
2987
2988
2990
2990
2990
2990
2991
2991
2991
2995
2996
2996
2998
2998
2998
2999
3000
3000
3001
3001
3001
3004
3004
3005
3006
3006
3007
3007
3007
3007
3008
3009
3009
3009
3010
3012
3012
3012
3012
3012
3013
3013
3014
3015
3015
3015
3015
3016
3018
3018
3019
3020
3020
3023
3025
3025
3025
3026
3029
3030
3030
3031
3031
3032
3034
3034
3035
3037
3037
3038
3039
3039
3040
3043
3043
3043
3043
3043
3045
3047
3047
3050
3050
3051
3053
3054
3054
3055
3055
3056
3056
3056
3057
3058
3058
3059
3059
3062
3063
3063
3064
3064
3065
3066
3066
3068
3068
3068
3069
3070
3071
3072
3074
3076
3076
3076
3077
3078
3078
3078
3081
3083
3086
3087
3088
3088
3090
3091
3091
3092
3095
3095
3096
3096
3096
3098
3100
3100
3100
3101
3102
3106
3107
3108
3108
3109
3111
3111
3111
3114
3116
3116
3117
3117
3119
3119
3119
3119
3121
3121
3121
3121
3122
3124
3126
3126
3128
3129
3130
3134
3137
3137
3139
3142
3145
3145
3146
3147
3147
3147
3152
3152
3152
3155
3155
3157
3157
3159
3160
3162
3162
3165
3166
3168
3168
3169
3169
3170
3171
3171
3172
3173
3173
3174
3174
3174
3174
3175
3175
3175
3177
3178
3179
3179
3180
3182
3182
3183
3183
3183
3184
3184
3184
3185
3186
3187
3187
3187
3188
3192
3193
3195
3195
3198
3198
3199
3200
3202
3202
3202
3202
3204
3204
3206
3207
3207
3209
3209
3211
3212
3212
3213
3213
3213
3214
3214
3215
3217
3218
3218
3218
3219
3220
3220
3221
3221
3225
3227
3228
3230
3231
3233
3233
3235
3235
3237
3237
3239
3240
3242
3244
3245
3245
3246
3247
3248
3249
3249
3252
3253
3255
3257
3260
3261
3261
3262
3263
3265
3266
3266
3266
3267
3268
3269
3269
3270
3270
3272
3273
3273
3274
3275
3277
3278
3280
3281
3283
3283
3283
3283
3284
3285
3286
3288
3288
3289
3290
3291
3292
3294
3294
3296
3296
3298
3299
3300
3302
3302
3303
3304
3307
3307
3308
3309
3310
3311
3311
3312
3312
3313
3313
3315
3315
3315
3316
3317
3320
3320
3321
3322
3322
3323
3323
3324
3326
3327
3328
3331
3332
3333
3333
3334
3334
3334
3334
3334
3335
3335
3335
3336
3337
3337
3337
3337
3339
3340
3346
3347
3348
3353
3354
3354
3356
3356
3357
3358
3359
3359
3359
3360
3360
3361
3361
3361
3363
3365
3366
3368
3370
3370
3371
3371
3373
3374
3374
3375
3375
3378
3381
3381
3382
3383
3384
3385
3387
3387
3388
3389
3390
3392
3393
3393
3395
3396
3396
3397
3402
3403
3404
3407
3408
3408
3411
3412
3412
3412
3413
3414
3415
3419
3420
3420
3423
3423
3423
3426
3427
3429
3429
3429
3430
3431
3433
3434
3435
3436
3437
3438
3438
3439
3439
3439
3439
3440
3440
3441
3442
3444
3444
3444
3444
3445
3445
3445
3445
3445
3446
3446
3447
3450
3451
3451
3452
3452
3452
3453
3455
3455
3455
3456
3456
3457
3461
3462
3462
3464
3465
3467
3468
3468
3470
3470
3475
3475
3475
3477
3478
3479
3479
3480
3481
3482
3482
3483
3483
3484
3484
3485
3486
3487
3491
3492
3493
3496
3496
3497
3497
3500
3500
3502
3506
3506
3506
3509
3509
3511
3511
3512
3514
3517
3517
3520
3522
3522
3523
3525
3526
3527
3528
3529
3530
3531
3532
3534
3536
3536
3536
3539
3539
3541
3541
3542
3543
3543
3543
3544
3546
3548
3548
3551
3552
3554
3554
3556
3557
3558
3559
3562
3562
3563
3563
3563
3564
3564
3566
3569
3570
3570
3571
3573
3574
3574
3574
3575
3575
3578
3578
3579
3579
3580
3581
3581
3583
3585
3590
3591
3592
3592
3595
3595
3596
3598
3600
3602
3603
3604
3605
3606
3606
3607
3611
3612
3612
3612
3613
3613
3614
3614
3614
3614
3617
3617
3618
3618
3619
3620
3620
3622
3623
3623
3625
3626
3626
3628
3629
3630
3630
3630
3632
3633
3633
3634
3636
3636
3637
3638
3638
3639
3640
3640
3641
3642
3644
3645
3646
3647
3649
3649
3650
3651
3651
3654
3658
3659
3660
3661
3662
3664
3665
3666
3666
3667
3668
3668
3668
3674
3674
3676
3676
3676
3676
3678
3678
3680
3681
3682
3682
3683
3684
3685
3685
3693
3695
3695
3696
3699
3699
3700
3702
3703
3704
3704
3704
3704
3705
3706
3708
3709
3709
3709
3709
3711
3711
3714
3714
3715
3715
3716
3717
3718
3719
3720
3720
3720
3722
3722
3723
3723
3726
3727
3729
3729
3729
3730
3731
3734
3736
3737
3737
3740
3741
3742
3742
3742
3743
3743
3743
3744
3744
3746
3749
3750
3750
3754
3754
3756
3757
3757
3758
3758
3760
3761
3761
3761
3762
3763
3763
3764
3765
3766
3767
3770
3773
3773
3774
3774
3776
3778
3779
3779
3781
3782
3783
3784
3785
3785
3786
3788
3792
3793
3793
3793
3795
3797
3800
3801
3802
3802
3803
3804
3804
3807
3808
3808
3809
3809
3811
3811
3812
3812
3815
3816
3818
3819
3821
3822
3822
3823
3824
3824
3826
3827
3828
3829
3832
3834
3836
3837
3837
3837
3838
3838
3840
3842
3844
3844
3844
3845
3845
3848
3848
3850
3850
3851
3851
3852
3853
3854
3854
3854
3854
3854
3856
3857
3858
3859
3861
3862
3864
3865
3868
3869
3869
3869
3869
3871
3872
3873
3873
3873
3874
3875
3876
3877
3877
3878
3878
3879
3879
3880
3880
3880
3880
3880
3881
3883
3884
3885
3889
3889
3890
3890
3891
3893
3894
3894
3895
3896
3897
3897
3900
3900
3901
3902
3903
3903
3904
3904
3911
3911
3911
3912
3912
3913
3914
3914
3915
3916
3917
3917
3918
3920
3920
3922
3923
3923
3927
3927
3927
3927
3928
3929
3929
3929
3929
3929
3930
3930
3930
3930
3931
3933
3937
3938
3939
3940
3941
3942
3942
3944
3945
3946
3947
3949
3950
3952
3952
3954
3954
3955
3955
3956
3956
3957
3957
3957
3958
3959
3960
3960
3962
3962
3962
3963
3963
3964
3965
3969
3970
3971
3974
3976
3978
3978
3980
3980
3981
3981
3982
3983
3983
3983
3985
3985
3986
3986
3987
3988
3988
3989
3989
3994
3995
3996
3996
3997
3997
3998
4000
4000
4001
4002
4004
4008
4012
4013
4013
4015
4015
4015
4016
4017
4017
4018
4021
4022
4022
4022
4023
4023
4023
4024
4024
4024
4026
4027
4029
4033
4035
4036
4037
4037
4038
4038
4039
4043
4043
4046
4047
4047
4047
4048
4049
4050
4052
4052
4053
4053
4056
4058
4058
4059
4059
4060
4062
4062
4063
4066
4066
4066
4068
4068
4069
4070
4070
4073
4075
4075
4075
4076
4077
4077
4079
4079
4080
4082
4083
4083
4083
4085
4086
4087
4089
4089
4091
4092
4093
4093
4094
4094
4094
4094
4095
4097
4098
4099
4101
4101
4102
4103
4106
4108
4109
4111
4113
4114
4116
4116
4117
4118
4118
4119
4122
4122
4122
4123
4124
4124
4125
4126
4127
4130
4130
4130
4131
4131
4133
4133
4135
4135
4137
4137
4138
4139
4140
4142
4142
4142
4142
4143
4144
4149
4149
4150
4152
4153
4155
4155
4157
4157
4157
4158
4159
4159
4160
4160
4161
4162
4163
4164
4165
4166
4167
4168
4168
4168
4168
4170
4170
4170
4173
4173
4174
4174
4177
4178
4179
4179
4182
4182
4183
4184
4184
4185
4185
4186
4186
4187
4191
4191
4192
4194
4194
4195
4196
4196
4196
4196
4197
4197
4197
4197
4198
4198
4199
4200
4200
4200
4201
4203
4204
4205
4207
4211
4213
4213
4214
4215
4218
4218
4218
4219
4221
4222
4230
4230
4232
4232
4233
4233
4235
4237
4237
4239
4242
4242
4243
4244
4245
4246
4247
4247
4250
4251
4252
4252
4252
4253
4253
4254
4254
4255
4256
4256
4259
4261
4261
4261
4262
4263
4264
4265
4266
4267
4269
4271
4271
4273
4276
4276
4278
4279
4280
4280
4281
4281
4282
4283
4283
4286
4288
4288
4290
4290
4291
4291
4294
4294
4294
4294
4295
4295
4296
4296
4298
4300
4301
4302
4302
4303
4305
4306
4306
4307
4307
4309
4310
4310
4312
4312
4312
4315
4315
4315
4316
4317
4318
4319
4319
4321
4322
4324
4325
4325
4326
4326
4327
4327
4329
4329
4331
4332
4332
4333
4333
4334
4334
4334
4334
4335
4337
4338
4340
4340
4342
4345
4346
4346
4346
4349
4350
4354
4355
4355
4356
4356
4357
4358
4363
4367
4367
4367
4368
4369
4369
4369
4370
4372
4372
4372
4372
4373
4373
4374
4374
4375
4375
4375
4376
4376
4377
4382
4384
4384
4384
4386
4389
4389
4390
4390
4391
4391
4393
4395
4397
4397
4397
4397
4397
4397
4397
4398
4398
4398
4399
4399
4404
4406
4411
4411
4414
4416
4417
4417
4417
4418
4418
4418
4419
4419
4420
4421
4421
4423
4424
4427
4427
4427
4428
4428
4429
4430
4431
4435
4436
4439
4441
4441
4442
4442
4442
4445
4445
4447
4447
4447
4450
4451
4451
4452
4455
4457
4458
4458
4459
4462
4462
4462
4463
4465
4465
4465
4465
4467
4473
4473
4475
4476
4477
4478
4479
4480
4480
4481
4482
4483
4483
4485
4486
4487
4492
4492
4493
4493
4493
4493
4494
4495
4496
4498
4499
4499
4499
4499
4502
4503
4505
4505
4505
4506
4507
4507
4509
4510
4510
4512
4513
4514
4514
4515
4515
4516
4518
4518
4520
4521
4521
4523
4523
4524
4528
4528
4528
4530
4533
4535
4535
4535
4537
4537
4538
4539
4539
4540
4540
4540
4542
4545
4545
4546
4546
4547
4548
4549
4550
4552
4552
4553
4554
4554
4554
4555
4557
4558
4558
4559
4559
4560
4561
4562
4564
4564
4565
4565
4565
4566
4567
4567
4568
4568
4568
4569
4569
4570
4573
4573
4573
4574
4574
4575
4575
4576
4577
4581
4581
4582
4583
4584
4585
4587
4587
4589
4589
4590
4595
4596
4597
4597
4597
4598
4598
4598
4599
4600
4601
4606
4606
4606
4607
4607
4607
4608
4608
4611
4613
4616
4617
4617
4618
4621
4622
4624
4624
4624
4627
4627
4627
4628
4630
4630
4632
4632
4633
4634
4638
4638
4638
4640
4641
4641
4642
4643
4643
4643
4643
4643
4646
4648
4649
4650
4650
4651
4654
4655
4655
4655
4658
4659
4659
4665
4666
4667
4668
4669
4669
4672
4672
4676
4679
4680
4680
4681
4683
4684
4684
4685
4686
4686
4689
4690
4691
4694
4694
4695
4695
4695
4696
4696
4698
4698
4698
4698
4701
4701
4702
4706
4707
4711
4712
4713
4714
4715
4716
4717
4718
4718
4718
4719
4720
4723
4724
4725
4725
4725
4726
4728
4728
4728
4729
4730
4732
4732
4732
4732
4733
4734
4735
4735
4737
4737
4738
4738
4742
4743
4743
4744
4744
4745
4745
4746
4747
4748
4748
4748
4749
4750
4750
4752
4754
4762
4763
4765
4766
4767
4768
4769
4770
4773
4775
4775
4776
4778
4779
4781
4782
4782
4783
4785
4785
4787
4791
4794
4794
4795
4796
4797
4798
4798
4798
4800
4801
4803
4806
4807
4807
4807
4808
4809
4811
4811
4812
4812
4816
4817
4818
4818
4820
4821
4823
4823
4823
4824
4825
4825
4828
4828
4829
4830
4831
4831
4832
4833
4833
4833
4834
4836
4839
4840
4840
4843
4843
4844
4845
4848
4848
4848
4849
4849
4851
4851
4852
4853
4854
4854
4856
4859
4859
4860
4861
4862
4862
4863
4864
4865
4865
4866
4866
4867
4867
4868
4869
4870
4870
4870
4871
4872
4873
4873
4875
4876
4877
4877
4877
4879
4880
4880
4881
4882
4882
4882
4883
4883
4884
4886
4886
4887
4887
4887
4888
4888
4888
4890
4890
4893
4894
4896
4897
4897
4898
4899
4900
4901
4902
4903
4904
4906
4909
4910
4910
4913
4913
4913
4914
4915
4916
4917
4918
4922
4922
4922
4924
4925
4925
4926
4928
4930
4931
4932
4932
4933
4934
4935
4936
4936
4936
4937
4938
4939
4939
4940
4941
4941
4943
4944
4946
4947
4947
4948
4948
4949
4949
4950
4950
4952
4953
4953
4954
4955
4956
4957
4957
4957
4957
4958
4958
4958
4958
4959
4960
4961
4962
4962
4962
4963
4965
4966
4967
4969
4970
4971
4971
4971
4974
4974
4974
4976
4978
4980
4980
4980
4981
4983
4983
4984
4984
4986
4987
4987
4989
4989
4989
4990
4991
4993
4994
4997
4998
4998
5000
5001
5001
5008
5008
5013
5013
5015
5015
5015
5018
5018
5018
5023
5024
5026
5026
5027
5028
5029
5030
5031
5033
5033
5035
5043
5044
5044
5045
5046
5046
5047
5047
5049
5050
5051
5052
5056
5056
5056
5056
5057
5058
5059
5059
5059
5060
5060
5062
5063
5063
5064
5065
5065
5066
5068
5071
5071
5072
5072
5073
5075
5076
5078
5079
5079
5081
5083
5083
5085
5085
5088
5089
5090
5091
5091
5091
5091
5093
5093
5098
5099
5099
5100
5102
5102
5108
5108
5109
5109
5111
5113
5114
5117
5117
5119
5119
5119
5120
5121
5121
5125
5126
5128
5131
5131
5132
5132
5132
5133
5133
5135
5136
5136
5136
5136
5137
5138
5140
5140
5141
5142
5143
5146
5146
5146
5147
5148
5150
5151
5151
5152
5154
5155
5155
5158
5158
5160
5161
5161
5162
5163
5163
5164
5166
5169
5170
5170
5170
5170
5172
5174
5177
5178
5178
5179
5179
5180
5180
5182
5183
5184
5186
5190
5190
5192
5193
5193
5194
5194
5196
5196
5197
5198
5200
5201
5203
5204
5205
5207
5208
5208
5210
5210
5212
5212
5214
5216
5216
5217
5221
5222
5222
5224
5224
5224
5224
5226
5226
5227
5228
5229
5229
5230
5231
5232
5232
5232
5232
5233
5234
5237
5237
5238
5240
5242
5242
5242
5243
5245
5246
5247
5249
5252
5254
5254
5255
5256
5257
5257
5257
5257
5257
5258
5258
5258
5263
5263
5263
5264
5268
5268
5272
5273
5273
5273
5273
5274
5274
5277
5278
5278
5278
5283
5284
5285
5285
5288
5289
5290
5291
5291
5294
5294
5295
5296
5298
5299
5303
5304
5306
5306
5307
5308
5309
5309
5309
5309
5310
5311
5313
5313
5314
5315
5316
5317
5317
5317
5317
5318
5319
5320
5320
5321
5322
5322
5325
5325
5327
5327
5327
5330
5331
5331
5331
5331
5332
5333
5334
5335
5337
5338
5339
5341
5343
5344
5344
5344
5344
5345
5346
5348
5348
5349
5350
5350
5352
5354
5354
5355
5355
5356
5358
5358
5360
5362
5363
5363
5363
5363
5366
5366
5366
5366
5367
5367
5368
5369
5369
5371
5371
5373
5374
5376
5376
5377
5378
5379
5379
5379
5380
5383
5385
5386
5386
5386
5387
5387
5387
5388
5388
5389
5390
5390
5390
5391
5393
5393
5394
5394
5396
5397
5399
5402
5404
5404
5405
5405
5407
5407
5407
5408
5408
5409
5412
5414
5414
5416
5417
5417
5417
5419
5423
5424
5426
5426
5428
5429
5429
5430
5431
5431
5432
5432
5432
5432
5434
5436
5437
5437
5438
5439
5441
5442
5443
5445
5446
5447
5448
5448
5450
5452
5452
5453
5453
5454
5454
5455
5457
5458
5460
5460
5460
5461
5461
5461
5461
5462
5464
5466
5466
5467
5468
5468
5470
5471
5472
5472
5472
5473
5475
5477
5477
5478
5478
5479
5480
5480
5481
5482
5482
5483
5485
5486
5487
5487
5488
5488
5491
5491
5491
5492
5494
5497
5498
5499
5501
5502
5503
5505
5506
5506
5507
5508
5509
5510
5513
5517
5518
5521
5522
5524
5526
5526
5526
5527
5529
5530
5530
5531
5531
5533
5533
5534
5534
5535
5535
5538
5538
5539
5539
5541
5542
5544
5544
5544
5547
5547
5547
5550
5552
5552
5553
5553
5553
5554
5554
5555
5557
5558
5559
5559
5559
5562
5562
5563
5564
5565
5568
5569
5573
5573
5573
5573
5575
5575
5576
5577
5577
5577
5579
5583
5584
5585
5585
5586
5589
5589
5589
5590
5591
5594
5594
5597
5597
5598
5600
5602
5603
5606
5607
5607
5608
5610
5610
5610
5610
5611
5612
5613
5615
5616
5616
5616
5619
5620
5621
5621
5623
5624
5625
5625
5626
5631
5632
5632
5633
5633
5634
5635
5635
5636
5636
5637
5637
5638
5638
5638
5639
5639
5640
5641
5641
5641
5641
5642
5642
5642
5643
5645
5645
5646
5646
5647
5648
5648
5649
5649
5649
5650
5652
5655
5656
5658
5659
5661
5662
5663
5664
5664
5665
5667
5667
5669
5669
5669
5669
5669
5671
5671
5673
5673
5674
5674
5676
5676
5676
5679
5679
5680
5681
5682
5683
5684
5684
5686
5686
5687
5687
5690
5693
5695
5697
5699
5699
5699
5700
5701
5702
5702
5702
5703
5703
5704
5705
5705
5705
5707
5707
5709
5709
5711
5713
5714
5716
5717
5719
5720
5722
5723
5725
5725
5725
5725
5726
5726
5728
5730
5730
5730
5734
5736
5738
5740
5740
5741
5741
5741
5742
5742
5742
5742
5742
5745
5745
5746
5746
5747
5748
5748
5751
5751
5752
5753
5753
5754
5754
5756
5756
5758
5759
5759
5760
5762
5763
5767
5767
5768
5768
5769
5769
5769
5770
5773
5773
5775
5777
5778
5778
5779
5779
5779
5780
5781
5782
5784
5785
5786
5786
5789
5790
5794
5796
5797
5797
5798
5801
5803
5803
5804
5806
5807
5808
5808
5808
5808
5810
5810
5810
5810
5816
5816
5817
5817
5823
5824
5825
5826
5827
5830
5830
5830
5830
5831
5832
5832
5834
5834
5835
5835
5836
5837
5838
5838
5838
5839
5842
5842
5844
5845
5846
5846
5847
5848
5848
5851
5851
5851
5851
5853
5854
5854
5854
5856
5856
5856
5857
5859
5859
5860
5861
5864
5865
5865
5866
5866
5868
5868
5870
5871
5872
5874
5877
5879
5879
5880
5880
5882
5885
5888
5888
5888
5890
5892
5892
5893
5894
5894
5896
5896
5896
5898
5899
5903
5903
5904
5904
5906
5907
5907
5908
5908
5909
5910
5912
5917
5919
5920
5921
5921
5921
5922
5923
5923
5923
5924
5924
5926
5926
5928
5930
5930
5930
5931
5932
5932
5932
5934
5935
5935
5935
5936
5936
5936
5937
5937
5937
5940
5944
5944
5946
5947
5947
5947
5949
5949
5950
5950
5950
5950
5950
5951
5951
5953
5954
5955
5955
5956
5958
5958
5958
5962
5962
5963
5964
5967
5967
5972
5973
5973
5976
5976
5976
5977
5977
5979
5980
5981
5981
5981
5981
5982
5984
5984
5987
5990
5991
5991
5992
5995
5995
5995
5996
5997
5997
5998
5998
5999
5999
6001
6001
6003
6003
6003
6003
6003
6003
6005
6007
6010
6010
6011
6011
6012
6013
6014
6014
6015
6016
6016
6017
6020
6021
6021
6021
6022
6022
6022
6023
6023
6023
6023
6023
6024
6024
6025
6026
6028
6028
6028
6028
6029
6029
6029
6032
6034
6034
6036
6036
6038
6040
6041
6043
6043
6044
6044
6046
6049
6050
6050
6050
6052
6052
6054
6054
6055
6055
6056
6057
6059
6063
6066
6066
6066
6067
6068
6070
6073
6074
6074
6074
6075
6076
6077
6078
6079
6080
6081
6081
6083
6083
6084
6085
6086
6087
6087
6088
6089
6089
6090
6090
6093
6093
6096
6097
6099
6100
6100
6101
6102
6104
6104
6105
6106
6106
6108
6109
6110
6110
6111
6112
6112
6114
6115
6117
6117
6119
6119
6121
6122
6122
6123
6125
6125
6127
6128
6129
6129
6132
6133
6134
6135
6135
6136
6136
6138
6138
6142
6143
6144
6146
6146
6146
6149
6149
6150
6154
6154
6155
6155
6157
6158
6158
6159
6160
6163
6163
6164
6165
6166
6166
6167
6168
6168
6169
6170
6173
6174
6177
6178
6179
6179
6180
6182
6183
6184
6184
6185
6185
6186
6187
6188
6189
6190
6192
6193
6194
6194
6195
6195
6197
6199
6199
6200
6201
6201
6201
6201
6201
6202
6204
6205
6206
6207
6209
6209
6210
6211
6211
6212
6212
6213
6213
6214
6215
6216
6217
6217
6218
6219
6220
6221
6224
6225
6226
6228
6228
6229
6229
6234
6235
6236
6236
6237
6239
6240
6243
6243
6243
6244
6245
6246
6246
6246
6246
6248
6248
6249
6249
6252
6253
6254
6254
6255
6255
6256
6256
6258
6258
6260
6260
6262
6262
6264
6265
6266
6266
6267
6268
6269
6269
6270
6271
6271
6272
6274
6274
6274
6274
6275
6276
6276
6276
6276
6277
6279
6279
6280
6280
6281
6282
6282
6284
6284
6285
6286
6287
6288
6290
6290
6292
6292
6293
6294
6295
6296
6298
6298
6299
6302
6302
6302
6304
6305
6306
6306
6307
6308
6308
6308
6310
6311
6312
6312
6313
6314
6314
6316
6316
6319
6320
6322
6325
6325
6326
6327
6328
6330
6331
6331
6331
6331
6331
6332
6333
6333
6335
6335
6336
6336
6336
6337
6338
6338
6338
6341
6342
6343
6343
6343
6344
6345
6347
6348
6353
6353
6353
6355
6357
6357
6357
6357
6358
6360
6360
6360
6362
6362
6362
6362
6362
6364
6368
6368
6369
6369
6370
6370
6372
6372
6373
6377
6378
6379
6379
6380
6381
6381
6381
6382
6383
6384
6384
6384
6387
6388
6388
6389
6389
6390
6392
6393
6396
6398
6399
6399
6400
6400
6400
6403
6406
6407
6412
6416
6417
6418
6418
6418
6418
6419
6419
6419
6420
6420
6422
6423
6425
6425
6426
6428
6429
6429
6429
6431
6431
6432
6433
6434
6434
6435
6435
6436
6437
6438
6439
6439
6440
6441
6441
6442
6444
6448
6449
6450
6450
6451
6452
6452
6452
6452
6454
6456
6457
6463
6465
6465
6465
6465
6466
6468
6469
6470
6470
6471
6472
6473
6473
6474
6475
6475
6476
6476
6476
6478
6481
6483
6483
6484
6486
6486
6490
6491
6491
6493
6493
6494
6496
6496
6497
6497
6498
6500
6501
6502
6504
6506
6506
6506
6507
6509
6510
6511
6511
6513
6513
6514
6514
6516
6518
6519
6520
6522
6528
6529
6530
6531
6531
6532
6533
6534
6536
6537
6539
6540
6541
6541
6541
6542
6543
6543
6544
6546
6548
6549
6550
6552
6552
6553
6554
6555
6555
6557
6560
6560
6561
6562
6563
6564
6567
6567
6568
6569
6569
6570
6570
6572
6572
6572
6573
6573
6573
6574
6574
6576
6577
6579
6579
6581
6582
6585
6585
6587
6587
6588
6588
6588
6589
6590
6590
6591
6591
6593
6595
6596
6597
6598
6599
6600
6600
6601
6602
6603
6605
6606
6607
6611
6611
6611
6613
6613
6613
6614
6615
6616
6618
6618
6619
6619
6619
6620
6621
6621
6622
6622
6623
6626
6631
6633
6635
6640
6643
6643
6643
6644
6645
6645
6646
6647
6647
6649
6651
6652
6654
6654
6655
6655
6657
6659
6663
6664
6664
6665
6665
6666
6667
6668
6669
6671
6671
6671
6673
6673
6674
6674
6676
6679
6680
6683
6684
6688
6690
6690
6691
6691
6692
6692
6693
6693
6693
6693
6694
6695
6696
6697
6697
6697
6705
6706
6708
6708
6709
6710
6713
6714
6718
6719
6720
6720
6720
6722
6724
6724
6724
6724
6725
6725
6726
6726
6726
6727
6728
6729
6731
6732
6733
6734
6735
6738
6739
6739
6739
6740
6741
6741
6743
6744
6744
6749
6749
6750
6750
6751
6751
6752
6752
6754
6756
6758
6761
6763
6763
6764
6764
6766
6766
6767
6768
6769
6774
6774
6777
6778
6778
6780
6780
6781
6782
6782
6783
6783
6784
6788
6788
6790
6790
6790
6791
6791
6791
6793
6794
6796
6796
6798
6800
6803
6803
6803
6808
6808
6808
6808
6810
6811
6811
6812
6812
6812
6813
6814
6815
6816
6819
6819
6820
6820
6820
6820
6822
6822
6822
6823
6824
6828
6828
6828
6828
6836
6836
6838
6839
6840
6842
6842
6843
6845
6846
6847
6850
6850
6850
6852
6852
6853
6853
6855
6857
6857
6858
6858
6860
6862
6864
6865
6868
6868
6868
6868
6870
6872
6872
6873
6874
6875
6875
6880
6880
6880
6880
6881
6882
6882
6882
6884
6884
6884
6885
6887
6888
6889
6890
6891
6891
6893
6894
6894
6894
6898
6901
6902
6902
6902
6902
6903
6904
6904
6905
6906
6906
6909
6909
6909
6909
6911
6911
6911
6913
6913
6913
6915
6916
6917
6917
6918
6919
6919
6921
6921
6922
6923
6923
6923
6923
6923
6923
6924
6926
6926
6927
6928
6929
6930
6930
6932
6934
6934
6936
6937
6939
6940
6942
6942
6943
6945
6947
6948
6950
6954
6954
6954
6954
6955
6956
6956
6956
6957
6957
6958
6959
6959
6961
6962
6962
6963
6964
6964
6964
6968
6968
6972
6972
6972
6973
6975
6975
6976
6976
6976
6977
6978
6979
6979
6980
6982
6982
6982
6986
6986
6986
6987
6988
6988
6988
6991
6991
6992
6992
6992
6992
6994
6995
6996
6996
6997
7000
7003
7004
7004
7005
7006
7006
7007
7009
7010
7011
7011
7011
7011
7012
7013
7014
7015
7015
7016
7019
7021
7021
7023
7024
7028
7028
7028
7029
7029
7030
7030
7031
7032
7033
7033
7033
7033
7034
7036
7036
7036
7037
7039
7039
7043
7044
7044
7044
7048
7048
7048
7051
7051
7052
7052
7056
7057
7057
7058
7058
7059
7059
7059
7061
7061
7063
7064
7064
7064
7064
7065
7065
7065
7066
7067
7068
7071
7072
7072
7073
7075
7075
7076
7081
7081
7081
7083
7083
7084
7084
7086
7086
7086
7087
7089
7089
7090
7092
7093
7094
7098
7098
7099
7099
7101
7102
7105
7105
7105
7108
7108
7109
7109
7110
7110
7111
7112
7113
7113
7113
7114
7114
7115
7118
7120
7120
7122
7123
7124
7125
7126
7127
7127
7127
7129
7130
7131
7131
7131
7132
7132
7133
7134
7135
7136
7136
7139
7139
7139
7139
7140
7141
7141
7142
7144
7147
7149
7151
7151
7152
7152
7153
7154
7154
7155
7155
7156
7156
7157
7158
7161
7161
7162
7163
7163
7164
7166
7167
7167
7168
7168
7170
7172
7173
7173
7174
7174
7175
7176
7177
7178
7179
7179
7179
7181
7184
7186
7186
7187
7188
7189
7190
7190
7190
7194
7195
7196
7198
7199
7200
7201
7202
7202
7203
7204
7204
7205
7206
7208
7208
7209
7209
7210
7211
7212
7213
7213
7213
7213
7213
7214
7215
7215
7215
7215
7216
7216
7220
7220
7220
7224
7225
7225
7228
7229
7230
7232
7235
7236
7239
7242
7243
7243
7243
7243
7244
7244
7245
7247
7254
7259
7259
7260
7260
7262
7263
7263
7263
7264
7266
7267
7269
7269
7269
7270
7270
7272
7273
7273
7274
7276
7277
7279
7280
7281
7282
7283
7284
7286
7288
7288
7289
7290
7290
7292
7294
7294
7294
7294
7294
7295
7297
7300
7302
7303
7305
7306
7309
7310
7314
7315
7316
7316
7316
7318
7318
7319
7320
7320
7320
7320
7321
7321
7322
7323
7323
7325
7325
7328
7328
7329
7329
7329
7330
7330
7331
7333
7333
7333
7334
7335
7335
7337
7338
7339
7340
7340
7340
7341
7342
7342
7345
7345
7346
7348
7350
7352
7352
7353
7354
7355
7355
7355
7357
7357
7358
7359
7362
7363
7366
7368
7368
7368
7369
7369
7370
7370
7370
7370
7371
7372
7372
7373
7373
7374
7375
7377
7378
7378
7380
7382
7383
7384
7384
7384
7386
7387
7387
7390
7391
7392
7392
7394
7395
7397
7398
7398
7398
7399
7400
7402
7403
7403
7404
7404
7404
7405
7406
7406
7407
7408
7408
7408
7410
7411
7411
7412
7412
7412
7414
7416
7417
7417
7419
7420
7427
7428
7428
7430
7430
7432
7433
7433
7434
7436
7438
7438
7439
7442
7442
7442
7443
7443
7443
7444
7444
7446
7446
7447
7448
7449
7450
7450
7453
7453
7455
7455
7458
7464
7464
7465
7467
7468
7468
7469
7469
7470
7470
7472
7472
7475
7477
7477
7478
7478
7478
7478
7479
7479
7480
7480
7480
7482
7482
7483
7483
7485
7485
7486
7488
7491
7492
7493
7494
7494
7497
7497
7497
7497
7498
7498
7498
7499
7500
7501
7501
7504
7504
7505
7507
7507
7507
7508
7508
7509
7510
7510
7510
7511
7514
7514
7515
7515
7518
7518
7518
7518
7520
7520
7520
7520
7520
7520
7521
7521
7523
7524
7528
7528
7528
7529
7530
7531
7533
7533
7535
7535
7535
7536
7536
7540
7541
7542
7543
7543
7543
7544
7545
7546
7546
7547
7548
7549
7549
7551
7553
7556
7556
7556
7557
7558
7559
7560
7561
7561
7562
7563
7564
7566
7567
7567
7567
7568
7569
7570
7570
7571
7573
7574
7575
7576
7576
7577
7579
7579
7579
7580
7581
7581
7582
7583
7583
7583
7583
7586
7586
7587
7587
7588
7589
7589
7590
7590
7591
7592
7592
7593
7593
7595
7597
7597
7597
7599
7599
7601
7602
7602
7602
7603
7605
7607
7607
7608
7608
7609
7609
7611
7612
7614
7616
7619
7620
7620
7622
7624
7624
7625
7628
7629
7633
7634
7635
7637
7640
7642
7643
7644
7644
7644
7646
7646
7648
7648
7651
7653
7654
7658
7658
7660
7660
7662
7663
7663
7664
7664
7664
7664
7665
7665
7667
7668
7670
7670
7670
7670
7671
7671
7671
7673
7673
7673
7674
7674
7675
7676
7680
7680
7683
7684
7684
7685
7686
7686
7688
7689
7689
7690
7691
7695
7695
7695
7695
7695
7698
7698
7698
7698
7701
7704
7704
7705
7705
7706
7706
7708
7708
7710
7711
7711
7712
7713
7713
7714
7716
7716
7716
7723
7724
7724
7725
7725
7728
7730
7732
7732
7732
7733
7734
7737
7737
7738
7739
7742
7742
7743
7744
7746
7746
7747
7748
7748
7748
7749
7749
7751
7752
7752
7754
7754
7756
7757
7760
7761
7762
7762
7763
7765
7765
7765
7767
7769
7770
7770
7771
7771
7771
7772
7773
7775
7776
7778
7778
7778
7778
7780
7780
7781
7781
7782
7783
7783
7785
7788
7788
7789
7790
7790
7791
7792
7795
7797
7799
7801
7802
7803
7803
7804
7804
7805
7805
7806
7807
7807
7808
7810
7811
7811
7812
7814
7814
7815
7816
7818
7818
7818
7819
7820
7820
7821
7822
7822
7826
7826
7827
7828
7828
7829
7830
7832
7833
7834
7835
7835
7836
7836
7838
7839
7839
7839
7843
7845
7848
7848
7849
7850
7851
7852
7852
7852
7852
7853
7854
7855
7857
7859
7860
7860
7860
7860
7860
7861
7861
7862
7864
7865
7866
7866
7866
7868
7870
7871
7873
7873
7873
7874
7875
7876
7877
7877
7878
7878
7879
7880
7881
7882
7884
7884
7885
7885
7889
7893
7897
7897
7897
7898
7899
7900
7900
7901
7903
7904
7907
7908
7908
7910
7911
7911
7912
7915
7915
7917
7918
7920
7923
7924
7925
7925
7926
7927
7931
7932
7933
7933
7933
7935
7936
7937
7938
7938
7939
7942
7945
7945
7947
7947
7947
7948
7948
7948
7949
7949
7949
7949
7949
7950
7951
7951
7951
7954
7954
7958
7959
7959
7966
7967
7968
7969
7970
7974
7975
7976
7976
7976
7977
7978
7979
7979
7979
7980
7980
7980
7982
7982
7983
7984
7987
7987
7987
7988
7989
7991
7992
7993
7994
7995
7995
7997
7997
7997
7997
7998
8001
8001
8001
8001
8002
8002
8002
8003
8003
8004
8009
8010
8011
8012
8013
8013
8014
8014
8014
8015
8015
8015
8015
8018
8020
8022
8024
8024
8026
8028
8028
8028
8029
8030
8031
8032
8032
8034
8034
8035
8037
8037
8039
8039
8039
8040
8040
8041
8041
8042
8043
8043
8045
8046
8047
8048
8049
8050
8050
8050
8053
8053
8053
8053
8054
8055
8057
8057
8058
8058
8060
8060
8061
8063
8063
8064
8064
8064
8066
8067
8069
8070
8072
8074
8074
8075
8076
8076
8078
8079
8080
8082
8082
8083
8087
8088
8088
8089
8090
8090
8093
8093
8094
8095
8095
8097
8101
8102
8104
8106
8106
8106
8106
8107
8108
8110
8110
8110
8112
8113
8113
8114
8116
8117
8119
8120
8120
8121
8121
8122
8122
8124
8124
8125
8126
8127
8127
8129
8131
8132
8134
8135
8135
8135
8136
8138
8139
8141
8141
8142
8142
8143
8145
8145
8149
8152
8153
8153
8154
8155
8155
8156
8157
8157
8158
8162
8162
8162
8163
8163
8163
8163
8164
8166
8168
8171
8172
8172
8172
8173
8174
8175
8176
8179
8182
8183
8184
8184
8185
8185
8186
8187
8187
8188
8188
8189
8190
8190
8191
8193
8194
8194
8195
8195
8197
8198
8198
8198
8198
8199
8199
8199
8200
8201
8201
8202
8203
8203
8207
8210
8212
8214
8214
8216
8219
8219
8219
8219
8223
8227
8228
8228
8229
8230
8230
8231
8232
8234
8235
8237
8237
8238
8238
8238
8241
8243
8246
8246
8248
8248
8249
8250
8251
8253
8253
8253
8253
8254
8255
8255
8257
8258
8261
8261
8262
8265
8265
8265
8266
8268
8269
8269
8269
8272
8276
8279
8283
8283
8285
8285
8286
8286
8287
8287
8287
8289
8289
8289
8290
8292
8293
8293
8293
8294
8296
8297
8300
8302
8302
8303
8306
8307
8307
8309
8309
8309
8309
8310
8311
8311
8312
8313
8314
8315
8315
8317
8318
8318
8318
8318
8319
8320
8320
8326
8326
8327
8329
8329
8330
8332
8333
8337
8337
8338
8338
8339
8341
8342
8342
8343
8344
8345
8347
8347
8348
8349
8351
8351
8354
8358
8358
8358
8359
8361
8361
8361
8362
8362
8363
8366
8368
8369
8370
8371
8371
8373
8374
8375
8375
8375
8376
8376
8377
8378
8379
8379
8379
8380
8382
8383
8386
8388
8389
8393
8394
8394
8396
8396
8396
8396
8398
8398
8399
8399
8403
8403
8404
8405
8407
8409
8412
8413
8415
8415
8417
8418
8418
8418
8419
8425
8426
8428
8428
8429
8431
8432
8432
8433
8434
8435
8436
8437
8438
8439
8440
8440
8443
8443
8444
8444
8444
8445
8445
8446
8447
8447
8448
8449
8451
8451
8452
8453
8453
8456
8457
8457
8457
8458
8461
8462
8464
8466
8467
8467
8468
8469
8470
8472
8474
8476
8477
8479
8479
8480
8480
8481
8481
8482
8482
8483
8484
8484
8485
8485
8487
8488
8488
8489
8490
8493
8493
8498
8498
8500
8500
8500
8500
8501
8501
8501
8504
8505
8505
8507
8507
8507
8508
8508
8509
8510
8510
8511
8511
8512
8513
8513
8514
8515
8517
8517
8518
8519
8519
8520
8521
8521
8523
8524
8526
8526
8530
8531
8531
8532
8534
8536
8536
8537
8538
8538
8540
8541
8541
8542
8545
8545
8545
8545
8546
8546
8546
8547
8548
8549
8552
8553
8553
8554
8556
8557
8557
8558
8558
8559
8559
8560
8562
8562
8565
8565
8566
8566
8568
8568
8570
8571
8571
8573
8574
8575
8575
8577
8577
8578
8578
8579
8580
8580
8583
8584
8586
8587
8588
8589
8589
8590
8591
8591
8592
8593
8594
8595
8595
8595
8595
8596
8597
8598
8598
8600
8600
8600
8604
8605
8607
8609
8609
8610
8610
8610
8610
8611
8612
8612
8613
8614
8614
8616
8616
8617
8617
8617
8618
8618
8620
8620
8620
8621
8624
8625
8626
8627
8629
8629
8630
8631
8631
8631
8632
8633
8638
8639
8641
8642
8642
8642
8643
8643
8644
8644
8646
8648
8649
8649
8649
8650
8653
8653
8656
8657
8658
8660
8660
8660
8661
8661
8662
8662
8667
8667
8668
8668
8669
8671
8672
8672
8673
8673
8673
8673
8673
8674
8674
8675
8677
8677
8680
8680
8681
8681
8684
8687
8687
8687
8688
8690
8690
8692
8693
8694
8694
8694
8694
8695
8699
8701
8705
8705
8705
8705
8706
8710
8710
8711
8711
8713
8714
8714
8715
8716
8716
8719
8719
8722
8722
8723
8725
8725
8726
8728
8729
8733
8737
8737
8737
8738
8741
8741
8742
8742
8744
8746
8746
8746
8747
8748
8748
8750
8750
8751
8751
8753
8753
8753
8753
8754
8754
8755
8756
8757
8757
8758
8759
8760
8760
8760
8761
8764
8766
8766
8766
8767
8770
8770
8772
8777
8777
8779
8782
8783
8783
8785
8786
8786
8787
8788
8788
8788
8788
8789
8791
8792
8792
8795
8796
8796
8796
8798
8801
8803
8804
8806
8806
8806
8809
8809
8811
8811
8812
8814
8816
8817
8820
8826
8827
8829
8831
8831
8831
8832
8832
8833
8834
8836
8838
8838
8839
8839
8840
8841
8842
8844
8845
8848
8849
8850
8850
8851
8852
8852
8853
8855
8856
8856
8856
8856
8862
8862
8862
8862
8864
8865
8870
8871
8871
8873
8874
8876
8876
8878
8878
8879
8879
8880
8883
8883
8884
8884
8885
8888
8889
8891
8893
8893
8893
8894
8894
8895
8895
8896
8898
8898
8899
8899
8900
8900
8901
8902
8902
8903
8903
8904
8905
8906
8907
8908
8908
8911
8911
8912
8914
8915
8915
8916
8916
8919
8921
8922
8926
8927
8929
8930
8931
8934
8935
8935
8938
8939
8940
8941
8942
8944
8946
8946
8946
8946
8947
8948
8949
8949
8950
8951
8951
8952
8952
8953
8953
8953
8954
8954
8955
8955
8957
8958
8958
8960
8961
8961
8961
8965
8966
8966
8967
8971
8972
8973
8974
8974
8974
8976
8977
8980
8980
8981
8982
8983
8983
8985
8987
8988
8988
8989
8990
8990
8990
8993
8994
8994
8996
8996
8996
9001
9002
9002
9004
9005
9005
9006
9006
9007
9007
9008
9008
9013
9014
9014
9014
9016
9016
9017
9018
9018
9018
9019
9019
9020
9020
9024
9030
9032
9032
9033
9036
9037
9037
9038
9038
9039
9039
9039
9040
9041
9041
9041
9041
9041
9041
9042
9042
9046
9047
9047
9048
9049
9050
9051
9053
9053
9053
9054
9057
9057
9057
9057
9058
9058
9062
9062
9064
9065
9065
9068
9068
9068
9068
9069
9069
9071
9072
9075
9076
9080
9081
9082
9083
9084
9085
9086
9087
9088
9088
9090
9091
9091
9092
9093
9096
9098
9102
9103
9104
9105
9105
9106
9108
9109
9112
9113
9113
9114
9115
9115
9117
9117
9119
9119
9119
9121
9124
9124
9124
9125
9126
9126
9126
9127
9128
9130
9131
9131
9131
9132
9136
9136
9136
9139
9139
9143
9143
9144
9145
9145
9145
9146
9147
9148
9149
9149
9149
9150
9151
9152
9154
9156
9156
9159
9159
9159
9159
9161
9161
9161
9162
9163
9165
9165
9166
9167
9168
9168
9170
9171
9171
9172
9172
9173
9174
9174
9174
9175
9175
9176
9176
9177
9178
9178
9180
9180
9181
9182
9182
9183
9183
9183
9183
9184
9185
9185
9186
9186
9187
9190
9190
9191
9192
9193
9196
9198
9198
9199
9199
9204
9204
9206
9206
9209
9209
9210
9213
9213
9213
9214
9214
9215
9216
9216
9218
9218
9220
9220
9220
9221
9223
9223
9223
9223
9225
9226
9226
9227
9228
9229
9229
9230
9230
9230
9231
9231
9233
9234
9236
9236
9236
9236
9237
9239
9240
9241
9242
9244
9246
9246
9246
9247
9247
9247
9249
9249
9251
9251
9252
9252
9253
9254
9256
9257
9258
9258
9259
9259
9260
9260
9261
9262
9263
9263
9265
9266
9267
9270
9270
9270
9272
9272
9275
9275
9276
9277
9278
9278
9279
9281
9282
9283
9283
9283
9285
9286
9287
9288
9289
9289
9290
9293
9294
9296
9296
9297
9298
9298
9298
9298
9299
9300
9301
9303
9304
9306
9307
9307
9308
9309
9309
9310
9311
9315
9317
9317
9317
9319
9319
9320
9320
9320
9321
9321
9323
9323
9324
9325
9327
9327
9328
9329
9332
9334
9337
9337
9339
9339
9340
9340
9340
9341
9341
9341
9341
9342
9345
9345
9349
9349
9350
9351
9352
9352
9352
9352
9352
9353
9355
9356
9358
9358
9361
9361
9362
9363
9366
9367
9369
9371
9371
9371
9372
9373
9374
9376
9377
9379
9380
9381
9382
9382
9384
9385
9389
9389
9390
9392
9392
9392
9393
9393
9396
9397
9397
9399
9399
9400
9400
9401
9402
9402
9404
9404
9405
9405
9408
9409
9410
9410
9410
9411
9413
9413
9413
9413
9414
9414
9416
9416
9417
9417
9417
9418
9420
9420
9420
9421
9422
9423
9425
9426
9427
9427
9428
9429
9429
9429
9429
9431
9431
9433
9433
9436
9437
9437
9438
9439
9440
9440
9441
9442
9442
9443
9443
9446
9447
9447
9448
9450
9451
9451
9453
9453
9455
9456
9457
9460
9460
9461
9461
9464
9465
9468
9468
9470
9471
9472
9475
9475
9477
9477
9478
9482
9487
9488
9489
9490
9490
9490
9494
9494
9495
9495
9495
9497
9498
9498
9499
9499
9499
9500
9501
9501
9502
9506
9507
9510
9510
9514
9514
9514
9515
9517
9517
9518
9519
9520
9520
9520
9521
9521
9521
9522
9523
9524
9524
9525
9525
9525
9528
9529
9535
9536
9536
9537
9538
9538
9538
9539
9541
9541
9543
9544
9545
9546
9547
9547
9549
9552
9553
9554
9556
9556
9558
9564
9564
9566
9568
9569
9571
9571
9571
9572
9572
9572
9574
9574
9576
9576
9576
9577
9577
9577
9579
9579
9581
9582
9582
9583
9584
9586
9587
9588
9591
9591
9592
9592
9594
9598
9600
9600
9600
9601
9601
9604
9605
9606
9606
9606
9606
9606
9608
9609
9609
9609
9610
9611
9612
9612
9613
9614
9615
9616
9617
9618
9622
9622
9624
9624
9625
9627
9628
9628
9628
9629
9630
9631
9631
9632
9634
9635
9637
9637
9638
9638
9638
9638
9638
9639
9639
9640
9642
9644
9644
9644
9645
9647
9649
9650
9651
9652
9653
9655
9656
9656
9657
9657
9657
9658
9658
9659
9660
9660
9660
9660
9661
9661
9661
9662
9662
9662
9662
9664
9669
9670
9670
9670
9671
9671
9672
9672
9673
9674
9675
9675
9679
9680
9681
9682
9682
9683
9683
9685
9687
9688
9689
9689
9692
9692
9694
9696
9697
9697
9698
9699
9703
9706
9707
9707
9707
9709
9710
9710
9711
9714
9715
9715
9716
9717
9719
9724
9725
9725
9726
9728
9728
9730
9730
9732
9733
9735
9738
9738
9738
9739
9739
9739
9740
9740
9741
9741
9742
9744
9744
9744
9744
9746
9748
9749
9749
9750
9750
9750
9752
9755
9757
9757
9757
9761
9761
9761
9762
9762
9762
9763
9765
9765
9766
9766
9768
9770
9774
9775
9775
9776
9777
9777
9779
9780
9781
9781
9782
9782
9784
9784
9784
9784
9785
9789
9790
9793
9794
9794
9795
9796
9796
9798
9798
9799
9799
9800
9800
9801
9802
9803
9804
9805
9806
9807
9807
9807
9808
9808
9809
9809
9818
9819
9820
9822
9822
9823
9824
9824
9825
9825
9825
9826
9826
9826
9826
9828
9830
9832
9833
9834
9834
9835
9837
9837
9838
9838
9838
9842
9842
9842
9843
9843
9844
9847
9848
9848
9851
9852
9853
9853
9853
9854
9856
9857
9857
9858
9859
9859
9860
9861
9862
9862
9862
9863
9864
9864
9865
9865
9866
9866
9866
9871
9872
9874
9875
9876
9877
9878
9878
9879
9881
9881
9882
9884
9884
9884
9885
9885
9885
9886
9887
9887
9889
9889
9889
9891
9892
9893
9893
9893
9898
9900
9901
9901
9902
9902
9903
9904
9904
9907
9907
9908
9909
9911
9911
9915
9917
9921
9921
9923
9923
9923
9924
9925
9926
9926
9927
9927
9929
9932
9932
9933
9933
9935
9935
9936
9937
9938
9938
9939
9940
9943
9943
9944
9946
9947
9948
9948
9949
9949
9950
9953
9955
9955
9955
9956
9957
9958
9958
9960
9963
9966
9966
9967
9967
9969
9969
9970
9970
9975
9975
9976
9976
9978
9980
9980
9984
9985
9987
9988
9992
9994
9996
9996
9999
Insertion sort comparisons: 25220211
Swaps comparisons: 25220211
Time elapsed (MS): 52 milliseconds
