1
1
2
2
3
4
9
10
11
13
15
16
16
17
18
19
20
21
21
22
23
24
24
25
25
25
26
27
30
30
30
30
33
33
33
34
36
40
42
43
45
47
50
51
52
52
53
53
55
55
57
59
62
63
64
64
64
66
67
69
69
69
69
70
70
71
71
75
76
76
76
79
80
80
81
82
83
84
84
84
85
86
87
88
88
88
90
90
94
95
96
97
98
101
101
102
102
102
105
105
106
108
110
111
113
113
115
115
118
119
120
126
126
130
131
131
131
132
132
132
133
134
134
136
138
138
139
141
142
142
146
147
151
151
152
152
153
154
154
155
157
158
158
158
159
160
160
160
163
163
163
164
165
166
166
169
169
172
172
173
174
175
175
176
176
177
178
178
179
179
180
181
182
183
184
185
189
190
191
191
193
193
194
194
195
198
199
201
202
203
203
205
208
208
208
208
211
212
212
213
213
214
214
216
216
217
218
219
220
220
220
223
225
225
227
227
228
228
230
232
232
234
238
238
239
241
241
244
244
244
244
246
246
248
249
254
254
255
255
256
256
256
257
257
257
257
257
258
259
260
263
266
266
267
269
270
273
274
274
275
275
276
276
276
278
279
280
281
282
282
283
285
285
290
293
294
294
294
296
296
297
298
300
300
301
302
302
303
303
304
304
306
307
307
307
310
310
311
312
312
312
316
317
319
324
327
327
328
329
330
330
331
333
334
334
335
335
336
337
339
339
340
341
343
345
346
346
346
347
348
348
351
353
355
356
356
357
360
360
361
363
364
364
365
366
367
367
367
372
372
373
374
375
376
381
383
383
384
384
385
385
386
387
387
388
388
389
390
391
391
391
393
394
394
395
395
395
396
397
398
400
400
400
401
403
404
405
406
407
407
408
409
409
409
410
411
412
412
413
414
414
415
415
416
417
418
419
419
420
422
422
424
424
425
426
428
430
431
431
432
432
432
433
433
434
437
438
438
439
439
439
441
441
441
441
442
443
443
443
444
444
448
448
448
449
451
451
452
453
453
454
454
456
456
457
459
461
461
462
462
462
463
464
464
464
465
466
466
469
469
471
472
473
475
476
478
479
479
479
481
481
483
484
486
486
486
487
487
489
493
493
493
494
495
495
495
496
496
497
498
499
499
499
499
501
501
501
503
503
505
505
505
506
506
506
507
507
507
508
509
511
515
515
515
515
516
517
517
521
522
524
524
524
526
527
527
527
528
529
530
530
532
532
536
536
537
540
543
543
544
545
546
547
547
547
548
549
549
551
552
554
554
555
556
557
561
562
562
564
564
566
567
567
569
569
571
571
571
572
573
576
578
583
583
583
584
587
588
590
590
590
591
592
593
594
597
598
600
600
600
601
602
602
603
605
605
608
608
610
611
611
612
612
612
612
612
613
614
614
615
616
618
619
620
620
620
622
622
625
626
627
627
628
629
630
630
630
635
635
637
637
639
640
640
642
645
646
646
647
648
648
650
651
652
653
653
653
654
655
655
657
657
660
660
661
662
664
665
665
666
668
668
674
676
676
676
677
677
677
680
680
681
681
682
682
684
685
686
687
688
689
690
691
692
693
694
694
696
696
697
697
698
700
700
702
702
706
707
707
708
708
709
710
710
710
711
711
711
712
714
714
715
717
718
718
720
724
724
725
726
726
728
728
728
731
733
734
734
734
735
735
735
737
739
741
742
743
745
745
746
750
751
753
757
758
758
758
759
760
760
760
761
761
762
764
766
767
768
768
769
770
771
771
771
771
771
775
775
776
777
779
780
780
781
783
783
784
784
785
786
786
787
788
789
789
789
790
790
791
792
792
793
793
793
793
794
795
797
798
798
798
798
798
799
800
801
801
802
802
805
805
805
806
806
809
809
809
810
810
811
812
814
815
816
816
819
819
819
820
820
823
823
824
826
826
827
828
828
829
829
830
830
835
837
838
840
840
841
842
842
844
845
846
846
847
847
849
850
850
851
851
851
853
853
854
856
856
857
858
859
859
868
868
872
874
874
876
877
879
879
880
880
880
882
882
883
883
884
886
886
888
888
889
890
890
890
892
893
893
894
897
898
899
900
901
901
901
904
904
908
913
914
918
920
920
920
921
921
922
922
922
927
928
930
930
933
933
935
935
936
936
937
940
940
940
941
941
942
943
944
948
950
951
951
952
953
953
957
957
958
958
958
958
959
960
960
960
961
965
966
966
970
973
973
974
974
976
978
978
979
980
984
985
988
988
989
989
991
991
993
994
996
996
996
997
998
998
998
999
999

Comparisons: 8749
Moves: 9976
Execution time (ns): 2