1
1
2
6
6
11
11
12
12
12
13
13
15
18
22
22
23
23
23
24
28
28
29
29
30
32
33
33
33
38
39
39
40
42
43
43
43
44
45
45
47
47
48
49
49
50
51
52
55
56
56
57
59
60
60
60
60
62
63
65
68
68
68
69
70
72
73
74
74
75
75
76
77
78
79
83
83
83
84
84
85
85
89
91
91
92
95
96
97
97
102
106
106
108
108
109
109
112
114
115
116
118
118
120
120
120
121
121
123
123
125
126
126
133
133
134
134
135
135
135
135
136
138
139
140
142
144
144
148
149
149
149
150
150
151
151
152
153
154
154
156
157
158
158
159
160
161
162
162
163
163
163
163
163
165
166
167
168
168
169
170
172
175
176
178
178
179
179
181
181
182
182
182
183
184
184
185
185
187
187
188
189
189
191
191
193
194
194
194
195
196
199
202
203
204
205
205
206
207
208
212
212
212
213
216
217
217
219
219
221
223
223
224
227
227
228
228
228
230
232
233
235
236
236
236
236
237
240
240
240
242
242
246
250
250
251
252
253
253
254
255
257
257
258
258
258
259
260
260
261
262
262
263
263
263
264
264
265
265
266
268
268
269
270
271
275
277
278
279
283
284
284
285
286
286
287
287
287
289
289
289
290
290
291
292
293
294
294
294
295
295
296
296
296
297
299
299
299
300
301
302
303
304
305
308
310
311
312
314
316
316
317
317
318
318
318
318
319
319
320
320
321
322
323
323
323
323
324
325
325
325
325
328
328
330
331
332
333
333
335
336
336
338
339
339
343
343
344
345
346
347
353
353
354
356
357
357
358
359
360
360
361
361
364
365
366
366
367
368
369
369
370
373
375
375
377
377
377
378
378
378
379
379
381
382
383
385
386
387
388
388
389
391
392
393
397
397
399
400
400
401
402
403
404
404
406
407
407
407
408
409
410
411
412
413
413
414
415
415
416
417
419
419
420
422
422
424
426
426
427
429
431
432
437
438
438
439
439
440
440
440
441
442
443
444
444
446
447
447
448
448
448
448
449
449
450
450
450
454
455
456
458
459
460
460
461
461
461
462
462
462
463
464
465
466
467
467
468
470
472
473
473
473
475
477
478
478
480
481
481
482
482
486
486
487
488
488
489
491
492
494
494
494
494
497
497
497
499
499
499
501
501
502
503
504
504
505
505
505
508
509
509
509
510
511
511
512
513
513
513
514
515
516
516
516
519
519
519
520
521
521
521
522
523
523
524
526
527
527
529
530
531
531
532
533
535
535
536
536
538
540
540
540
540
541
541
543
543
543
545
545
545
546
548
551
553
553
553
553
553
553
555
555
556
556
558
558
560
560
562
563
565
566
568
569
571
572
572
574
576
577
578
579
580
582
582
582
584
584
584
584
586
586
589
591
591
591
594
596
596
597
597
599
600
601
604
604
605
605
606
606
607
608
609
610
610
610
615
615
615
617
617
618
618
618
618
618
620
622
623
625
625
625
627
628
628
629
629
629
630
630
634
635
638
638
639
641
641
643
645
645
646
647
647
648
649
650
650
651
652
653
655
656
656
657
657
658
659
659
661
662
668
668
668
669
669
670
672
672
674
675
678
681
682
683
683
683
686
688
689
692
692
692
693
694
694
694
696
700
701
701
703
705
706
706
707
709
710
711
712
713
714
714
716
716
718
719
720
720
721
722
723
723
723
724
725
727
729
731
732
732
736
737
738
741
744
745
745
746
746
746
747
747
747
748
749
751
751
752
752
752
754
755
757
757
758
760
761
761
762
766
766
767
770
772
773
774
774
776
777
778
779
779
779
780
781
781
781
782
783
784
784
786
793
794
796
796
796
798
798
801
804
804
804
805
805
805
807
808
810
811
811
812
813
813
813
814
814
815
815
815
816
817
817
819
820
820
821
821
821
822
822
822
823
823
824
825
827
827
827
827
830
832
833
834
834
835
835
837
839
839
840
840
841
841
841
844
845
845
845
848
851
852
854
855
856
857
858
858
859
859
859
861
863
864
868
870
871
871
872
873
873
876
876
877
879
879
881
881
882
882
883
884
884
885
886
887
887
887
889
890
890
892
893
894
894
896
897
897
899
900
902
902
904
907
907
910
911
912
912
913
916
916
917
919
920
920
923
923
928
929
929
929
930
931
931
931
931
933
937
937
940
941
945
947
952
953
953
955
955
956
958
958
959
959
959
961
961
964
964
965
969
970
970
970
972
974
974
975
976
977
979
979
979
980
980
980
981
983
985
986
986
986
986
988
988
994
995
996
998
comparisons: 499500
swaps: 993
execution time: 5
