0
0
1
2
3
3
3
5
6
7
8
8
9
10
10
11
11
11
11
11
11
12
12
13
13
15
16
16
16
16
17
19
20
20
22
22
23
25
26
27
28
29
30
31
32
32
33
33
34
35
38
38
39
39
40
41
42
45
46
46
48
49
50
50
50
52
52
53
54
55
56
57
57
59
59
60
63
65
66
66
67
69
69
71
73
74
75
76
78
80
80
82
82
85
85
86
87
87
89
90
91
92
92
92
94
94
94
96
96
97
98
101
102
102
103
103
104
104
106
106
106
106
113
113
113
116
116
118
118
119
120
121
122
122
123
124
125
125
126
126
128
128
132
132
132
132
134
134
135
135
136
143
144
144
145
145
146
147
148
148
149
150
150
151
151
152
154
154
154
154
155
157
158
159
159
159
159
159
162
163
164
164
165
166
166
167
167
169
170
172
172
173
175
175
175
179
180
181
182
184
184
185
186
186
186
187
188
189
190
190
190
191
192
193
194
194
195
195
196
197
199
203
205
205
207
209
209
212
212
213
213
213
214
214
217
217
218
218
220
220
221
222
223
223
225
226
226
226
226
228
228
230
233
234
236
236
236
237
240
241
245
246
246
247
247
248
248
248
249
249
250
250
251
252
253
255
255
256
258
260
261
261
262
265
266
266
266
269
270
270
271
273
274
274
275
277
279
279
279
280
281
281
282
282
283
283
286
286
288
288
288
289
292
292
292
293
294
294
295
295
297
297
298
298
299
300
300
302
302
303
304
306
307
307
308
308
308
309
310
310
310
311
312
313
314
315
316
316
317
319
319
321
321
323
324
325
325
327
327
331
332
332
332
334
334
335
335
335
336
337
339
340
340
340
341
342
343
344
345
345
345
346
348
348
349
352
353
353
354
355
356
357
357
357
359
361
361
364
364
366
368
369
369
370
370
371
371
372
373
373
375
375
376
378
378
380
381
381
381
383
383
385
386
389
390
394
395
395
395
398
399
400
401
403
404
405
407
408
410
410
411
411
414
416
416
416
419
420
420
421
421
421
422
425
428
430
433
433
434
435
435
435
436
436
437
437
438
439
440
442
442
443
443
444
445
445
445
451
451
451
452
452
453
454
454
455
457
459
460
460
461
465
466
466
467
467
468
469
470
470
472
472
473
473
473
474
475
475
475
477
477
478
480
480
483
483
483
483
483
484
484
485
487
487
488
489
489
491
492
492
496
498
500
502
502
504
504
504
505
506
506
510
511
511
512
512
513
513
514
517
520
520
520
521
522
524
524
524
524
525
528
528
529
530
531
531
533
533
534
535
535
536
537
539
539
540
544
544
544
544
545
547
550
551
552
552
552
552
553
553
553
554
555
556
557
557
558
559
560
560
561
561
562
562
563
565
566
568
570
571
571
572
574
576
577
577
578
579
579
580
580
580
581
581
581
581
582
585
585
586
586
586
587
588
588
588
590
590
591
592
593
593
594
594
595
596
596
600
601
601
601
602
603
605
607
607
607
608
610
610
613
614
614
615
616
619
622
623
624
626
626
627
628
628
628
629
630
630
632
634
635
635
636
636
637
638
638
638
638
642
642
643
643
643
644
644
645
645
647
647
649
650
650
650
651
651
651
651
652
652
653
653
653
653
654
656
658
658
662
662
662
662
663
664
665
666
666
667
667
667
670
670
671
672
674
675
675
677
677
678
678
679
680
681
683
684
686
686
686
686
687
692
693
694
695
696
696
697
699
699
702
704
704
705
706
707
707
710
715
716
717
717
717
718
720
720
720
720
720
721
722
723
724
726
727
728
728
729
729
731
731
731
732
733
733
733
733
733
735
736
737
737
739
739
741
741
742
743
744
746
746
747
750
750
751
751
752
752
754
755
756
758
758
760
761
761
761
762
763
765
767
768
769
771
774
776
777
778
779
780
781
782
783
784
787
789
794
795
795
795
795
796
796
796
800
802
802
803
803
804
804
806
807
807
813
815
816
817
817
818
820
822
822
824
825
825
826
827
829
832
833
833
834
835
835
837
839
840
840
841
842
843
846
846
847
850
853
854
855
857
858
860
860
861
861
862
862
863
865
865
865
867
867
868
868
868
870
870
872
876
877
877
878
878
880
881
881
884
885
886
888
889
892
894
895
899
900
900
900
901
904
907
907
907
909
911
911
914
915
916
917
918
920
920
920
920
921
921
921
921
924
927
927
928
928
929
929
931
932
934
935
936
938
938
939
940
940
943
943
945
945
945
947
947
949
949
949
950
950
951
951
953
953
955
955
956
956
958
960
960
960
960
960
961
961
963
965
966
966
967
968
968
973
975
976
976
976
977
977
978
979
979
982
983
984
987
989
991
992
992
994
997
997
998
998
1000
1001
1001
1002
1003
1004
1004
1004
1004
1005
1007
1008
1009
1010
1010
1011
1012
1015
1017
1018
1018
1019
1019
1020
1021
1024
1024
1026
1027
1027
1028
1031
1033
1033
1037
1038
1040
1044
1044
1045
1048
1048
1049
1050
1051
1051
1051
1051
1052
1052
1053
1053
1061
1063
1065
1065
1066
1067
1067
1070
1070
1070
1071
1072
1074
1075
1078
1081
1081
1082
1083
1083
1083
1085
1088
1088
1090
1090
1090
1091
1091
1094
1095
1095
1095
1096
1099
1099
1101
1101
1102
1103
1106
1106
1106
1106
1107
1108
1113
1115
1116
1121
1121
1123
1123
1125
1127
1128
1131
1132
1132
1138
1141
1141
1141
1143
1144
1144
1144
1145
1145
1145
1148
1149
1149
1151
1151
1151
1152
1153
1153
1153
1153
1154
1154
1154
1155
1155
1156
1156
1157
1157
1158
1159
1159
1159
1159
1160
1162
1164
1165
1166
1166
1168
1170
1170
1171
1171
1172
1173
1174
1174
1175
1176
1177
1178
1179
1179
1180
1180
1181
1181
1181
1182
1182
1182
1183
1184
1184
1184
1185
1186
1189
1190
1191
1191
1192
1192
1193
1195
1196
1197
1199
1201
1203
1203
1203
1205
1208
1213
1213
1213
1217
1217
1219
1220
1220
1221
1221
1221
1222
1225
1227
1227
1230
1231
1232
1233
1233
1235
1235
1236
1237
1237
1238
1241
1242
1243
1244
1245
1245
1247
1248
1251
1251
1251
1252
1252
1254
1254
1254
1255
1256
1259
1259
1260
1262
1264
1264
1268
1269
1269
1270
1271
1271
1273
1274
1275
1276
1276
1276
1277
1277
1278
1278
1278
1279
1280
1283
1283
1285
1285
1286
1286
1286
1286
1289
1290
1290
1293
1294
1296
1296
1297
1298
1298
1299
1299
1300
1302
1303
1304
1304
1306
1309
1310
1310
1310
1311
1311
1313
1313
1314
1315
1318
1319
1319
1319
1321
1322
1322
1322
1324
1325
1329
1329
1331
1332
1332
1334
1334
1335
1336
1336
1336
1336
1337
1337
1340
1340
1340
1341
1342
1342
1343
1344
1344
1346
1347
1349
1349
1349
1352
1353
1354
1355
1355
1356
1358
1359
1360
1360
1362
1364
1366
1366
1367
1367
1369
1370
1370
1371
1371
1371
1373
1373
1374
1376
1376
1377
1378
1379
1380
1381
1382
1382
1383
1384
1390
1395
1396
1397
1397
1398
1399
1400
1400
1402
1402
1403
1405
1405
1408
1408
1410
1413
1413
1414
1415
1415
1415
1416
1418
1419
1421
1421
1421
1422
1423
1423
1424
1424
1425
1427
1428
1428
1428
1428
1429
1429
1429
1431
1432
1433
1433
1433
1433
1434
1435
1436
1436
1437
1437
1438
1439
1440
1440
1440
1443
1444
1446
1447
1447
1449
1450
1450
1450
1451
1454
1454
1458
1460
1461
1463
1464
1465
1465
1465
1468
1470
1473
1473
1474
1474
1475
1475
1475
1478
1480
1482
1482
1482
1483
1483
1484
1485
1486
1487
1491
1493
1493
1493
1494
1495
1495
1498
1500
1500
1501
1502
1502
1503
1503
1504
1504
1504
1505
1506
1507
1507
1510
1510
1511
1513
1514
1515
1515
1516
1519
1520
1521
1522
1522
1525
1525
1526
1527
1530
1530
1530
1530
1533
1534
1534
1536
1539
1540
1540
1542
1542
1543
1544
1545
1546
1547
1547
1548
1550
1551
1555
1556
1556
1557
1558
1559
1561
1562
1563
1563
1563
1564
1567
1568
1568
1572
1573
1575
1576
1579
1580
1580
1581
1581
1583
1586
1587
1588
1589
1589
1592
1592
1595
1595
1595
1597
1600
1602
1604
1605
1607
1607
1608
1610
1611
1612
1613
1613
1613
1613
1614
1619
1620
1621
1621
1623
1625
1625
1625
1625
1626
1627
1628
1629
1630
1632
1632
1634
1634
1634
1634
1635
1636
1637
1637
1638
1638
1638
1639
1640
1641
1641
1642
1642
1642
1644
1645
1645
1645
1646
1647
1647
1650
1651
1651
1654
1655
1655
1655
1655
1658
1658
1658
1658
1658
1658
1660
1660
1660
1660
1662
1664
1665
1665
1667
1668
1669
1670
1670
1670
1672
1673
1674
1674
1678
1678
1678
1680
1685
1685
1686
1686
1688
1690
1690
1691
1692
1693
1694
1695
1695
1695
1696
1697
1697
1698
1698
1698
1699
1700
1702
1702
1706
1707
1709
1710
1714
1714
1715
1716
1717
1718
1718
1720
1720
1721
1721
1722
1722
1723
1723
1723
1724
1726
1727
1728
1731
1732
1732
1733
1733
1733
1733
1733
1733
1736
1737
1737
1737
1737
1738
1738
1740
1741
1742
1742
1742
1743
1744
1744
1745
1747
1747
1747
1748
1749
1751
1751
1751
1754
1755
1756
1756
1756
1757
1760
1762
1763
1767
1767
1768
1769
1769
1770
1771
1771
1772
1773
1774
1775
1776
1777
1777
1778
1779
1779
1779
1781
1781
1781
1782
1784
1784
1785
1788
1788
1788
1788
1789
1790
1790
1791
1791
1792
1798
1798
1798
1799
1800
1800
1804
1805
1805
1806
1806
1806
1807
1808
1809
1810
1811
1811
1814
1814
1815
1815
1815
1815
1818
1818
1818
1818
1818
1819
1822
1823
1824
1824
1825
1826
1828
1831
1831
1832
1833
1834
1834
1838
1839
1839
1841
1843
1843
1843
1844
1844
1844
1845
1846
1846
1847
1847
1847
1848
1848
1850
1850
1851
1851
1852
1852
1852
1853
1854
1854
1854
1856
1856
1857
1859
1859
1860
1860
1861
1862
1863
1864
1864
1865
1865
1866
1866
1866
1867
1867
1867
1871
1871
1871
1871
1875
1876
1877
1878
1880
1880
1882
1882
1883
1884
1886
1886
1887
1887
1888
1889
1889
1891
1892
1894
1895
1898
1901
1904
1904
1906
1906
1909
1909
1911
1913
1914
1915
1915
1916
1917
1917
1917
1918
1918
1918
1918
1920
1921
1921
1921
1922
1923
1923
1924
1925
1927
1929
1929
1930
1933
1935
1935
1935
1936
1936
1938
1940
1942
1944
1945
1945
1945
1945
1948
1949
1950
1951
1952
1954
1954
1956
1957
1957
1958
1958
1959
1959
1960
1960
1960
1960
1960
1961
1963
1963
1963
1963
1963
1964
1964
1964
1964
1965
1967
1967
1968
1968
1971
1971
1972
1974
1974
1974
1974
1976
1976
1976
1977
1977
1977
1978
1979
1979
1980
1981
1981
1983
1983
1984
1985
1986
1986
1989
1990
1990
1994
1995
1996
1996
2001
2001
2003
2003
2006
2007
2008
2008
2009
2011
2013
2014
2015
2016
2018
2018
2020
2020
2023
2023
2023
2024
2025
2025
2025
2025
2027
2028
2029
2029
2030
2032
2033
2035
2036
2037
2039
2040
2042
2043
2043
2044
2044
2045
2045
2046
2046
2048
2049
2049
2050
2051
2052
2053
2053
2055
2055
2058
2059
2061
2061
2065
2065
2066
2066
2067
2067
2069
2070
2075
2079
2080
2082
2085
2085
2086
2089
2090
2090
2090
2091
2094
2094
2094
2097
2097
2097
2098
2098
2102
2102
2103
2104
2104
2106
2109
2110
2110
2111
2111
2112
2112
2113
2114
2114
2114
2114
2117
2117
2118
2118
2119
2120
2120
2121
2121
2122
2124
2125
2126
2127
2130
2135
2136
2136
2141
2143
2145
2145
2146
2146
2148
2148
2150
2151
2152
2154
2156
2156
2156
2158
2159
2161
2161
2163
2166
2167
2167
2168
2170
2170
2174
2176
2177
2181
2185
2185
2185
2186
2188
2188
2188
2189
2190
2190
2191
2191
2195
2196
2197
2200
2201
2202
2203
2203
2203
2204
2204
2204
2205
2206
2207
2208
2209
2209
2209
2209
2212
2213
2214
2217
2219
2222
2226
2226
2226
2226
2226
2227
2227
2228
2228
2229
2231
2234
2234
2234
2234
2236
2237
2238
2239
2240
2241
2242
2242
2245
2246
2247
2249
2250
2251
2252
2252
2253
2253
2256
2256
2257
2257
2257
2258
2262
2264
2266
2266
2266
2268
2269
2269
2270
2271
2271
2272
2272
2272
2274
2275
2275
2275
2277
2277
2278
2278
2279
2280
2281
2282
2284
2284
2284
2286
2287
2289
2290
2290
2290
2291
2293
2295
2296
2297
2297
2298
2299
2299
2300
2301
2302
2302
2302
2303
2304
2305
2305
2305
2306
2307
2307
2310
2311
2311
2313
2313
2313
2313
2314
2315
2315
2316
2316
2316
2317
2318
2320
2322
2323
2323
2323
2325
2326
2328
2329
2329
2329
2330
2331
2332
2332
2333
2333
2333
2334
2334
2334
2335
2336
2337
2337
2338
2339
2339
2340
2341
2342
2343
2344
2345
2347
2347
2350
2353
2355
2356
2356
2357
2357
2359
2359
2359
2361
2362
2363
2363
2363
2363
2363
2364
2366
2367
2368
2369
2371
2371
2374
2374
2374
2375
2375
2375
2378
2379
2383
2383
2384
2390
2391
2391
2391
2392
2392
2393
2393
2394
2395
2396
2397
2398
2400
2401
2401
2404
2405
2405
2405
2407
2407
2407
2408
2408
2409
2410
2411
2412
2413
2415
2415
2416
2417
2418
2418
2418
2418
2418
2421
2422
2425
2426
2427
2427
2427
2430
2431
2433
2434
2434
2435
2437
2437
2440
2442
2444
2445
2445
2454
2455
2455
2455
2456
2457
2457
2459
2461
2461
2461
2463
2463
2464
2468
2469
2470
2472
2472
2472
2475
2479
2479
2480
2480
2480
2481
2483
2484
2484
2484
2484
2487
2488
2492
2493
2499
2499
2500
2502
2502
2504
2505
2506
2507
2507
2507
2508
2510
2511
2512
2513
2514
2515
2515
2515
2515
2516
2516
2516
2517
2518
2518
2518
2519
2522
2523
2523
2524
2527
2527
2528
2530
2531
2533
2533
2534
2536
2538
2539
2540
2542
2543
2544
2545
2547
2550
2551
2551
2552
2552
2552
2553
2553
2554
2554
2554
2555
2555
2555
2555
2555
2556
2557
2557
2557
2558
2558
2560
2562
2564
2566
2567
2569
2571
2572
2573
2574
2575
2576
2576
2576
2577
2578
2579
2579
2580
2580
2581
2581
2581
2581
2581
2582
2583
2583
2585
2585
2585
2586
2587
2587
2588
2588
2591
2592
2592
2592
2593
2593
2595
2597
2597
2598
2598
2599
2602
2603
2604
2605
2606
2606
2609
2610
2611
2612
2613
2615
2616
2617
2617
2626
2626
2626
2626
2627
2628
2629
2629
2630
2630
2631
2632
2633
2633
2634
2636
2637
2638
2639
2640
2642
2643
2648
2648
2648
2651
2652
2653
2654
2655
2655
2656
2656
2657
2658
2660
2661
2661
2661
2662
2662
2663
2663
2664
2664
2664
2665
2666
2667
2667
2668
2671
2672
2672
2674
2674
2674
2675
2675
2676
2677
2679
2680
2682
2682
2683
2683
2684
2684
2685
2686
2686
2689
2691
2692
2692
2694
2695
2696
2696
2696
2698
2699
2700
2700
2701
2702
2702
2702
2704
2705
2705
2705
2707
2709
2709
2710
2711
2711
2712
2715
2718
2719
2719
2719
2720
2720
2722
2723
2724
2726
2727
2730
2730
2733
2735
2737
2737
2738
2738
2740
2742
2742
2743
2743
2743
2743
2743
2744
2746
2749
2751
2751
2752
2752
2753
2755
2755
2756
2757
2758
2761
2762
2763
2763
2763
2763
2764
2768
2769
2769
2770
2770
2771
2771
2772
2773
2774
2774
2774
2775
2776
2778
2780
2780
2780
2780
2781
2781
2782
2782
2782
2783
2784
2784
2786
2787
2788
2788
2789
2789
2790
2790
2792
2792
2793
2794
2794
2795
2795
2795
2796
2798
2801
2803
2803
2804
2804
2804
2806
2807
2807
2808
2808
2808
2809
2816
2817
2819
2820
2820
2821
2821
2821
2823
2823
2823
2826
2827
2827
2828
2829
2830
2832
2832
2833
2833
2833
2835
2835
2837
2838
2838
2841
2843
2845
2846
2846
2849
2849
2849
2850
2852
2855
2855
2856
2859
2859
2860
2861
2861
2862
2862
2864
2865
2865
2866
2867
2867
2868
2871
2871
2871
2872
2873
2875
2875
2876
2878
2881
2882
2883
2884
2884
2885
2887
2887
2888
2888
2888
2889
2890
2890
2891
2893
2894
2895
2896
2898
2898
2900
2901
2901
2902
2902
2904
2904
2905
2906
2906
2906
2908
2908
2908
2909
2910
2911
2913
2914
2914
2915
2916
2916
2917
2918
2919
2919
2920
2920
2921
2922
2923
2924
2924
2925
2926
2926
2927
2928
2928
2928
2929
2931
2932
2933
2933
2936
2937
2937
2938
2938
2938
2940
2942
2943
2944
2944
2944
2945
2946
2947
2947
2948
2948
2949
2951
2951
2951
2954
2956
2956
2958
2959
2959
2960
2962
2962
2963
2964
2968
2968
2968
2970
2973
2974
2974
2974
2977
2977
2977
2978
2979
2981
2983
2983
2984
2985
2986
2986
2988
2990
2991
2991
2992
2993
2997
2997
3002
3002
3003
3003
3004
3006
3007
3011
3012
3012
3013
3013
3014
3014
3015
3015
3015
3015
3015
3015
3016
3019
3020
3021
3023
3025
3025
3026
3026
3027
3027
3028
3028
3030
3031
3032
3033
3037
3037
3038
3039
3040
3040
3042
3045
3046
3047
3048
3048
3049
3051
3051
3052
3052
3052
3054
3055
3055
3056
3057
3057
3057
3059
3059
3060
3064
3069
3070
3071
3072
3073
3073
3074
3074
3076
3077
3078
3079
3079
3079
3079
3080
3081
3081
3083
3084
3084
3084
3085
3086
3086
3087
3087
3087
3089
3090
3090
3090
3091
3091
3092
3093
3093
3094
3094
3094
3096
3096
3099
3103
3104
3105
3105
3105
3105
3106
3107
3110
3111
3111
3111
3114
3116
3117
3118
3119
3120
3120
3120
3124
3125
3126
3127
3128
3128
3129
3129
3129
3130
3131
3132
3133
3134
3134
3136
3136
3138
3138
3138
3139
3139
3140
3141
3141
3141
3143
3143
3143
3146
3146
3150
3150
3151
3151
3151
3152
3152
3154
3154
3154
3154
3156
3158
3158
3158
3159
3160
3161
3162
3162
3163
3165
3166
3167
3167
3169
3170
3171
3174
3176
3176
3177
3177
3177
3177
3180
3180
3186
3187
3188
3189
3191
3191
3194
3197
3197
3197
3199
3200
3201
3203
3203
3203
3203
3203
3204
3204
3204
3205
3207
3207
3210
3213
3214
3214
3217
3219
3219
3219
3222
3222
3227
3227
3228
3228
3229
3231
3233
3234
3235
3235
3235
3235
3237
3239
3241
3242
3245
3245
3245
3246
3247
3248
3249
3249
3250
3250
3252
3253
3254
3256
3256
3257
3258
3261
3262
3262
3264
3265
3267
3268
3269
3270
3270
3271
3271
3272
3272
3274
3275
3276
3276
3277
3277
3278
3279
3282
3282
3283
3285
3286
3286
3288
3288
3289
3291
3291
3291
3291
3293
3294
3294
3295
3295
3296
3296
3296
3297
3297
3298
3298
3301
3302
3303
3303
3303
3304
3306
3308
3309
3310
3310
3311
3311
3311
3312
3315
3315
3316
3317
3319
3319
3320
3322
3322
3323
3324
3325
3329
3329
3329
3329
3330
3332
3335
3336
3337
3338
3338
3338
3339
3339
3339
3342
3342
3343
3343
3343
3346
3347
3347
3350
3350
3351
3352
3352
3355
3359
3360
3360
3363
3366
3368
3369
3369
3369
3369
3371
3373
3373
3373
3373
3375
3375
3376
3378
3379
3380
3387
3388
3388
3392
3394
3394
3395
3398
3401
3401
3401
3402
3402
3403
3404
3405
3406
3406
3409
3409
3409
3410
3412
3412
3412
3413
3413
3414
3414
3415
3420
3421
3422
3423
3423
3425
3425
3425
3427
3427
3428
3429
3429
3429
3430
3432
3433
3434
3435
3436
3438
3439
3440
3441
3442
3445
3445
3446
3449
3449
3450
3450
3451
3452
3453
3454
3456
3456
3457
3457
3458
3460
3461
3461
3461
3462
3462
3463
3463
3464
3464
3466
3467
3469
3474
3474
3474
3475
3476
3477
3478
3482
3483
3483
3483
3483
3485
3487
3488
3488
3488
3491
3492
3494
3495
3496
3496
3496
3497
3497
3500
3501
3502
3503
3504
3505
3507
3509
3510
3511
3512
3513
3513
3514
3514
3515
3516
3518
3520
3520
3521
3524
3525
3528
3529
3530
3531
3533
3533
3533
3535
3536
3538
3543
3546
3547
3547
3549
3551
3552
3553
3554
3557
3557
3558
3558
3558
3559
3559
3560
3561
3561
3562
3562
3563
3563
3564
3565
3565
3567
3567
3568
3570
3570
3570
3571
3572
3572
3572
3575
3576
3576
3577
3578
3579
3580
3581
3582
3582
3583
3583
3583
3584
3585
3586
3589
3590
3591
3593
3593
3594
3596
3598
3598
3602
3602
3603
3603
3604
3605
3606
3606
3606
3606
3607
3610
3611
3611
3612
3613
3614
3617
3618
3618
3619
3619
3621
3624
3624
3626
3626
3626
3627
3627
3629
3629
3629
3637
3640
3640
3641
3641
3643
3645
3647
3649
3650
3654
3655
3655
3657
3658
3659
3661
3662
3662
3662
3664
3665
3666
3666
3670
3670
3670
3670
3671
3672
3672
3673
3678
3679
3683
3686
3687
3687
3688
3688
3688
3688
3691
3692
3693
3693
3694
3695
3697
3699
3699
3700
3702
3702
3706
3706
3707
3707
3708
3709
3709
3709
3709
3715
3715
3717
3717
3717
3719
3720
3720
3720
3722
3722
3722
3723
3723
3723
3724
3724
3724
3726
3727
3730
3738
3738
3738
3738
3741
3741
3742
3742
3742
3744
3744
3744
3747
3748
3748
3749
3749
3751
3753
3755
3756
3757
3757
3757
3757
3758
3759
3761
3761
3762
3765
3765
3765
3767
3767
3771
3772
3772
3773
3773
3774
3775
3776
3776
3776
3776
3778
3778
3779
3779
3780
3780
3780
3780
3780
3782
3782
3783
3785
3785
3786
3787
3789
3789
3790
3790
3791
3792
3793
3793
3795
3796
3798
3799
3799
3800
3800
3800
3802
3803
3804
3805
3806
3807
3808
3808
3813
3814
3815
3816
3816
3817
3817
3820
3822
3823
3823
3825
3826
3826
3827
3828
3828
3829
3829
3830
3830
3832
3833
3833
3835
3835
3836
3836
3836
3839
3840
3841
3842
3842
3842
3843
3844
3845
3847
3847
3851
3851
3852
3852
3853
3853
3853
3855
3856
3856
3856
3857
3858
3859
3860
3864
3864
3865
3867
3871
3871
3875
3876
3877
3879
3879
3881
3883
3883
3885
3885
3885
3886
3886
3887
3887
3887
3888
3889
3890
3891
3893
3894
3895
3895
3896
3898
3900
3902
3902
3903
3903
3903
3905
3909
3909
3909
3910
3912
3915
3917
3919
3919
3921
3922
3922
3922
3923
3924
3925
3926
3927
3928
3928
3928
3930
3930
3931
3933
3935
3938
3939
3939
3940
3941
3941
3942
3942
3943
3943
3943
3944
3945
3945
3946
3946
3946
3948
3950
3950
3950
3952
3953
3953
3954
3955
3957
3958
3959
3959
3960
3961
3961
3961
3967
3967
3968
3968
3970
3971
3973
3974
3975
3976
3977
3978
3978
3979
3980
3980
3981
3982
3982
3983
3984
3985
3986
3986
3986
3987
3989
3991
3993
3994
3994
3995
3996
3997
3998
3998
3998
3999
4001
4001
4002
4004
4004
4004
4005
4006
4008
4009
4010
4011
4013
4013
4015
4015
4016
4017
4017
4017
4018
4019
4020
4021
4023
4023
4025
4028
4030
4030
4031
4032
4032
4037
4041
4041
4042
4043
4043
4045
4045
4047
4048
4051
4052
4052
4053
4053
4054
4055
4055
4056
4056
4058
4058
4059
4060
4060
4062
4062
4062
4063
4063
4063
4064
4066
4066
4066
4067
4069
4070
4071
4072
4072
4075
4075
4076
4076
4076
4080
4083
4083
4083
4084
4084
4086
4086
4088
4088
4089
4091
4091
4091
4093
4093
4096
4099
4100
4101
4104
4104
4104
4106
4107
4108
4108
4109
4109
4110
4114
4117
4118
4119
4124
4124
4124
4125
4126
4127
4127
4128
4128
4130
4131
4132
4132
4133
4134
4134
4135
4138
4139
4140
4142
4142
4143
4143
4143
4143
4145
4147
4150
4152
4153
4154
4156
4156
4158
4158
4160
4160
4161
4161
4167
4169
4173
4174
4174
4176
4176
4177
4177
4178
4178
4178
4178
4178
4179
4180
4180
4180
4180
4180
4181
4181
4182
4182
4184
4184
4184
4187
4188
4189
4189
4190
4191
4191
4192
4192
4193
4193
4194
4196
4196
4197
4197
4199
4203
4203
4205
4206
4206
4208
4209
4210
4212
4212
4214
4214
4216
4216
4216
4218
4219
4221
4221
4223
4224
4226
4228
4228
4229
4230
4231
4233
4235
4238
4240
4240
4241
4241
4241
4243
4243
4244
4244
4245
4246
4250
4252
4252
4254
4256
4256
4257
4258
4258
4258
4259
4259
4260
4260
4261
4262
4263
4266
4266
4267
4267
4267
4267
4269
4271
4273
4274
4274
4274
4276
4277
4278
4279
4279
4280
4281
4282
4284
4287
4289
4290
4291
4292
4293
4294
4295
4296
4296
4298
4304
4304
4305
4305
4305
4307
4308
4308
4309
4311
4311
4314
4315
4315
4316
4316
4320
4320
4320
4322
4323
4323
4323
4326
4328
4328
4328
4328
4329
4329
4330
4332
4332
4332
4333
4333
4334
4338
4338
4339
4340
4340
4340
4342
4342
4344
4346
4346
4347
4347
4347
4349
4349
4350
4352
4352
4353
4354
4354
4356
4357
4358
4358
4359
4361
4362
4363
4363
4366
4367
4367
4368
4370
4370
4371
4371
4372
4372
4372
4373
4373
4374
4374
4375
4375
4375
4377
4377
4379
4379
4379
4382
4382
4385
4386
4386
4386
4387
4387
4391
4391
4391
4392
4392
4393
4394
4394
4394
4395
4396
4396
4396
4399
4399
4402
4402
4402
4403
4404
4407
4408
4408
4409
4410
4411
4411
4415
4416
4417
4419
4419
4421
4423
4424
4425
4426
4426
4429
4430
4432
4434
4437
4438
4440
4443
4443
4444
4444
4444
4447
4448
4449
4449
4450
4451
4452
4452
4452
4453
4454
4455
4456
4458
4458
4458
4460
4461
4462
4463
4464
4465
4465
4465
4465
4465
4467
4467
4468
4468
4469
4471
4471
4473
4474
4474
4474
4474
4475
4476
4479
4480
4480
4482
4483
4483
4485
4485
4486
4488
4491
4491
4492
4493
4493
4493
4495
4497
4498
4499
4500
4501
4501
4502
4502
4505
4506
4507
4509
4510
4511
4512
4516
4517
4517
4518
4519
4519
4519
4519
4519
4522
4522
4522
4522
4523
4524
4524
4525
4528
4530
4530
4531
4532
4532
4533
4533
4534
4534
4534
4538
4539
4539
4541
4543
4546
4546
4546
4547
4547
4547
4547
4550
4551
4552
4553
4553
4553
4556
4558
4558
4559
4559
4560
4562
4562
4564
4564
4567
4567
4570
4571
4571
4571
4572
4573
4573
4574
4574
4575
4583
4585
4586
4587
4588
4588
4588
4589
4590
4590
4590
4592
4593
4595
4596
4598
4604
4604
4604
4606
4608
4608
4608
4610
4610
4611
4611
4615
4616
4617
4617
4618
4620
4621
4621
4622
4622
4623
4623
4623
4624
4624
4625
4626
4627
4627
4629
4629
4632
4634
4635
4635
4635
4638
4639
4641
4642
4642
4644
4645
4646
4646
4647
4647
4648
4649
4651
4651
4652
4652
4653
4653
4654
4654
4656
4656
4659
4659
4660
4663
4664
4664
4665
4665
4670
4670
4670
4671
4671
4671
4671
4672
4674
4674
4674
4674
4677
4678
4678
4680
4680
4683
4683
4685
4685
4689
4690
4691
4694
4695
4696
4697
4697
4698
4698
4699
4700
4700
4702
4703
4703
4704
4704
4704
4707
4708
4712
4712
4713
4713
4713
4714
4714
4715
4715
4715
4717
4719
4721
4721
4721
4721
4721
4722
4722
4723
4725
4725
4728
4731
4734
4734
4735
4735
4735
4736
4737
4740
4741
4742
4742
4742
4743
4744
4744
4744
4746
4746
4747
4748
4749
4750
4752
4753
4754
4755
4757
4757
4758
4759
4760
4762
4763
4768
4769
4771
4771
4771
4774
4775
4776
4777
4780
4781
4781
4782
4783
4783
4784
4787
4787
4788
4789
4789
4790
4791
4791
4791
4791
4792
4793
4794
4794
4794
4795
4797
4797
4797
4799
4799
4801
4802
4803
4804
4804
4804
4805
4805
4806
4806
4807
4807
4808
4808
4811
4813
4814
4814
4814
4815
4815
4815
4816
4816
4818
4818
4818
4818
4819
4820
4821
4822
4823
4824
4826
4826
4826
4827
4828
4831
4833
4833
4833
4833
4833
4834
4836
4837
4838
4839
4839
4840
4840
4841
4842
4843
4844
4844
4844
4845
4845
4846
4847
4847
4848
4849
4851
4851
4853
4854
4855
4857
4858
4860
4860
4861
4862
4863
4863
4863
4866
4869
4869
4870
4870
4876
4881
4883
4883
4883
4885
4886
4887
4887
4887
4888
4890
4890
4891
4891
4892
4893
4895
4895
4895
4896
4900
4901
4901
4902
4906
4907
4908
4908
4910
4910
4911
4912
4913
4914
4914
4914
4915
4915
4917
4918
4920
4920
4920
4923
4924
4924
4925
4925
4926
4927
4927
4928
4928
4930
4930
4930
4931
4931
4932
4933
4934
4937
4938
4939
4942
4943
4944
4945
4945
4946
4946
4946
4947
4948
4949
4950
4950
4951
4951
4952
4952
4952
4953
4953
4955
4956
4956
4958
4959
4961
4962
4963
4963
4964
4965
4966
4968
4969
4970
4973
4973
4975
4976
4976
4976
4977
4979
4981
4982
4982
4983
4987
4988
4989
4989
4989
4990
4990
4990
4990
4990
4990
4991
4992
4994
4994
4995
4995
4996
4997
4998
4998
4998
4999
5001
5001
5002
5002
5003
5005
5006
5008
5009
5010
5011
5011
5012
5015
5016
5017
5018
5020
5023
5023
5026
5026
5027
5027
5028
5028
5029
5029
5029
5029
5031
5031
5032
5032
5032
5035
5035
5037
5038
5039
5040
5043
5044
5044
5044
5048
5049
5050
5051
5052
5055
5055
5056
5056
5057
5057
5058
5059
5060
5061
5063
5066
5069
5069
5069
5071
5071
5072
5072
5074
5076
5081
5082
5083
5084
5086
5086
5087
5087
5089
5089
5090
5092
5093
5095
5100
5100
5102
5104
5104
5108
5108
5109
5112
5112
5113
5113
5115
5116
5117
5118
5118
5119
5119
5121
5122
5124
5126
5126
5126
5127
5127
5127
5127
5128
5129
5129
5130
5134
5134
5134
5135
5135
5137
5138
5139
5139
5139
5139
5140
5141
5143
5143
5144
5145
5146
5147
5147
5147
5148
5150
5150
5150
5153
5153
5154
5157
5157
5159
5159
5162
5162
5162
5162
5163
5164
5167
5168
5168
5169
5169
5169
5170
5172
5173
5173
5173
5173
5175
5177
5178
5180
5180
5180
5181
5182
5183
5184
5185
5186
5187
5188
5188
5190
5191
5192
5192
5197
5197
5198
5198
5200
5200
5202
5202
5202
5204
5205
5206
5207
5210
5210
5211
5212
5214
5214
5214
5215
5216
5217
5218
5218
5218
5219
5219
5220
5222
5223
5224
5225
5228
5228
5228
5228
5229
5231
5231
5232
5233
5234
5234
5235
5238
5238
5238
5239
5239
5241
5242
5242
5243
5244
5245
5251
5251
5252
5254
5256
5256
5257
5257
5257
5258
5258
5260
5260
5261
5262
5263
5263
5264
5264
5264
5267
5269
5270
5271
5272
5273
5274
5275
5278
5279
5281
5281
5283
5283
5283
5284
5284
5284
5285
5286
5287
5287
5289
5290
5290
5290
5293
5295
5295
5295
5297
5299
5300
5301
5301
5302
5303
5303
5303
5304
5304
5306
5307
5307
5308
5310
5311
5311
5312
5313
5313
5314
5315
5316
5316
5316
5316
5323
5325
5325
5326
5326
5328
5330
5331
5331
5331
5332
5332
5333
5334
5335
5336
5336
5336
5337
5339
5342
5343
5345
5346
5346
5347
5352
5352
5353
5354
5356
5358
5359
5361
5361
5361
5363
5364
5364
5366
5366
5367
5369
5369
5369
5370
5370
5372
5373
5373
5373
5376
5378
5378
5380
5380
5382
5382
5383
5384
5385
5386
5387
5387
5387
5390
5393
5393
5395
5401
5402
5403
5403
5403
5406
5406
5406
5408
5408
5409
5410
5410
5412
5412
5412
5413
5414
5414
5415
5416
5416
5417
5417
5417
5417
5417
5418
5420
5421
5421
5421
5422
5423
5424
5425
5425
5426
5431
5431
5431
5433
5433
5435
5438
5439
5441
5442
5444
5446
5446
5447
5448
5449
5450
5451
5451
5452
5454
5455
5457
5458
5459
5459
5459
5462
5462
5464
5464
5465
5465
5466
5468
5470
5470
5471
5472
5474
5475
5476
5478
5479
5479
5479
5481
5481
5482
5483
5484
5484
5485
5486
5487
5488
5489
5492
5494
5494
5497
5501
5501
5501
5502
5502
5503
5507
5508
5509
5510
5510
5510
5512
5512
5513
5519
5519
5524
5524
5525
5526
5526
5527
5528
5528
5528
5528
5529
5529
5530
5531
5531
5532
5532
5532
5533
5534
5537
5537
5537
5538
5538
5538
5539
5539
5542
5542
5544
5545
5545
5546
5546
5547
5547
5548
5548
5549
5550
5552
5553
5553
5554
5555
5557
5557
5559
5561
5564
5564
5565
5565
5565
5566
5567
5567
5567
5567
5569
5571
5571
5574
5575
5578
5578
5578
5578
5579
5580
5581
5581
5582
5583
5583
5584
5586
5588
5588
5592
5593
5595
5596
5597
5597
5598
5599
5601
5601
5602
5602
5603
5603
5604
5605
5605
5606
5609
5609
5609
5610
5611
5611
5611
5611
5612
5614
5614
5615
5616
5617
5617
5617
5619
5622
5622
5622
5624
5624
5627
5627
5630
5632
5633
5634
5635
5636
5637
5637
5639
5639
5643
5644
5646
5647
5648
5648
5648
5649
5649
5650
5651
5651
5653
5653
5655
5658
5658
5660
5660
5661
5664
5664
5665
5668
5669
5670
5672
5673
5673
5675
5677
5677
5677
5677
5679
5679
5680
5680
5681
5683
5684
5684
5686
5688
5688
5690
5695
5696
5696
5696
5697
5697
5697
5698
5699
5699
5700
5701
5701
5702
5703
5703
5703
5704
5704
5705
5707
5707
5708
5709
5709
5710
5711
5712
5713
5713
5714
5715
5716
5717
5718
5718
5718
5720
5720
5721
5722
5722
5723
5723
5725
5726
5727
5729
5730
5730
5731
5732
5732
5734
5734
5735
5739
5740
5740
5741
5742
5744
5745
5745
5747
5749
5752
5754
5755
5756
5757
5757
5758
5759
5760
5763
5763
5764
5764
5766
5768
5769
5769
5769
5770
5772
5773
5774
5777
5777
5778
5778
5779
5779
5779
5780
5780
5781
5784
5786
5789
5789
5789
5790
5791
5791
5792
5793
5793
5794
5794
5794
5794
5794
5795
5795
5795
5796
5797
5800
5800
5802
5802
5802
5803
5804
5805
5805
5806
5806
5807
5807
5808
5809
5810
5810
5811
5811
5811
5812
5814
5814
5815
5817
5819
5819
5820
5821
5822
5822
5827
5827
5827
5829
5830
5830
5831
5831
5832
5833
5833
5834
5837
5838
5839
5839
5840
5840
5841
5842
5842
5842
5844
5845
5845
5845
5847
5848
5848
5848
5849
5849
5850
5851
5852
5856
5856
5859
5861
5863
5863
5864
5864
5866
5866
5867
5870
5870
5870
5871
5871
5871
5871
5871
5872
5873
5873
5874
5875
5876
5876
5876
5877
5880
5883
5884
5884
5884
5886
5887
5888
5888
5889
5890
5890
5891
5892
5893
5894
5895
5895
5895
5895
5895
5897
5898
5898
5899
5900
5901
5903
5903
5903
5904
5905
5905
5908
5908
5909
5909
5909
5909
5910
5910
5912
5914
5914
5917
5920
5920
5921
5922
5923
5923
5924
5926
5927
5927
5929
5930
5933
5933
5934
5935
5936
5937
5938
5939
5940
5941
5942
5943
5945
5950
5952
5952
5954
5955
5956
5957
5958
5958
5958
5960
5962
5962
5963
5963
5964
5964
5964
5965
5966
5966
5968
5971
5972
5975
5977
5977
5977
5978
5981
5981
5981
5983
5983
5983
5986
5987
5988
5989
5989
5989
5991
5991
5996
5999
6000
6002
6002
6003
6004
6006
6006
6007
6007
6009
6011
6012
6016
6019
6020
6021
6022
6025
6025
6025
6026
6029
6029
6030
6031
6031
6032
6032
6033
6034
6036
6036
6036
6038
6040
6041
6042
6043
6043
6043
6044
6045
6045
6048
6048
6048
6048
6048
6049
6049
6050
6053
6053
6059
6059
6061
6061
6061
6064
6065
6066
6068
6069
6069
6072
6078
6079
6079
6080
6080
6081
6083
6084
6085
6086
6086
6087
6089
6090
6090
6091
6091
6092
6092
6095
6095
6096
6096
6096
6097
6098
6098
6099
6102
6103
6106
6106
6109
6110
6110
6110
6110
6113
6115
6117
6118
6119
6119
6121
6125
6127
6129
6129
6130
6132
6132
6132
6133
6133
6136
6139
6139
6140
6141
6143
6146
6147
6148
6150
6150
6150
6151
6151
6154
6155
6155
6155
6156
6156
6157
6157
6159
6160
6160
6160
6164
6165
6165
6167
6168
6168
6169
6170
6171
6172
6174
6174
6175
6175
6175
6175
6178
6179
6179
6179
6183
6184
6185
6187
6187
6191
6191
6193
6194
6194
6195
6196
6198
6198
6199
6199
6200
6203
6203
6203
6204
6205
6205
6208
6210
6210
6210
6211
6213
6215
6217
6218
6218
6221
6221
6221
6224
6224
6224
6228
6229
6229
6230
6232
6232
6237
6241
6241
6241
6243
6243
6244
6244
6245
6247
6247
6248
6248
6250
6250
6254
6254
6256
6257
6258
6261
6261
6261
6263
6263
6268
6270
6271
6272
6272
6273
6273
6274
6275
6275
6277
6277
6278
6279
6280
6281
6281
6284
6285
6287
6288
6289
6291
6291
6293
6294
6296
6299
6299
6300
6302
6303
6304
6306
6307
6308
6308
6311
6311
6313
6314
6316
6317
6317
6318
6318
6319
6322
6322
6323
6325
6326
6328
6328
6333
6333
6334
6334
6335
6342
6342
6343
6343
6348
6348
6348
6349
6351
6352
6353
6353
6354
6354
6355
6357
6358
6359
6359
6360
6360
6361
6361
6363
6364
6365
6365
6365
6366
6368
6368
6370
6370
6370
6370
6371
6372
6372
6376
6377
6377
6378
6380
6380
6381
6381
6382
6383
6385
6388
6391
6393
6393
6394
6395
6395
6396
6397
6398
6398
6398
6398
6401
6401
6404
6406
6406
6406
6407
6408
6410
6410
6411
6412
6412
6413
6413
6414
6415
6416
6417
6417
6417
6418
6419
6419
6420
6420
6422
6424
6425
6427
6427
6427
6428
6428
6429
6430
6431
6431
6433
6433
6434
6434
6434
6434
6434
6435
6437
6437
6438
6438
6438
6439
6440
6440
6441
6442
6442
6443
6445
6445
6446
6446
6446
6447
6449
6450
6451
6452
6454
6458
6458
6459
6459
6460
6461
6461
6462
6463
6465
6465
6466
6466
6468
6469
6471
6471
6472
6473
6473
6473
6475
6476
6477
6477
6478
6479
6482
6482
6484
6486
6486
6488
6488
6488
6489
6489
6489
6491
6492
6493
6495
6495
6496
6496
6496
6497
6497
6498
6498
6499
6500
6502
6502
6504
6505
6506
6507
6508
6509
6510
6510
6511
6512
6512
6513
6513
6513
6514
6515
6515
6515
6515
6517
6519
6519
6523
6523
6525
6525
6526
6527
6528
6528
6529
6529
6532
6532
6533
6537
6538
6539
6542
6548
6548
6549
6550
6553
6554
6557
6560
6561
6561
6562
6563
6564
6565
6565
6567
6568
6570
6570
6571
6571
6572
6575
6577
6577
6577
6578
6580
6580
6581
6582
6585
6586
6586
6586
6587
6587
6589
6590
6591
6592
6592
6593
6594
6594
6595
6596
6596
6597
6598
6600
6602
6602
6603
6603
6603
6604
6605
6606
6607
6607
6610
6610
6610
6610
6611
6612
6614
6615
6617
6619
6619
6619
6621
6624
6624
6625
6626
6628
6629
6629
6630
6632
6632
6633
6634
6634
6636
6636
6637
6640
6641
6641
6642
6642
6644
6646
6646
6647
6647
6649
6650
6651
6653
6654
6655
6656
6656
6659
6659
6661
6661
6662
6662
6664
6664
6664
6665
6666
6670
6670
6671
6672
6672
6672
6675
6676
6676
6677
6679
6680
6680
6681
6681
6681
6683
6684
6685
6686
6686
6687
6687
6688
6688
6689
6689
6689
6692
6692
6693
6694
6694
6698
6702
6702
6704
6705
6705
6706
6706
6708
6708
6709
6711
6714
6715
6716
6717
6717
6718
6718
6718
6719
6719
6721
6725
6728
6729
6730
6733
6733
6734
6735
6738
6739
6740
6740
6741
6741
6741
6745
6746
6746
6748
6748
6749
6749
6750
6750
6750
6751
6751
6752
6758
6759
6759
6760
6761
6762
6763
6763
6764
6766
6766
6768
6768
6768
6773
6774
6777
6777
6778
6778
6778
6779
6781
6781
6781
6782
6785
6785
6785
6786
6787
6788
6788
6789
6789
6790
6790
6791
6792
6795
6798
6799
6800
6802
6803
6803
6803
6803
6805
6805
6805
6805
6806
6807
6808
6810
6810
6811
6812
6813
6813
6814
6816
6816
6816
6818
6821
6821
6821
6822
6824
6825
6826
6829
6829
6830
6831
6831
6831
6831
6834
6835
6836
6837
6838
6839
6839
6840
6841
6841
6850
6850
6850
6852
6853
6854
6854
6854
6855
6855
6855
6855
6862
6863
6863
6864
6866
6866
6867
6868
6869
6870
6870
6871
6872
6874
6875
6877
6878
6879
6880
6881
6881
6885
6885
6886
6886
6887
6887
6888
6890
6895
6895
6896
6897
6898
6901
6903
6904
6905
6905
6907
6908
6909
6910
6910
6910
6910
6911
6912
6914
6915
6916
6916
6917
6918
6919
6919
6919
6920
6920
6921
6921
6922
6924
6924
6925
6927
6927
6927
6928
6933
6934
6935
6935
6936
6939
6939
6940
6941
6943
6944
6945
6946
6948
6948
6949
6950
6950
6952
6953
6953
6955
6956
6956
6956
6958
6959
6959
6961
6962
6962
6963
6963
6966
6966
6966
6966
6967
6968
6968
6968
6969
6970
6972
6972
6972
6972
6972
6974
6975
6976
6977
6977
6978
6978
6980
6980
6982
6983
6983
6984
6984
6984
6985
6987
6987
6989
6990
6990
6991
6991
6992
6992
6993
6994
6994
6995
6995
6996
6996
6999
6999
7001
7001
7005
7006
7009
7009
7011
7011
7019
7019
7021
7025
7031
7034
7034
7035
7035
7035
7038
7039
7040
7040
7040
7040
7040
7041
7042
7042
7042
7042
7043
7045
7046
7048
7048
7049
7049
7052
7052
7052
7054
7054
7055
7055
7056
7057
7057
7057
7059
7062
7062
7064
7065
7067
7068
7068
7069
7070
7070
7070
7070
7071
7072
7073
7077
7078
7078
7078
7078
7079
7081
7082
7082
7083
7085
7086
7086
7088
7089
7089
7090
7090
7091
7091
7091
7091
7094
7094
7095
7096
7098
7098
7100
7101
7101
7103
7103
7104
7105
7107
7108
7109
7109
7110
7110
7111
7113
7113
7116
7116
7118
7119
7119
7120
7120
7120
7121
7121
7122
7122
7123
7124
7124
7124
7127
7128
7129
7130
7137
7139
7141
7141
7145
7146
7146
7146
7147
7149
7150
7152
7154
7154
7154
7155
7156
7158
7159
7159
7159
7161
7163
7163
7168
7169
7170
7171
7172
7173
7173
7173
7174
7174
7174
7176
7177
7177
7179
7179
7179
7182
7183
7183
7184
7185
7185
7193
7194
7195
7195
7196
7196
7198
7199
7200
7202
7202
7204
7208
7211
7211
7211
7211
7211
7212
7212
7213
7213
7213
7217
7217
7218
7220
7223
7224
7227
7229
7229
7230
7230
7231
7231
7232
7232
7236
7236
7237
7238
7239
7241
7243
7246
7249
7249
7250
7254
7255
7257
7258
7259
7259
7259
7260
7260
7260
7261
7261
7264
7264
7266
7267
7271
7271
7271
7273
7274
7274
7275
7276
7277
7280
7282
7283
7284
7284
7285
7289
7290
7292
7292
7292
7293
7294
7295
7297
7300
7304
7306
7307
7310
7310
7312
7314
7314
7316
7319
7319
7320
7320
7320
7323
7324
7324
7327
7328
7328
7328
7329
7330
7330
7330
7331
7331
7331
7331
7332
7333
7335
7336
7337
7337
7339
7342
7344
7345
7349
7350
7350
7352
7352
7352
7352
7352
7353
7357
7358
7358
7360
7364
7367
7368
7368
7369
7369
7371
7371
7374
7376
7377
7378
7378
7379
7380
7382
7382
7383
7384
7385
7385
7385
7386
7386
7386
7387
7387
7387
7388
7388
7390
7390
7391
7392
7392
7393
7393
7395
7395
7396
7397
7397
7398
7398
7398
7398
7398
7399
7400
7401
7402
7403
7404
7404
7405
7406
7407
7408
7409
7410
7411
7411
7412
7420
7421
7422
7422
7422
7422
7424
7424
7428
7429
7429
7430
7432
7433
7434
7435
7435
7438
7440
7443
7443
7444
7448
7450
7451
7451
7453
7454
7454
7455
7456
7458
7459
7462
7463
7465
7468
7469
7470
7470
7474
7475
7476
7476
7477
7479
7480
7482
7483
7483
7485
7488
7490
7490
7493
7493
7493
7496
7501
7501
7501
7502
7503
7505
7506
7507
7508
7508
7509
7510
7512
7512
7512
7513
7515
7516
7516
7517
7518
7520
7523
7524
7525
7527
7527
7528
7529
7530
7532
7532
7533
7533
7533
7533
7534
7534
7535
7535
7537
7539
7539
7540
7540
7541
7541
7542
7542
7543
7543
7544
7545
7545
7545
7546
7547
7549
7549
7549
7551
7551
7551
7553
7553
7553
7554
7555
7559
7560
7561
7561
7561
7562
7562
7564
7564
7564
7568
7569
7570
7572
7572
7572
7573
7573
7573
7574
7575
7576
7577
7577
7577
7578
7579
7582
7582
7582
7582
7583
7584
7584
7585
7587
7588
7588
7588
7588
7590
7590
7591
7591
7593
7593
7595
7596
7597
7598
7598
7599
7599
7600
7600
7601
7601
7601
7605
7605
7607
7608
7610
7611
7611
7612
7612
7614
7614
7616
7616
7617
7618
7618
7619
7621
7622
7622
7623
7623
7624
7624
7627
7627
7628
7628
7629
7630
7630
7631
7633
7635
7635
7636
7637
7637
7638
7638
7639
7640
7641
7648
7648
7648
7649
7651
7651
7653
7654
7654
7655
7656
7657
7660
7661
7663
7663
7664
7665
7669
7670
7671
7671
7671
7672
7672
7673
7675
7676
7679
7680
7682
7682
7685
7686
7686
7687
7690
7690
7690
7690
7692
7694
7696
7698
7698
7698
7699
7699
7701
7701
7702
7702
7703
7704
7704
7704
7705
7705
7707
7708
7710
7713
7716
7716
7716
7717
7718
7719
7719
7724
7724
7725
7728
7728
7731
7732
7734
7734
7734
7739
7740
7740
7740
7741
7742
7743
7743
7744
7744
7746
7746
7747
7747
7749
7749
7750
7750
7750
7751
7754
7755
7755
7756
7757
7759
7760
7761
7762
7766
7769
7770
7771
7771
7773
7775
7775
7776
7778
7783
7786
7787
7788
7789
7789
7791
7791
7792
7792
7792
7792
7793
7794
7795
7795
7796
7797
7797
7798
7798
7799
7800
7800
7801
7801
7801
7805
7806
7806
7808
7808
7808
7811
7813
7813
7814
7814
7814
7814
7816
7817
7819
7820
7821
7826
7831
7831
7832
7832
7833
7833
7833
7834
7835
7835
7835
7836
7836
7836
7837
7839
7839
7841
7841
7841
7843
7843
7844
7845
7845
7846
7846
7849
7850
7851
7852
7854
7854
7855
7855
7857
7858
7859
7859
7859
7860
7861
7861
7862
7862
7862
7863
7864
7865
7866
7869
7869
7870
7874
7874
7876
7877
7877
7880
7880
7880
7881
7882
7883
7883
7887
7888
7889
7890
7891
7894
7896
7896
7896
7898
7899
7900
7901
7904
7905
7905
7905
7906
7907
7909
7909
7911
7911
7911
7912
7914
7914
7914
7917
7917
7918
7919
7920
7921
7921
7922
7923
7924
7926
7927
7929
7930
7930
7931
7932
7932
7933
7933
7935
7936
7936
7937
7939
7941
7941
7942
7942
7942
7942
7943
7944
7947
7948
7948
7949
7949
7950
7951
7952
7952
7955
7955
7956
7957
7958
7958
7959
7961
7962
7962
7963
7963
7963
7967
7967
7968
7968
7969
7970
7971
7973
7973
7974
7976
7977
7978
7979
7980
7980
7981
7982
7982
7984
7985
7985
7985
7985
7986
7986
7987
7988
7990
7993
7993
7994
7994
7994
7994
7995
7995
7997
7997
7998
8001
8001
8005
8006
8008
8009
8009
8011
8012
8012
8013
8014
8018
8018
8021
8022
8023
8025
8026
8029
8029
8030
8030
8030
8032
8033
8036
8036
8036
8038
8039
8039
8040
8042
8044
8044
8044
8045
8048
8048
8048
8049
8051
8053
8054
8055
8056
8056
8056
8057
8058
8059
8059
8059
8064
8064
8065
8066
8067
8067
8069
8069
8069
8070
8071
8071
8072
8074
8074
8074
8075
8076
8078
8078
8078
8078
8079
8079
8081
8082
8083
8083
8083
8084
8087
8087
8088
8088
8088
8090
8090
8091
8092
8092
8094
8094
8094
8094
8097
8097
8098
8098
8099
8099
8099
8101
8102
8102
8102
8103
8104
8104
8105
8108
8111
8113
8113
8114
8115
8116
8117
8118
8123
8124
8125
8125
8126
8127
8128
8129
8129
8130
8132
8132
8133
8135
8136
8136
8137
8137
8138
8139
8140
8141
8142
8143
8146
8146
8147
8147
8148
8148
8151
8152
8152
8154
8155
8158
8158
8159
8160
8160
8160
8161
8161
8163
8163
8163
8164
8164
8165
8170
8170
8170
8173
8174
8177
8177
8177
8177
8179
8182
8182
8183
8184
8184
8187
8187
8187
8188
8189
8190
8191
8191
8196
8196
8198
8199
8199
8199
8200
8201
8201
8202
8203
8203
8206
8206
8207
8207
8207
8209
8209
8209
8210
8211
8212
8213
8214
8214
8216
8218
8221
8221
8223
8223
8225
8225
8226
8226
8226
8230
8230
8230
8232
8233
8234
8234
8234
8236
8236
8236
8237
8237
8237
8237
8240
8242
8243
8245
8247
8247
8248
8248
8249
8250
8251
8251
8252
8252
8253
8255
8256
8256
8259
8260
8261
8261
8261
8261
8263
8264
8264
8264
8265
8267
8270
8271
8272
8272
8273
8273
8273
8275
8280
8281
8282
8289
8290
8291
8292
8293
8295
8296
8297
8298
8298
8298
8299
8302
8305
8306
8307
8307
8308
8309
8312
8313
8314
8314
8315
8315
8316
8316
8316
8317
8318
8318
8319
8320
8321
8322
8323
8324
8324
8325
8325
8326
8328
8329
8329
8330
8330
8331
8332
8333
8334
8334
8334
8335
8336
8338
8338
8339
8339
8340
8340
8342
8342
8342
8342
8344
8344
8345
8345
8345
8346
8347
8347
8347
8348
8349
8349
8349
8351
8352
8352
8352
8353
8355
8357
8357
8358
8358
8360
8361
8362
8362
8364
8365
8366
8367
8370
8373
8374
8375
8376
8376
8377
8379
8379
8380
8380
8381
8382
8382
8382
8383
8385
8386
8386
8387
8387
8391
8391
8391
8393
8393
8393
8393
8394
8394
8395
8396
8398
8400
8400
8402
8402
8405
8406
8406
8407
8409
8411
8411
8413
8415
8416
8418
8419
8422
8422
8423
8424
8425
8425
8426
8427
8428
8429
8430
8431
8431
8431
8433
8434
8435
8437
8438
8441
8442
8446
8446
8449
8453
8455
8455
8456
8457
8458
8458
8459
8459
8460
8461
8462
8465
8465
8465
8466
8466
8466
8467
8469
8469
8469
8471
8476
8476
8476
8476
8476
8477
8480
8484
8484
8484
8486
8487
8487
8490
8491
8493
8496
8496
8496
8497
8499
8500
8501
8502
8503
8505
8505
8505
8506
8508
8510
8510
8514
8514
8517
8519
8520
8521
8522
8524
8527
8528
8528
8528
8529
8530
8531
8532
8532
8532
8532
8534
8534
8534
8535
8536
8536
8537
8538
8539
8541
8544
8544
8544
8545
8547
8551
8553
8554
8554
8555
8556
8556
8556
8556
8557
8558
8558
8560
8560
8560
8561
8561
8562
8563
8564
8564
8565
8565
8566
8566
8570
8570
8572
8574
8575
8575
8576
8576
8577
8578
8579
8579
8579
8580
8582
8584
8584
8585
8586
8587
8587
8587
8588
8593
8594
8596
8598
8598
8598
8599
8602
8604
8604
8605
8605
8606
8606
8608
8610
8610
8611
8613
8613
8615
8616
8617
8617
8618
8618
8619
8620
8620
8621
8624
8625
8625
8626
8629
8630
8630
8630
8630
8631
8631
8631
8632
8635
8639
8640
8640
8640
8641
8644
8645
8648
8649
8651
8651
8651
8653
8655
8655
8655
8657
8658
8658
8659
8660
8662
8663
8663
8664
8664
8665
8665
8666
8666
8666
8668
8668
8671
8671
8673
8673
8677
8677
8678
8681
8681
8682
8684
8685
8688
8688
8689
8690
8691
8691
8691
8691
8694
8695
8695
8695
8695
8697
8697
8697
8699
8701
8701
8702
8704
8704
8705
8705
8706
8707
8708
8711
8711
8711
8712
8713
8716
8717
8717
8718
8720
8720
8721
8721
8721
8723
8723
8723
8725
8725
8725
8727
8728
8729
8731
8731
8732
8732
8733
8734
8737
8739
8742
8744
8745
8746
8746
8747
8750
8752
8754
8755
8755
8756
8756
8757
8759
8760
8760
8762
8762
8763
8763
8764
8765
8765
8766
8767
8767
8768
8769
8769
8770
8770
8771
8772
8773
8773
8773
8774
8774
8778
8780
8783
8783
8785
8788
8788
8789
8790
8792
8794
8795
8796
8798
8799
8799
8801
8801
8803
8804
8804
8808
8808
8808
8808
8809
8810
8815
8815
8818
8818
8818
8818
8819
8821
8821
8822
8824
8827
8827
8829
8831
8831
8832
8832
8834
8834
8836
8837
8837
8838
8840
8841
8841
8842
8845
8845
8845
8845
8846
8846
8847
8847
8849
8849
8852
8852
8853
8855
8856
8857
8861
8863
8865
8865
8865
8865
8866
8867
8867
8868
8870
8871
8872
8874
8875
8875
8877
8877
8881
8882
8883
8883
8883
8884
8884
8886
8887
8888
8889
8890
8892
8895
8896
8898
8898
8899
8903
8903
8904
8905
8905
8905
8906
8907
8907
8910
8911
8912
8912
8916
8919
8921
8923
8924
8926
8926
8927
8927
8927
8928
8931
8932
8932
8933
8933
8934
8934
8934
8936
8936
8938
8938
8938
8940
8940
8942
8943
8944
8945
8945
8947
8947
8948
8948
8950
8952
8953
8953
8953
8958
8959
8963
8964
8965
8965
8966
8966
8967
8967
8968
8969
8969
8971
8972
8973
8974
8976
8977
8979
8983
8985
8985
8987
8987
8988
8988
8989
8990
8991
8991
8992
8992
8995
8998
8998
8998
8999
9001
9004
9005
9006
9006
9007
9008
9009
9010
9012
9013
9014
9015
9016
9016
9018
9020
9021
9022
9027
9027
9027
9029
9029
9030
9034
9036
9036
9036
9044
9045
9045
9048
9049
9051
9053
9053
9054
9055
9055
9055
9056
9057
9058
9058
9059
9059
9061
9061
9061
9062
9064
9064
9064
9065
9065
9065
9065
9067
9067
9068
9068
9069
9070
9071
9071
9074
9074
9075
9076
9077
9078
9079
9079
9080
9080
9080
9081
9083
9083
9085
9086
9088
9088
9090
9091
9094
9095
9095
9095
9096
9098
9099
9100
9101
9102
9103
9105
9105
9106
9106
9107
9107
9108
9108
9109
9110
9110
9112
9116
9117
9117
9120
9120
9120
9121
9121
9123
9124
9125
9126
9127
9129
9129
9131
9131
9131
9131
9132
9133
9133
9135
9137
9138
9139
9139
9139
9140
9140
9142
9142
9143
9145
9145
9149
9150
9151
9153
9154
9154
9154
9155
9155
9156
9157
9158
9159
9159
9161
9161
9162
9162
9163
9163
9163
9164
9164
9164
9165
9165
9167
9167
9168
9168
9168
9169
9171
9172
9174
9176
9176
9176
9177
9177
9180
9182
9183
9183
9183
9186
9193
9193
9193
9193
9195
9195
9197
9198
9200
9200
9200
9201
9201
9201
9201
9202
9202
9203
9204
9205
9205
9207
9207
9209
9210
9211
9211
9211
9214
9215
9216
9218
9220
9221
9221
9222
9224
9224
9226
9228
9229
9229
9229
9230
9230
9231
9232
9233
9238
9239
9239
9239
9240
9241
9241
9243
9243
9245
9245
9246
9246
9246
9247
9247
9248
9248
9248
9248
9249
9250
9251
9252
9254
9254
9254
9254
9255
9256
9256
9258
9258
9259
9264
9264
9264
9265
9266
9266
9266
9268
9269
9269
9269
9270
9271
9271
9271
9274
9274
9275
9275
9275
9275
9275
9276
9277
9277
9279
9280
9281
9283
9285
9285
9286
9288
9290
9291
9291
9291
9292
9292
9293
9294
9295
9296
9298
9299
9299
9300
9302
9302
9303
9303
9303
9304
9305
9305
9306
9307
9307
9307
9308
9309
9310
9314
9314
9315
9316
9318
9319
9321
9322
9322
9324
9325
9326
9327
9327
9328
9331
9332
9333
9334
9334
9335
9335
9335
9336
9337
9338
9338
9339
9339
9339
9340
9342
9343
9343
9347
9349
9350
9350
9351
9357
9357
9358
9358
9359
9359
9360
9360
9361
9361
9363
9364
9364
9364
9365
9366
9366
9367
9367
9368
9368
9369
9370
9371
9371
9371
9371
9372
9373
9374
9378
9378
9380
9381
9385
9386
9389
9393
9395
9398
9399
9399
9400
9400
9400
9401
9402
9402
9403
9407
9407
9407
9409
9410
9411
9411
9414
9416
9417
9417
9418
9418
9418
9419
9419
9421
9421
9421
9421
9422
9423
9423
9427
9429
9433
9434
9435
9437
9437
9438
9444
9446
9446
9448
9449
9450
9450
9453
9454
9454
9457
9458
9459
9460
9460
9461
9462
9462
9464
9465
9465
9466
9466
9466
9467
9469
9469
9472
9472
9474
9474
9475
9475
9476
9478
9480
9480
9480
9480
9481
9481
9482
9483
9483
9484
9485
9487
9490
9493
9493
9493
9494
9494
9494
9496
9497
9498
9500
9501
9502
9502
9503
9504
9504
9505
9506
9506
9510
9510
9512
9512
9512
9512
9513
9514
9515
9515
9516
9516
9517
9518
9520
9520
9520
9521
9521
9522
9529
9529
9530
9531
9532
9535
9535
9537
9542
9544
9544
9544
9546
9546
9546
9547
9548
9549
9549
9549
9550
9551
9552
9553
9554
9554
9555
9555
9556
9557
9558
9561
9561
9562
9562
9563
9564
9564
9566
9567
9567
9568
9568
9569
9569
9570
9573
9575
9578
9578
9578
9580
9581
9581
9582
9583
9583
9585
9586
9589
9591
9593
9594
9594
9597
9599
9600
9601
9602
9605
9605
9605
9607
9607
9607
9607
9608
9609
9610
9610
9610
9611
9611
9612
9613
9613
9614
9614
9616
9616
9621
9621
9623
9626
9627
9629
9630
9630
9630
9633
9635
9635
9635
9635
9636
9636
9637
9638
9639
9639
9639
9640
9641
9643
9644
9644
9645
9646
9646
9651
9651
9651
9653
9653
9654
9655
9656
9656
9657
9658
9660
9663
9665
9667
9673
9674
9674
9675
9678
9679
9679
9681
9681
9681
9681
9684
9684
9686
9687
9689
9689
9690
9692
9694
9694
9694
9695
9696
9697
9700
9701
9701
9703
9705
9706
9706
9706
9707
9708
9708
9709
9710
9711
9711
9711
9712
9715
9716
9716
9716
9716
9717
9717
9718
9718
9719
9719
9720
9722
9722
9723
9724
9724
9724
9725
9727
9728
9729
9730
9730
9730
9731
9731
9732
9735
9736
9737
9737
9738
9738
9739
9740
9740
9741
9745
9745
9746
9748
9750
9750
9751
9752
9753
9754
9754
9756
9758
9759
9760
9761
9761
9762
9762
9764
9765
9766
9767
9770
9771
9771
9772
9774
9774
9775
9775
9775
9775
9777
9778
9780
9781
9782
9782
9786
9787
9788
9790
9790
9791
9793
9793
9794
9794
9794
9796
9797
9798
9800
9800
9801
9801
9802
9803
9804
9805
9805
9806
9807
9807
9807
9808
9808
9809
9810
9810
9811
9811
9813
9814
9814
9814
9817
9817
9817
9820
9820
9821
9823
9823
9823
9823
9823
9824
9825
9827
9829
9829
9830
9831
9831
9833
9833
9835
9835
9836
9837
9837
9838
9839
9840
9841
9842
9842
9843
9844
9846
9849
9850
9851
9851
9853
9854
9854
9854
9854
9855
9856
9856
9857
9857
9857
9859
9859
9861
9861
9861
9861
9862
9863
9863
9864
9867
9868
9869
9869
9869
9869
9870
9871
9874
9875
9878
9878
9879
9880
9881
9883
9887
9889
9891
9893
9894
9894
9894
9898
9898
9898
9899
9901
9903
9903
9904
9905
9907
9909
9910
9911
9912
9914
9916
9916
9917
9917
9917
9918
9920
9920
9920
9921
9922
9923
9924
9924
9925
9926
9927
9928
9928
9929
9930
9932
9932
9933
9934
9935
9937
9937
9937
9939
9939
9941
9943
9944
9944
9945
9946
9947
9947
9947
9949
9949
9949
9951
9951
9952
9953
9954
9954
9955
9955
9959
9959
9959
9961
9962
9964
9964
9966
9966
9968
9970
9970
9971
9971
9971
9974
9976
9979
9980
9980
9980
9983
9984
9984
9988
9989
9991
9991
9992
9993
9994
9995
9997
9998
9998
9998

Comparisons: 162394
Swaps: 81064
Execution time (ns): 3