0
0
2
5
5
6
7
8
9
12
13
16
17
17
18
19
20
22
23
24
25
25
25
28
33
33
34
35
36
36
37
37
40
40
40
40
41
41
41
43
43
44
44
44
44
46
49
50
51
53
53
55
56
59
59
59
59
60
60
61
61
63
65
67
69
71
72
72
73
74
76
77
77
78
78
78
79
79
81
84
84
85
85
85
86
88
93
94
94
95
96
97
97
97
97
98
100
100
101
102
102
108
109
110
111
111
112
112
113
113
114
114
115
115
115
117
117
117
119
120
121
124
124
126
126
127
127
128
129
131
134
135
137
137
137
139
139
141
141
141
142
142
144
144
145
146
148
148
149
150
150
154
154
155
156
156
157
158
159
161
164
164
165
165
170
170
170
171
173
173
174
174
174
177
178
178
180
180
181
181
187
187
187
188
189
189
189
189
190
191
191
192
193
197
199
199
202
202
204
204
205
206
207
208
209
209
210
211
212
212
212
213
214
216
217
218
220
220
220
221
221
221
222
222
222
223
225
225
225
226
227
227
230
231
231
232
233
233
234
234
235
235
235
237
237
239
240
240
241
244
244
245
245
246
248
249
250
251
252
252
253
254
256
257
257
258
259
259
259
260
261
262
262
264
265
265
267
268
270
272
273
275
275
276
277
278
280
281
281
281
282
282
283
284
285
286
288
288
289
290
291
292
295
295
295
296
296
299
300
301
301
303
304
304
306
306
307
307
309
309
309
311
316
318
320
321
321
323
324
326
327
328
330
331
332
335
336
336
336
337
338
338
339
339
340
341
344
344
344
345
346
347
347
348
350
351
353
355
356
356
359
359
360
360
361
361
364
364
365
367
368
368
371
372
372
373
373
373
373
376
378
378
379
380
381
381
381
384
385
387
388
389
389
389
389
389
390
391
391
392
392
392
392
393
395
396
398
398
399
400
400
401
401
402
402
403
404
404
405
408
409
409
410
411
411
413
413
414
415
416
417
418
420
421
424
426
427
427
429
431
432
432
432
432
433
433
435
435
435
435
437
437
438
441
441
442
442
443
443
443
444
446
447
447
448
448
450
452
453
454
455
456
457
458
458
459
459
460
462
463
465
468
469
469
470
471
472
472
473
475
475
476
476
476
479
479
480
480
481
481
484
486
486
488
488
491
492
492
492
493
493
493
494
495
497
498
499
500
501
501
504
504
504
505
509
510
510
510
512
513
514
518
522
523
527
528
528
528
529
529
529
529
531
531
534
535
538
540
541
542
542
544
545
546
547
548
549
550
552
552
554
555
555
556
560
561
562
563
563
563
564
565
565
566
569
569
571
572
575
575
577
578
580
583
584
584
585
586
588
588
588
588
589
589
593
593
593
595
596
605
607
607
608
608
609
609
610
611
613
614
616
616
617
617
617
617
618
621
621
622
623
623
623
624
625
628
629
630
631
631
631
632
632
632
632
633
636
636
638
638
639
639
640
641
642
643
643
644
647
647
648
650
650
650
650
651
652
654
655
656
658
659
659
660
661
663
666
666
666
666
666
667
668
669
670
671
671
673
675
676
679
680
680
681
682
682
682
684
685
685
686
687
689
689
690
690
691
691
691
691
694
695
695
695
695
696
699
699
699
699
699
700
700
700
703
703
705
708
709
709
709
710
711
712
714
714
718
721
721
723
724
725
725
726
727
727
727
728
729
733
733
738
741
741
742
742
744
745
746
746
748
749
750
751
753
755
756
756
756
758
759
760
760
763
764
765
765
765
766
767
769
771
779
780
780
780
781
781
782
784
785
786
787
788
788
789
791
791
792
793
794
794
795
795
798
798
799
800
801
803
803
804
806
806
806
806
807
808
809
810
811
811
811
812
813
813
814
815
816
817
817
817
817
818
823
823
826
828
830
830
830
831
831
833
835
835
835
835
836
838
839
840
840
842
842
843
844
845
846
847
847
847
848
849
851
855
855
855
855
855
855
859
860
862
862
862
863
863
864
866
867
868
870
870
871
874
875
875
875
875
876
876
877
879
882
882
883
883
883
883
884
884
885
885
886
887
888
888
889
889
891
892
893
898
898
901
902
904
904
905
905
905
908
912
912
912
917
917
919
920
921
922
925
925
925
926
927
927
929
929
930
935
935
936
938
941
943
943
944
944
946
947
947
947
948
950
950
950
951
953
954
956
957
960
960
963
964
964
965
966
966
968
970
970
970
971
972
972
972
973
973
973
974
974
974
974
975
977
977
980
981
981
982
983
983
983
984
987
989
990
990
991
991
994
994
995
995
996
997
998
comparisons: 499464
swaps: 256208
execution time: 12
