0
0
1
3
4
4
5
5
6
6
6
6
6
7
8
8
8
8
8
9
11
13
14
14
16
16
16
18
19
19
19
19
21
21
24
25
26
28
28
29
30
32
33
33
34
34
35
35
36
36
37
38
38
38
41
41
43
46
46
48
48
49
49
50
50
51
51
53
54
54
55
56
56
58
58
58
61
64
64
64
68
68
68
69
69
69
70
72
72
72
73
77
77
77
78
78
79
80
80
80
81
81
81
82
84
84
88
88
89
90
90
90
91
92
92
93
94
96
97
97
100
101
102
103
105
108
108
109
109
111
114
114
115
116
116
117
119
120
120
121
121
121
121
124
125
133
134
134
135
137
137
138
138
139
141
142
143
143
143
143
144
144
144
145
145
146
146
147
147
151
151
151
152
153
155
157
158
161
162
163
164
165
165
168
168
168
169
169
170
171
172
173
173
174
175
176
179
181
181
182
183
183
183
186
186
186
188
188
188
189
189
189
190
190
191
191
191
191
191
192
192
195
196
197
197
198
199
200
200
201
202
203
203
203
204
205
206
206
206
208
210
211
213
213
214
214
214
215
215
215
215
216
217
217
217
219
220
221
221
225
225
225
226
226
229
229
229
230
231
232
232
235
236
242
242
242
243
244
244
245
246
246
248
248
249
250
254
255
257
260
260
260
261
261
261
262
264
265
266
267
271
272
272
273
274
275
275
277
280
280
281
281
281
284
284
284
284
287
288
288
290
291
291
291
292
292
292
294
296
299
300
301
303
305
305
306
307
307
310
310
311
313
313
314
315
316
317
317
317
318
318
319
319
321
321
322
322
324
325
325
326
327
327
328
328
332
334
335
337
338
339
340
341
345
345
345
345
349
349
349
351
352
352
353
353
359
360
361
362
362
366
367
370
370
371
371
372
375
375
376
376
377
377
377
377
380
383
384
384
389
392
394
394
394
395
396
396
397
398
399
401
403
405
405
405
407
408
411
413
413
415
415
416
419
420
420
420
421
422
422
423
425
426
427
428
428
430
430
430
430
430
431
431
431
432
435
435
435
436
436
437
437
439
441
442
443
445
445
445
446
448
449
450
450
451
452
452
453
453
454
456
458
461
461
462
462
463
464
465
467
470
470
471
471
473
474
475
476
477
478
482
482
484
484
486
488
489
490
490
491
495
496
499
500
500
500
500
501
503
504
504
505
506
506
507
508
509
509
511
513
513
513
514
515
515
517
518
518
520
520
521
522
524
525
526
528
528
529
531
531
531
532
533
534
534
534
535
535
535
536
536
537
538
538
539
541
543
544
544
546
548
552
553
555
555
557
558
559
560
560
565
565
568
569
571
573
573
574
576
577
578
578
579
579
579
579
580
581
582
582
583
583
584
585
588
588
588
589
591
591
592
592
595
595
597
597
597
598
598
599
600
600
600
602
602
602
602
603
604
607
608
609
609
609
610
611
612
614
615
616
616
617
618
619
620
621
622
623
624
625
626
627
627
627
628
632
632
633
634
635
636
638
638
640
640
641
641
641
642
643
644
644
645
645
646
646
650
652
652
652
654
654
655
655
657
659
660
661
661
662
663
663
663
664
664
665
666
668
668
668
669
669
669
670
671
671
674
674
675
675
675
676
677
680
680
680
682
682
682
683
683
683
685
688
691
691
691
691
691
692
694
694
694
697
698
699
699
700
701
701
704
704
704
705
706
707
711
712
712
712
713
714
718
719
720
721
722
724
724
724
725
725
726
726
726
729
729
729
731
731
732
732
733
734
736
737
737
739
739
740
740
742
743
743
744
744
745
745
745
746
747
748
749
751
751
753
753
754
754
754
755
756
756
756
757
759
760
760
760
764
765
765
767
768
770
773
773
776
779
782
782
782
782
785
786
786
789
790
790
792
793
799
799
800
802
802
803
803
803
804
806
806
807
807
810
811
811
814
815
818
818
819
821
823
823
823
825
826
826
826
827
827
829
830
831
833
833
834
837
837
839
839
841
842
842
846
847
847
850
850
850
851
852
853
854
854
855
856
858
859
859
859
863
863
864
866
870
870
873
874
875
875
876
877
878
878
879
879
880
881
881
881
883
883
884
885
888
890
890
890
890
890
890
891
892
893
893
893
894
895
896
896
898
899
899
900
900
901
902
903
904
907
907
907
908
910
911
911
912
914
914
916
916
920
920
920
922
922
922
923
925
927
928
929
930
930
932
933
933
935
935
936
936
936
936
939
939
940
944
944
946
946
950
950
950
951
953
955
957
958
960
961
963
964
968
970
970
971
972
973
973
974
977
978
980
982
983
984
985
985
985
986
988
988
988
989
990
992
994
995
996
996
997
997
998
999
1000
1002
1006
1006
1007
1008
1010
1011
1011
1012
1014
1015
1016
1016
1017
1017
1017
1018
1018
1019
1019
1019
1020
1021
1021
1022
1022
1023
1023
1023
1024
1025
1028
1028
1028
1028
1029
1029
1031
1033
1034
1036
1038
1043
1044
1044
1045
1045
1046
1047
1047
1048
1049
1050
1050
1051
1051
1051
1052
1053
1054
1054
1055
1055
1055
1057
1057
1057
1059
1059
1059
1060
1061
1061
1061
1062
1062
1064
1064
1064
1065
1065
1067
1067
1068
1071
1071
1074
1075
1075
1077
1077
1079
1084
1084
1085
1086
1086
1087
1089
1090
1091
1091
1092
1094
1096
1096
1096
1097
1098
1099
1102
1102
1104
1104
1105
1105
1106
1106
1107
1108
1111
1112
1114
1116
1116
1116
1117
1119
1120
1121
1121
1121
1122
1124
1126
1128
1129
1130
1132
1133
1133
1135
1138
1139
1140
1141
1141
1142
1146
1146
1147
1149
1149
1150
1150
1153
1154
1156
1159
1160
1161
1161
1161
1162
1163
1163
1164
1164
1165
1167
1167
1167
1168
1168
1170
1170
1170
1171
1171
1172
1173
1173
1173
1174
1178
1179
1180
1180
1182
1183
1183
1184
1184
1186
1186
1186
1187
1189
1190
1190
1192
1194
1195
1195
1195
1201
1203
1204
1205
1205
1206
1206
1206
1206
1206
1207
1207
1207
1208
1208
1210
1211
1211
1211
1212
1212
1213
1213
1214
1215
1216
1218
1218
1218
1218
1219
1219
1221
1224
1225
1225
1225
1230
1231
1233
1234
1237
1237
1239
1239
1241
1242
1243
1250
1250
1250
1251
1252
1253
1254
1255
1256
1257
1257
1259
1259
1260
1260
1260
1260
1261
1262
1262
1263
1264
1265
1267
1272
1274
1274
1280
1280
1280
1281
1282
1285
1289
1291
1292
1292
1294
1295
1296
1298
1298
1300
1303
1304
1304
1306
1308
1308
1311
1314
1314
1314
1315
1316
1318
1318
1319
1319
1319
1319
1322
1323
1324
1324
1325
1326
1326
1328
1329
1329
1330
1332
1333
1335
1336
1336
1338
1339
1339
1340
1340
1341
1342
1343
1343
1344
1344
1345
1345
1346
1346
1347
1348
1352
1353
1355
1356
1358
1358
1360
1361
1362
1362
1364
1364
1364
1364
1366
1366
1367
1367
1368
1369
1371
1371
1371
1373
1374
1378
1380
1383
1383
1383
1384
1385
1386
1386
1386
1386
1389
1389
1390
1391
1391
1392
1396
1396
1396
1397
1398
1398
1398
1399
1399
1400
1401
1404
1406
1406
1406
1406
1411
1414
1418
1419
1420
1421
1422
1422
1423
1423
1427
1427
1430
1432
1433
1433
1435
1435
1435
1435
1436
1440
1440
1442
1443
1443
1446
1446
1450
1451
1454
1455
1458
1458
1458
1458
1459
1460
1460
1460
1461
1462
1464
1468
1469
1469
1471
1472
1473
1475
1475
1476
1477
1477
1478
1479
1481
1482
1482
1483
1487
1489
1489
1490
1490
1491
1491
1492
1492
1493
1493
1493
1493
1494
1494
1495
1496
1496
1501
1501
1502
1502
1502
1503
1503
1503
1503
1505
1505
1506
1508
1508
1509
1509
1509
1510
1512
1512
1513
1514
1515
1515
1516
1516
1518
1519
1524
1524
1525
1526
1527
1527
1530
1531
1531
1531
1533
1536
1537
1537
1539
1542
1543
1544
1544
1545
1545
1546
1547
1549
1551
1552
1553
1554
1555
1556
1556
1558
1559
1560
1561
1561
1564
1564
1565
1566
1567
1567
1568
1568
1568
1569
1569
1569
1571
1571
1572
1573
1574
1574
1575
1576
1577
1579
1582
1582
1583
1585
1586
1590
1590
1590
1591
1591
1591
1592
1593
1595
1595
1596
1597
1597
1598
1599
1600
1600
1602
1602
1604
1605
1606
1607
1608
1610
1611
1611
1611
1612
1612
1613
1614
1616
1619
1619
1619
1620
1620
1620
1622
1623
1624
1625
1627
1628
1628
1629
1630
1631
1631
1631
1635
1635
1637
1639
1640
1640
1641
1642
1642
1644
1646
1647
1648
1649
1651
1651
1657
1659
1659
1659
1660
1661
1661
1662
1666
1668
1671
1671
1672
1672
1672
1674
1675
1676
1676
1677
1677
1678
1679
1680
1680
1682
1683
1683
1683
1684
1685
1685
1687
1688
1689
1690
1691
1691
1692
1697
1698
1699
1699
1701
1702
1703
1703
1703
1705
1705
1706
1708
1711
1711
1713
1713
1714
1714
1717
1718
1718
1718
1719
1719
1723
1723
1723
1724
1727
1727
1729
1729
1731
1731
1732
1732
1733
1734
1734
1736
1739
1739
1741
1741
1741
1742
1742
1742
1743
1745
1746
1746
1748
1750
1750
1754
1756
1761
1761
1761
1765
1766
1767
1767
1768
1768
1769
1770
1772
1773
1774
1775
1776
1777
1782
1782
1782
1784
1784
1786
1788
1790
1790
1791
1791
1792
1792
1795
1799
1799
1799
1799
1801
1803
1805
1805
1805
1806
1807
1807
1809
1810
1810
1813
1815
1815
1815
1816
1817
1818
1819
1819
1820
1820
1821
1821
1822
1823
1823
1826
1827
1827
1829
1831
1831
1832
1834
1836
1836
1836
1837
1838
1839
1839
1840
1841
1841
1841
1842
1843
1843
1844
1845
1846
1847
1847
1848
1849
1849
1849
1850
1851
1851
1852
1852
1852
1856
1857
1858
1858
1858
1859
1861
1862
1863
1864
1864
1865
1865
1865
1866
1866
1868
1870
1870
1871
1873
1873
1875
1876
1876
1878
1879
1879
1879
1880
1881
1883
1883
1883
1884
1884
1884
1885
1886
1888
1888
1890
1890
1892
1892
1893
1893
1898
1899
1903
1904
1905
1905
1905
1906
1909
1909
1909
1911
1912
1914
1915
1915
1916
1919
1925
1928
1929
1929
1929
1931
1931
1932
1932
1933
1935
1935
1936
1936
1937
1938
1939
1940
1940
1941
1943
1944
1945
1948
1948
1949
1949
1949
1951
1952
1954
1954
1955
1956
1956
1957
1959
1960
1964
1965
1966
1966
1967
1968
1969
1970
1972
1973
1974
1974
1974
1974
1977
1980
1980
1982
1984
1984
1984
1986
1987
1989
1989
1991
1991
1993
1994
1994
1998
1999
1999
1999
2002
2006
2006
2007
2009
2010
2014
2014
2014
2015
2015
2017
2017
2018
2018
2019
2019
2019
2022
2024
2024
2024
2024
2025
2027
2029
2029
2029
2029
2030
2031
2032
2040
2041
2044
2044
2045
2046
2046
2047
2049
2050
2050
2051
2052
2053
2054
2054
2057
2057
2058
2058
2060
2061
2062
2065
2066
2067
2067
2068
2069
2069
2070
2070
2070
2070
2071
2071
2076
2077
2077
2078
2078
2079
2079
2080
2081
2082
2083
2084
2085
2085
2086
2087
2089
2092
2093
2093
2093
2093
2094
2096
2097
2102
2103
2104
2105
2107
2108
2108
2110
2110
2114
2114
2114
2114
2114
2115
2115
2116
2117
2117
2117
2117
2118
2121
2121
2121
2122
2124
2125
2125
2126
2126
2127
2127
2128
2128
2129
2129
2129
2131
2133
2133
2134
2134
2134
2139
2139
2140
2143
2143
2146
2146
2147
2150
2150
2151
2156
2156
2157
2158
2159
2159
2159
2159
2166
2166
2167
2167
2168
2169
2172
2172
2173
2174
2175
2175
2180
2181
2181
2182
2183
2183
2185
2188
2188
2188
2189
2190
2190
2191
2192
2193
2194
2195
2195
2196
2196
2197
2197
2198
2199
2199
2201
2201
2203
2204
2205
2205
2206
2207
2208
2209
2210
2210
2211
2211
2212
2212
2212
2214
2216
2217
2220
2221
2221
2221
2223
2223
2224
2226
2228
2232
2234
2235
2235
2235
2236
2236
2238
2240
2240
2242
2243
2243
2243
2246
2246
2249
2250
2250
2250
2251
2251
2251
2251
2251
2252
2252
2253
2254
2255
2256
2256
2256
2258
2259
2259
2259
2259
2264
2264
2267
2269
2269
2269
2270
2270
2270
2272
2273
2274
2276
2277
2278
2279
2279
2279
2281
2282
2282
2283
2283
2284
2285
2286
2287
2288
2290
2291
2291
2291
2294
2294
2295
2296
2296
2297
2300
2301
2302
2303
2307
2309
2309
2310
2310
2311
2311
2312
2312
2312
2313
2313
2318
2318
2318
2319
2319
2320
2322
2323
2324
2326
2326
2327
2328
2329
2331
2331
2333
2333
2334
2334
2337
2337
2338
2339
2340
2340
2340
2340
2341
2341
2342
2342
2345
2345
2346
2347
2348
2348
2349
2349
2351
2352
2352
2352
2352
2352
2353
2355
2355
2356
2357
2358
2359
2361
2362
2364
2365
2368
2372
2373
2373
2374
2376
2378
2379
2379
2381
2381
2382
2384
2385
2386
2387
2390
2391
2393
2393
2393
2394
2396
2396
2397
2398
2398
2400
2401
2403
2404
2406
2406
2407
2409
2410
2410
2413
2414
2414
2414
2415
2416
2417
2417
2417
2417
2417
2418
2422
2422
2427
2429
2429
2430
2430
2430
2431
2431
2432
2434
2434
2434
2434
2437
2437
2438
2439
2441
2442
2443
2444
2444
2445
2445
2448
2450
2451
2451
2451
2452
2454
2455
2456
2457
2458
2462
2463
2464
2464
2465
2465
2466
2466
2469
2469
2469
2470
2472
2472
2473
2473
2474
2474
2480
2481
2482
2482
2483
2483
2484
2485
2487
2489
2490
2491
2491
2492
2493
2494
2494
2495
2495
2496
2497
2499
2504
2505
2505
2505
2506
2509
2510
2511
2512
2514
2514
2515
2515
2516
2517
2518
2518
2518
2518
2519
2521
2523
2523
2524
2525
2526
2526
2527
2528
2528
2531
2531
2532
2536
2538
2539
2540
2540
2540
2541
2541
2541
2542
2542
2542
2542
2543
2544
2544
2544
2544
2544
2546
2546
2547
2548
2548
2548
2550
2553
2554
2555
2555
2559
2560
2560
2561
2562
2563
2566
2566
2568
2569
2571
2572
2572
2574
2578
2578
2582
2585
2585
2587
2589
2591
2592
2594
2594
2595
2596
2598
2599
2601
2603
2603
2604
2604
2607
2608
2609
2609
2611
2611
2614
2614
2614
2614
2614
2616
2618
2619
2619
2621
2622
2623
2623
2624
2626
2626
2627
2628
2628
2630
2630
2632
2635
2635
2635
2637
2638
2641
2642
2642
2644
2644
2644
2645
2646
2646
2648
2649
2650
2650
2650
2651
2652
2653
2653
2654
2657
2658
2658
2658
2658
2661
2661
2662
2662
2662
2663
2663
2664
2665
2665
2665
2665
2665
2667
2667
2667
2668
2668
2669
2670
2670
2670
2670
2670
2670
2670
2671
2671
2672
2674
2674
2676
2680
2681
2682
2683
2684
2684
2687
2687
2688
2691
2691
2692
2692
2695
2697
2698
2702
2702
2702
2703
2703
2706
2710
2710
2710
2714
2714
2715
2715
2716
2716
2717
2720
2721
2722
2723
2724
2726
2726
2726
2726
2728
2729
2729
2730
2731
2731
2732
2732
2733
2734
2736
2737
2741
2741
2743
2744
2744
2745
2745
2746
2749
2749
2750
2751
2751
2751
2752
2753
2753
2754
2754
2755
2755
2756
2757
2757
2758
2758
2764
2764
2766
2767
2768
2769
2770
2773
2774
2775
2777
2777
2778
2778
2779
2780
2782
2783
2785
2785
2785
2786
2787
2787
2787
2791
2795
2795
2797
2797
2799
2799
2799
2801
2801
2801
2804
2805
2806
2806
2806
2807
2807
2807
2809
2811
2811
2811
2812
2812
2813
2814
2814
2814
2815
2818
2819
2820
2822
2823
2824
2826
2826
2828
2828
2828
2829
2830
2832
2833
2833
2834
2835
2835
2835
2836
2841
2842
2843
2843
2843
2847
2848
2852
2853
2854
2854
2854
2854
2858
2859
2860
2861
2865
2866
2866
2867
2867
2868
2868
2870
2870
2870
2871
2872
2872
2875
2875
2876
2878
2880
2882
2882
2885
2885
2885
2886
2887
2887
2888
2891
2892
2894
2894
2894
2895
2897
2897
2897
2898
2899
2900
2900
2901
2902
2904
2907
2907
2907
2908
2908
2910
2910
2912
2912
2913
2913
2913
2914
2918
2920
2921
2924
2924
2924
2925
2927
2930
2931
2933
2933
2933
2934
2936
2936
2937
2937
2938
2939
2940
2941
2941
2943
2943
2944
2944
2945
2945
2947
2950
2950
2951
2952
2952
2953
2954
2957
2958
2959
2959
2960
2960
2961
2961
2961
2961
2963
2963
2964
2966
2966
2966
2968
2970
2971
2972
2973
2975
2976
2976
2977
2978
2979
2983
2984
2984
2986
2986
2989
2989
2990
2992
2994
2994
2995
2996
2997
2999
3003
3005
3006
3009
3010
3011
3012
3012
3012
3013
3015
3015
3015
3015
3016
3017
3017
3018
3018
3020
3021
3021
3022
3022
3023
3025
3028
3028
3029
3032
3032
3033
3033
3034
3035
3035
3036
3036
3036
3039
3041
3042
3044
3044
3046
3047
3047
3048
3049
3050
3052
3053
3056
3057
3060
3061
3062
3064
3066
3067
3068
3069
3071
3072
3075
3076
3076
3077
3078
3079
3079
3079
3080
3081
3081
3083
3086
3087
3088
3090
3091
3092
3092
3093
3095
3096
3097
3097
3097
3100
3101
3103
3104
3111
3111
3112
3112
3114
3115
3115
3116
3117
3118
3119
3121
3123
3128
3129
3130
3131
3131
3133
3137
3137
3138
3138
3138
3142
3143
3143
3143
3144
3144
3145
3145
3145
3146
3148
3148
3148
3150
3150
3151
3152
3153
3155
3155
3156
3157
3159
3160
3160
3161
3161
3162
3163
3164
3166
3167
3167
3168
3169
3169
3169
3170
3170
3171
3171
3171
3172
3172
3173
3173
3173
3174
3176
3177
3181
3181
3182
3184
3185
3185
3185
3186
3186
3188
3190
3191
3192
3193
3193
3194
3199
3200
3200
3201
3204
3205
3208
3208
3209
3209
3209
3209
3210
3211
3211
3212
3214
3214
3215
3216
3218
3219
3226
3233
3233
3234
3236
3238
3239
3239
3240
3242
3243
3244
3248
3251
3252
3256
3256
3257
3257
3257
3258
3258
3260
3260
3261
3262
3263
3263
3264
3267
3268
3269
3269
3270
3270
3270
3272
3272
3273
3277
3277
3278
3280
3280
3280
3281
3281
3282
3283
3284
3286
3287
3287
3288
3288
3289
3289
3291
3291
3292
3294
3298
3300
3301
3301
3303
3304
3306
3306
3306
3308
3309
3310
3310
3310
3311
3312
3313
3314
3314
3315
3316
3318
3320
3321
3323
3324
3324
3324
3325
3325
3325
3327
3328
3329
3330
3330
3330
3331
3332
3333
3333
3334
3335
3335
3336
3340
3340
3340
3341
3343
3343
3344
3344
3344
3346
3347
3348
3349
3350
3351
3351
3352
3352
3353
3356
3356
3356
3359
3363
3364
3364
3364
3365
3365
3366
3369
3370
3371
3375
3375
3376
3377
3378
3378
3379
3380
3380
3382
3383
3384
3384
3384
3384
3385
3385
3386
3387
3387
3387
3388
3389
3389
3389
3391
3392
3392
3394
3394
3394
3395
3395
3395
3395
3396
3396
3397
3397
3397
3398
3398
3401
3402
3404
3404
3405
3405
3405
3406
3407
3407
3407
3409
3410
3410
3410
3411
3411
3412
3414
3415
3415
3416
3416
3418
3421
3421
3421
3422
3423
3423
3429
3429
3430
3430
3431
3431
3434
3434
3435
3437
3438
3438
3440
3440
3443
3443
3445
3445
3447
3448
3449
3450
3451
3451
3452
3452
3453
3453
3456
3457
3458
3460
3460
3461
3462
3464
3464
3465
3466
3467
3467
3467
3467
3469
3470
3470
3471
3474
3475
3475
3476
3476
3476
3476
3477
3477
3479
3479
3479
3479
3479
3480
3480
3481
3481
3483
3484
3485
3486
3487
3489
3490
3491
3496
3496
3496
3498
3498
3500
3503
3503
3506
3506
3506
3509
3512
3512
3513
3514
3514
3516
3516
3518
3519
3521
3523
3523
3523
3523
3524
3526
3528
3529
3529
3531
3531
3532
3532
3533
3536
3536
3537
3537
3538
3539
3541
3542
3543
3543
3544
3544
3544
3545
3546
3547
3548
3549
3549
3550
3550
3551
3554
3555
3556
3557
3560
3563
3563
3564
3565
3565
3565
3566
3566
3567
3567
3569
3570
3572
3574
3576
3576
3576
3577
3579
3580
3580
3582
3582
3582
3583
3585
3585
3586
3586
3587
3588
3589
3590
3593
3594
3594
3596
3597
3599
3604
3605
3607
3607
3607
3608
3608
3608
3611
3611
3612
3612
3613
3615
3616
3618
3619
3620
3620
3621
3622
3623
3623
3626
3626
3626
3632
3633
3634
3635
3635
3636
3636
3637
3639
3642
3645
3646
3646
3649
3649
3649
3651
3652
3652
3655
3655
3655
3656
3658
3660
3660
3660
3660
3661
3665
3666
3667
3667
3668
3669
3669
3671
3672
3674
3676
3677
3677
3678
3680
3681
3682
3683
3684
3685
3685
3687
3688
3689
3690
3692
3692
3693
3694
3695
3696
3697
3700
3700
3702
3704
3706
3707
3707
3708
3709
3712
3712
3713
3713
3715
3716
3716
3717
3719
3721
3721
3722
3722
3723
3723
3727
3727
3728
3729
3732
3733
3734
3734
3735
3735
3736
3738
3738
3739
3740
3740
3741
3743
3743
3744
3744
3745
3746
3746
3747
3748
3750
3751
3752
3754
3756
3758
3759
3759
3761
3762
3764
3765
3768
3772
3773
3773
3776
3777
3780
3782
3786
3786
3790
3790
3790
3792
3793
3793
3794
3794
3794
3795
3796
3797
3798
3801
3802
3803
3803
3803
3804
3804
3804
3805
3805
3805
3806
3806
3807
3808
3810
3814
3817
3818
3819
3821
3821
3821
3821
3822
3822
3823
3825
3827
3828
3828
3828
3832
3833
3833
3835
3835
3836
3837
3840
3840
3840
3841
3842
3842
3844
3845
3845
3845
3849
3849
3851
3853
3854
3854
3856
3858
3858
3858
3858
3861
3863
3864
3864
3865
3866
3866
3867
3867
3868
3868
3869
3873
3873
3875
3875
3875
3878
3878
3879
3881
3881
3882
3882
3883
3884
3884
3885
3886
3887
3887
3889
3890
3892
3892
3894
3896
3897
3898
3899
3899
3902
3902
3903
3904
3905
3905
3905
3907
3907
3911
3912
3913
3914
3915
3915
3916
3917
3919
3920
3921
3921
3922
3924
3927
3927
3929
3930
3932
3932
3932
3932
3935
3935
3936
3938
3939
3940
3941
3941
3941
3941
3943
3944
3945
3945
3948
3950
3951
3951
3952
3952
3954
3955
3957
3957
3958
3958
3961
3962
3963
3967
3967
3968
3968
3969
3969
3973
3974
3974
3975
3976
3977
3977
3978
3981
3984
3985
3986
3987
3987
3993
3993
3998
3999
4001
4002
4003
4003
4003
4004
4005
4007
4008
4008
4010
4010
4011
4012
4014
4014
4014
4015
4015
4015
4015
4017
4018
4019
4020
4020
4020
4021
4023
4024
4024
4029
4029
4030
4030
4031
4031
4032
4033
4034
4034
4034
4034
4035
4036
4036
4036
4036
4037
4037
4037
4038
4041
4042
4042
4043
4043
4047
4047
4048
4048
4051
4052
4052
4053
4054
4056
4057
4057
4058
4060
4063
4063
4063
4063
4064
4070
4070
4071
4071
4073
4074
4078
4081
4082
4083
4084
4084
4086
4087
4088
4092
4093
4094
4095
4096
4098
4098
4099
4100
4101
4101
4101
4101
4104
4104
4105
4105
4106
4106
4106
4107
4108
4109
4109
4109
4110
4112
4113
4113
4113
4116
4116
4117
4120
4120
4120
4121
4122
4126
4126
4126
4126
4127
4128
4129
4131
4132
4133
4133
4133
4135
4136
4138
4138
4138
4139
4139
4139
4141
4141
4142
4143
4143
4144
4145
4146
4147
4147
4150
4151
4152
4152
4153
4155
4157
4157
4157
4159
4159
4162
4162
4166
4167
4169
4170
4170
4171
4171
4171
4173
4174
4176
4177
4177
4178
4179
4179
4179
4180
4180
4181
4183
4184
4185
4185
4185
4186
4188
4190
4190
4191
4192
4192
4193
4194
4195
4195
4195
4196
4197
4199
4200
4200
4200
4203
4203
4205
4206
4206
4207
4210
4211
4211
4212
4212
4214
4214
4214
4214
4217
4220
4221
4221
4225
4228
4229
4230
4230
4231
4231
4232
4232
4233
4234
4234
4235
4237
4238
4239
4239
4239
4244
4248
4248
4251
4251
4256
4256
4256
4256
4257
4258
4259
4260
4260
4260
4261
4262
4264
4265
4266
4266
4266
4267
4268
4269
4271
4271
4271
4273
4275
4277
4279
4280
4282
4283
4283
4283
4284
4285
4287
4288
4290
4290
4290
4292
4294
4294
4294
4296
4296
4296
4297
4299
4300
4300
4300
4301
4301
4302
4302
4302
4303
4304
4304
4304
4304
4305
4308
4309
4309
4309
4309
4310
4311
4313
4314
4315
4317
4317
4317
4319
4320
4320
4322
4322
4323
4323
4325
4327
4327
4327
4328
4329
4329
4330
4332
4332
4333
4334
4334
4337
4337
4338
4339
4339
4340
4342
4342
4343
4344
4345
4346
4346
4347
4347
4348
4350
4353
4354
4354
4357
4358
4361
4362
4362
4363
4363
4364
4364
4366
4366
4369
4370
4370
4370
4370
4372
4375
4376
4379
4381
4382
4383
4384
4385
4388
4388
4388
4392
4392
4393
4394
4397
4399
4399
4400
4402
4403
4403
4403
4404
4404
4404
4405
4409
4411
4411
4413
4414
4414
4414
4415
4415
4416
4416
4417
4418
4418
4419
4419
4419
4421
4422
4424
4426
4429
4429
4429
4430
4430
4431
4432
4433
4433
4434
4437
4438
4438
4439
4439
4440
4443
4446
4447
4447
4448
4448
4448
4449
4449
4450
4450
4451
4451
4451
4452
4452
4453
4453
4455
4456
4460
4460
4461
4462
4462
4465
4466
4468
4468
4469
4470
4470
4472
4473
4473
4476
4479
4480
4481
4482
4485
4486
4487
4488
4489
4489
4489
4489
4490
4491
4492
4492
4494
4495
4495
4497
4498
4499
4500
4501
4502
4502
4503
4503
4504
4505
4505
4506
4506
4507
4508
4508
4509
4509
4510
4510
4510
4510
4511
4512
4513
4514
4518
4519
4519
4519
4522
4524
4525
4525
4525
4527
4527
4528
4528
4528
4529
4531
4531
4532
4533
4533
4533
4533
4533
4534
4534
4536
4536
4537
4537
4537
4538
4538
4538
4538
4539
4539
4540
4542
4542
4543
4543
4544
4545
4545
4545
4546
4546
4548
4551
4552
4552
4553
4553
4553
4554
4554
4555
4556
4558
4558
4560
4561
4561
4563
4564
4565
4566
4566
4566
4569
4571
4572
4572
4573
4574
4575
4575
4576
4577
4578
4580
4581
4581
4582
4582
4583
4583
4584
4585
4587
4587
4587
4588
4588
4590
4591
4594
4595
4595
4595
4596
4598
4599
4599
4600
4601
4601
4604
4605
4607
4607
4608
4609
4610
4612
4613
4613
4613
4614
4615
4615
4616
4616
4617
4619
4620
4622
4623
4626
4626
4627
4629
4630
4632
4636
4637
4638
4641
4641
4642
4642
4645
4647
4650
4652
4652
4656
4656
4657
4658
4660
4661
4663
4663
4664
4664
4666
4667
4667
4667
4668
4669
4670
4670
4671
4671
4672
4675
4675
4676
4676
4678
4678
4679
4679
4680
4680
4682
4683
4683
4684
4684
4684
4684
4684
4685
4688
4689
4691
4692
4692
4693
4694
4694
4695
4696
4696
4698
4698
4702
4702
4703
4704
4708
4709
4709
4710
4710
4711
4713
4715
4715
4717
4718
4720
4720
4721
4722
4722
4724
4725
4726
4727
4727
4728
4729
4731
4732
4732
4732
4733
4734
4734
4736
4738
4744
4744
4745
4746
4747
4747
4749
4750
4752
4753
4753
4753
4753
4755
4755
4755
4755
4755
4756
4757
4758
4758
4759
4759
4760
4761
4762
4764
4765
4768
4768
4769
4769
4770
4770
4770
4772
4773
4775
4775
4775
4776
4776
4777
4778
4778
4779
4779
4780
4782
4782
4782
4783
4784
4785
4788
4788
4792
4792
4794
4798
4798
4798
4799
4801
4802
4804
4804
4805
4807
4807
4808
4809
4811
4813
4813
4814
4814
4816
4816
4817
4818
4819
4819
4820
4820
4821
4822
4824
4824
4825
4825
4827
4829
4829
4831
4832
4834
4834
4838
4838
4839
4840
4840
4840
4841
4841
4842
4842
4844
4845
4845
4846
4846
4846
4848
4848
4850
4850
4850
4852
4852
4855
4856
4858
4859
4859
4860
4861
4861
4861
4861
4862
4863
4864
4864
4865
4865
4866
4866
4867
4868
4869
4872
4872
4874
4874
4875
4876
4880
4880
4880
4880
4881
4882
4883
4883
4885
4885
4885
4887
4887
4888
4891
4891
4895
4895
4895
4896
4896
4898
4899
4901
4901
4905
4907
4908
4908
4909
4910
4910
4911
4911
4911
4911
4913
4916
4918
4918
4920
4921
4923
4925
4927
4927
4929
4929
4931
4931
4932
4933
4934
4938
4940
4941
4942
4943
4945
4946
4947
4947
4948
4948
4950
4951
4951
4952
4953
4954
4957
4958
4958
4958
4960
4961
4961
4961
4961
4964
4964
4969
4969
4969
4971
4971
4971
4971
4972
4973
4973
4974
4976
4976
4976
4977
4978
4979
4980
4981
4982
4982
4984
4984
4988
4988
4988
4989
4990
4990
4990
4992
4994
4996
4998
4999
4999
4999
5001
5002
5002
5003
5005
5005
5005
5005
5007
5009
5009
5010
5011
5011
5014
5014
5016
5017
5017
5017
5017
5018
5018
5019
5020
5020
5021
5024
5024
5026
5027
5028
5028
5029
5029
5031
5032
5035
5036
5036
5037
5037
5039
5039
5039
5045
5046
5047
5047
5048
5048
5049
5050
5050
5051
5054
5055
5057
5061
5061
5063
5063
5065
5065
5066
5066
5069
5072
5075
5076
5076
5077
5078
5079
5080
5080
5082
5082
5084
5086
5088
5092
5094
5101
5101
5102
5105
5106
5107
5107
5108
5109
5111
5111
5114
5114
5114
5117
5117
5117
5117
5118
5118
5118
5119
5120
5120
5121
5122
5124
5125
5125
5127
5127
5127
5130
5132
5132
5132
5132
5132
5132
5134
5135
5136
5137
5138
5138
5139
5142
5143
5144
5144
5145
5146
5146
5150
5151
5152
5153
5154
5155
5156
5157
5157
5159
5159
5160
5160
5161
5162
5164
5165
5166
5167
5168
5168
5168
5169
5170
5176
5177
5180
5181
5182
5183
5184
5185
5186
5188
5189
5189
5190
5192
5194
5195
5198
5198
5199
5201
5201
5202
5202
5203
5204
5204
5205
5206
5206
5207
5207
5210
5210
5211
5211
5213
5214
5215
5217
5219
5219
5220
5220
5221
5221
5221
5222
5223
5225
5226
5227
5228
5228
5229
5229
5230
5230
5232
5232
5233
5235
5236
5236
5237
5238
5239
5239
5239
5240
5240
5241
5242
5242
5243
5243
5244
5246
5246
5246
5247
5249
5250
5254
5255
5258
5259
5261
5264
5265
5266
5267
5268
5269
5269
5271
5272
5272
5272
5272
5274
5275
5275
5275
5275
5276
5277
5278
5278
5279
5281
5283
5288
5289
5289
5290
5290
5294
5295
5296
5297
5297
5298
5298
5299
5300
5301
5302
5306
5306
5307
5307
5307
5308
5308
5309
5309
5309
5309
5310
5310
5313
5314
5314
5315
5316
5316
5318
5320
5323
5324
5325
5325
5326
5326
5328
5329
5329
5330
5330
5330
5334
5335
5335
5337
5339
5342
5342
5343
5343
5344
5345
5349
5350
5350
5353
5354
5354
5355
5356
5356
5357
5358
5359
5359
5360
5361
5363
5364
5365
5367
5368
5369
5369
5369
5371
5372
5372
5374
5377
5379
5382
5383
5383
5386
5389
5391
5391
5392
5393
5394
5396
5398
5398
5399
5400
5400
5400
5401
5402
5403
5404
5405
5406
5408
5408
5410
5414
5416
5418
5419
5421
5422
5423
5423
5424
5424
5427
5428
5431
5433
5434
5435
5435
5436
5437
5437
5438
5438
5438
5440
5440
5441
5445
5445
5445
5446
5448
5449
5450
5454
5455
5455
5456
5458
5458
5458
5458
5459
5460
5462
5462
5462
5464
5464
5465
5466
5467
5467
5468
5469
5470
5471
5471
5472
5473
5473
5474
5474
5474
5474
5475
5476
5477
5477
5479
5479
5480
5480
5482
5484
5484
5485
5486
5487
5487
5487
5488
5489
5491
5493
5493
5493
5494
5496
5496
5497
5498
5501
5501
5503
5504
5505
5506
5508
5508
5508
5512
5513
5513
5513
5516
5517
5517
5519
5519
5519
5520
5520
5522
5522
5523
5525
5528
5529
5529
5532
5533
5534
5534
5535
5535
5538
5539
5541
5543
5545
5546
5547
5547
5548
5550
5550
5551
5551
5552
5552
5553
5553
5554
5555
5555
5557
5557
5558
5558
5559
5559
5559
5560
5561
5562
5562
5563
5563
5564
5564
5564
5566
5567
5568
5569
5572
5572
5575
5575
5575
5575
5575
5576
5576
5576
5577
5578
5578
5578
5582
5583
5584
5585
5585
5585
5587
5588
5590
5592
5594
5595
5595
5595
5595
5596
5597
5597
5598
5598
5599
5601
5601
5602
5604
5605
5605
5605
5605
5606
5607
5607
5608
5608
5610
5610
5610
5611
5611
5614
5615
5617
5618
5619
5621
5622
5622
5623
5624
5624
5626
5627
5628
5629
5630
5632
5634
5635
5638
5641
5641
5641
5641
5642
5642
5644
5645
5647
5648
5651
5652
5654
5654
5655
5656
5656
5658
5658
5659
5660
5661
5661
5663
5664
5665
5665
5665
5669
5670
5671
5671
5672
5674
5675
5676
5676
5678
5679
5681
5684
5685
5685
5686
5686
5689
5689
5689
5689
5689
5689
5691
5691
5693
5693
5693
5694
5695
5697
5697
5697
5698
5699
5700
5700
5700
5701
5703
5704
5704
5704
5704
5704
5705
5707
5708
5708
5709
5712
5712
5713
5714
5714
5715
5717
5719
5719
5720
5721
5722
5724
5724
5726
5726
5726
5728
5729
5729
5731
5732
5732
5734
5735
5736
5737
5737
5737
5739
5743
5745
5746
5747
5748
5748
5749
5750
5750
5750
5750
5750
5750
5751
5752
5752
5754
5755
5757
5759
5759
5760
5760
5762
5763
5763
5764
5764
5766
5766
5766
5767
5769
5770
5773
5774
5774
5775
5777
5777
5777
5777
5780
5781
5783
5784
5784
5784
5785
5785
5785
5785
5786
5788
5788
5790
5790
5791
5791
5794
5794
5794
5794
5795
5795
5797
5800
5800
5801
5802
5804
5804
5805
5807
5807
5808
5808
5808
5809
5810
5812
5812
5812
5812
5813
5814
5815
5818
5819
5820
5823
5824
5825
5825
5825
5825
5826
5828
5829
5832
5834
5834
5834
5836
5837
5837
5837
5839
5842
5842
5843
5843
5845
5845
5845
5848
5848
5850
5850
5851
5852
5853
5853
5853
5854
5854
5855
5858
5859
5860
5861
5861
5862
5863
5865
5865
5865
5865
5866
5866
5866
5868
5868
5869
5871
5872
5873
5874
5875
5877
5879
5879
5879
5879
5880
5881
5881
5885
5885
5887
5889
5890
5891
5892
5892
5892
5893
5893
5894
5894
5894
5897
5898
5898
5899
5900
5900
5902
5902
5902
5903
5903
5904
5904
5905
5908
5909
5911
5912
5912
5912
5912
5912
5913
5915
5915
5915
5919
5923
5924
5925
5928
5929
5929
5929
5930
5932
5932
5935
5936
5936
5936
5937
5937
5938
5938
5939
5943
5944
5945
5946
5946
5946
5949
5950
5950
5950
5950
5951
5952
5953
5956
5957
5958
5959
5960
5963
5964
5964
5964
5964
5966
5967
5968
5968
5970
5970
5975
5975
5975
5975
5976
5977
5980
5980
5981
5985
5985
5985
5986
5991
5994
5997
6001
6002
6003
6004
6006
6008
6009
6013
6014
6015
6015
6016
6017
6018
6018
6020
6021
6022
6023
6023
6023
6025
6025
6026
6026
6027
6027
6029
6030
6031
6034
6036
6038
6039
6040
6043
6043
6043
6044
6045
6045
6046
6047
6047
6048
6049
6049
6053
6053
6053
6056
6056
6056
6056
6056
6057
6057
6057
6058
6059
6061
6062
6063
6063
6065
6066
6068
6069
6070
6070
6071
6071
6073
6073
6073
6074
6075
6075
6075
6076
6077
6079
6079
6079
6079
6081
6083
6083
6086
6086
6086
6089
6089
6090
6090
6091
6093
6095
6095
6096
6096
6098
6098
6099
6099
6100
6101
6101
6102
6102
6102
6102
6102
6104
6104
6106
6106
6107
6107
6107
6107
6108
6109
6109
6109
6109
6110
6113
6113
6114
6114
6114
6115
6115
6115
6116
6117
6118
6118
6118
6118
6119
6120
6121
6121
6121
6121
6123
6125
6126
6127
6128
6128
6128
6129
6134
6134
6134
6135
6138
6138
6139
6140
6140
6142
6144
6144
6145
6145
6145
6149
6150
6151
6152
6153
6153
6153
6157
6159
6160
6160
6162
6162
6162
6162
6163
6163
6166
6167
6167
6167
6167
6167
6173
6174
6174
6175
6175
6176
6176
6178
6179
6179
6179
6181
6183
6183
6185
6185
6187
6189
6189
6189
6189
6191
6191
6192
6192
6194
6195
6197
6197
6198
6198
6202
6202
6204
6205
6206
6207
6207
6207
6208
6208
6208
6209
6209
6209
6209
6210
6211
6212
6213
6215
6215
6215
6215
6215
6216
6217
6219
6220
6220
6221
6223
6224
6224
6225
6226
6227
6230
6232
6232
6233
6234
6238
6239
6241
6245
6246
6246
6248
6251
6251
6252
6253
6253
6255
6256
6257
6258
6258
6261
6261
6261
6261
6262
6263
6266
6266
6266
6267
6268
6268
6268
6268
6270
6270
6270
6270
6271
6272
6273
6273
6273
6273
6276
6276
6279
6280
6282
6282
6283
6284
6286
6287
6287
6288
6288
6289
6289
6289
6290
6290
6293
6294
6295
6296
6298
6301
6302
6306
6307
6307
6308
6309
6312
6312
6313
6314
6314
6314
6315
6315
6316
6316
6317
6319
6321
6322
6322
6323
6323
6323
6324
6326
6326
6326
6326
6326
6327
6327
6328
6329
6330
6331
6332
6332
6333
6334
6334
6335
6337
6338
6338
6338
6339
6339
6339
6341
6341
6343
6343
6344
6345
6345
6348
6348
6349
6350
6352
6353
6354
6354
6355
6355
6356
6357
6358
6359
6360
6360
6361
6362
6362
6362
6363
6363
6364
6365
6365
6366
6367
6368
6370
6370
6371
6372
6372
6373
6374
6374
6374
6375
6376
6376
6382
6383
6384
6384
6384
6385
6386
6386
6386
6389
6389
6389
6390
6391
6392
6392
6394
6397
6398
6401
6401
6402
6403
6404
6404
6404
6404
6405
6405
6406
6406
6406
6407
6407
6408
6408
6409
6409
6411
6412
6412
6415
6415
6416
6417
6417
6417
6418
6419
6420
6423
6424
6426
6427
6427
6428
6428
6430
6430
6430
6430
6431
6433
6435
6435
6439
6439
6439
6439
6440
6440
6440
6442
6445
6450
6451
6451
6454
6454
6455
6455
6455
6457
6458
6459
6460
6461
6464
6466
6466
6467
6469
6469
6469
6470
6471
6471
6472
6472
6474
6474
6476
6477
6479
6480
6481
6482
6483
6484
6485
6487
6487
6490
6491
6493
6493
6493
6494
6496
6496
6497
6498
6499
6499
6500
6500
6501
6501
6501
6502
6503
6504
6504
6505
6508
6509
6510
6510
6510
6511
6513
6515
6515
6518
6521
6523
6524
6525
6525
6526
6526
6527
6529
6530
6530
6532
6532
6532
6532
6532
6533
6533
6535
6535
6536
6536
6537
6538
6539
6541
6542
6542
6543
6543
6544
6545
6546
6547
6549
6549
6550
6551
6551
6552
6553
6553
6554
6554
6555
6556
6559
6560
6561
6561
6562
6564
6564
6565
6566
6569
6569
6569
6570
6571
6572
6573
6573
6575
6576
6576
6577
6578
6580
6581
6582
6582
6583
6583
6583
6583
6584
6585
6585
6586
6587
6587
6589
6591
6594
6595
6595
6596
6598
6599
6603
6603
6604
6607
6607
6607
6609
6611
6614
6616
6616
6618
6619
6619
6622
6622
6622
6622
6623
6623
6624
6626
6626
6627
6628
6630
6630
6632
6634
6634
6634
6634
6636
6639
6640
6640
6641
6645
6646
6648
6650
6653
6654
6655
6657
6658
6659
6659
6661
6663
6664
6666
6666
6666
6667
6667
6669
6669
6669
6670
6671
6671
6671
6672
6673
6673
6674
6675
6677
6678
6684
6685
6686
6687
6689
6690
6691
6691
6692
6693
6695
6695
6695
6696
6698
6698
6698
6700
6701
6702
6702
6703
6704
6708
6708
6709
6709
6709
6709
6710
6710
6711
6712
6712
6713
6714
6715
6715
6715
6715
6716
6717
6717
6721
6723
6724
6724
6727
6728
6728
6729
6730
6734
6735
6735
6736
6736
6737
6738
6739
6740
6741
6743
6743
6744
6747
6748
6749
6749
6750
6751
6754
6755
6757
6758
6759
6759
6762
6762
6763
6765
6765
6767
6769
6769
6770
6770
6771
6772
6774
6775
6776
6780
6781
6781
6782
6783
6789
6789
6790
6791
6792
6794
6795
6795
6799
6800
6801
6801
6801
6806
6807
6809
6809
6810
6810
6810
6812
6812
6812
6813
6815
6815
6815
6815
6817
6817
6817
6818
6819
6819
6821
6822
6828
6829
6829
6836
6836
6836
6837
6837
6840
6841
6841
6842
6843
6843
6848
6852
6853
6853
6854
6855
6855
6857
6859
6859
6860
6862
6862
6863
6863
6864
6864
6866
6867
6868
6869
6870
6871
6872
6873
6873
6874
6874
6875
6875
6875
6876
6879
6879
6879
6879
6879
6879
6879
6881
6882
6882
6883
6885
6886
6886
6887
6887
6888
6890
6890
6894
6894
6895
6896
6898
6899
6900
6901
6902
6902
6905
6908
6909
6914
6915
6916
6918
6918
6919
6919
6920
6922
6923
6923
6924
6924
6927
6927
6927
6928
6928
6930
6932
6933
6934
6935
6936
6936
6937
6937
6938
6939
6940
6941
6941
6942
6942
6944
6944
6945
6945
6945
6948
6948
6950
6952
6952
6953
6956
6958
6959
6959
6961
6961
6962
6962
6962
6964
6966
6967
6967
6967
6967
6968
6968
6969
6970
6971
6972
6972
6973
6973
6973
6979
6979
6979
6980
6982
6983
6984
6987
6990
6991
6992
6993
6994
6995
6995
6995
6996
6996
6997
6998
7001
7001
7002
7002
7003
7004
7008
7011
7012
7015
7016
7016
7019
7019
7019
7020
7020
7020
7023
7023
7024
7025
7026
7026
7026
7027
7028
7030
7032
7033
7035
7035
7036
7036
7037
7040
7042
7045
7047
7047
7047
7048
7050
7050
7050
7051
7052
7054
7055
7056
7056
7058
7058
7058
7060
7061
7062
7062
7063
7064
7064
7067
7069
7070
7073
7073
7074
7075
7075
7075
7076
7076
7078
7078
7079
7079
7080
7081
7082
7085
7086
7086
7087
7088
7089
7091
7091
7091
7091
7092
7093
7093
7094
7094
7095
7096
7098
7099
7099
7099
7100
7103
7103
7105
7105
7106
7106
7108
7108
7109
7109
7110
7110
7111
7111
7114
7115
7117
7120
7121
7122
7123
7123
7124
7126
7128
7128
7130
7131
7132
7132
7135
7135
7136
7136
7136
7137
7137
7137
7138
7142
7144
7146
7146
7148
7148
7151
7151
7151
7152
7154
7154
7157
7158
7158
7159
7159
7159
7162
7162
7163
7164
7164
7165
7167
7167
7169
7173
7173
7174
7177
7177
7178
7179
7179
7181
7185
7186
7187
7187
7187
7187
7190
7194
7195
7197
7202
7202
7203
7203
7204
7205
7206
7206
7206
7207
7207
7207
7208
7209
7210
7211
7212
7212
7213
7218
7221
7222
7223
7223
7225
7225
7225
7226
7226
7228
7231
7232
7233
7233
7233
7235
7239
7240
7241
7242
7242
7244
7248
7249
7249
7251
7252
7253
7255
7256
7257
7263
7263
7264
7265
7265
7266
7267
7267
7267
7271
7272
7272
7272
7273
7273
7274
7276
7278
7278
7280
7281
7281
7281
7288
7289
7290
7292
7292
7292
7296
7296
7298
7302
7302
7303
7305
7305
7306
7307
7309
7309
7310
7311
7315
7315
7318
7318
7322
7323
7325
7326
7327
7328
7328
7331
7332
7332
7333
7333
7333
7333
7334
7335
7336
7336
7337
7339
7339
7341
7342
7343
7346
7346
7347
7349
7350
7352
7355
7356
7358
7359
7359
7360
7360
7360
7360
7360
7363
7364
7365
7365
7365
7366
7368
7368
7371
7373
7373
7374
7374
7375
7375
7376
7376
7379
7380
7383
7383
7387
7388
7388
7390
7391
7391
7392
7392
7392
7393
7393
7393
7393
7393
7394
7395
7395
7396
7396
7397
7397
7399
7403
7405
7405
7405
7406
7406
7406
7407
7410
7410
7411
7412
7412
7413
7413
7414
7417
7418
7425
7430
7430
7430
7431
7432
7432
7433
7433
7434
7434
7434
7434
7435
7436
7437
7437
7438
7441
7442
7442
7443
7443
7444
7444
7445
7446
7448
7449
7449
7449
7451
7452
7452
7454
7454
7455
7456
7456
7456
7457
7457
7457
7458
7458
7459
7460
7461
7461
7462
7463
7463
7466
7468
7468
7469
7469
7470
7470
7471
7471
7471
7473
7475
7476
7477
7479
7481
7486
7486
7487
7488
7489
7490
7490
7490
7492
7493
7493
7494
7494
7495
7497
7498
7499
7500
7502
7502
7502
7506
7509
7511
7513
7513
7514
7518
7520
7521
7523
7525
7526
7526
7529
7531
7531
7532
7536
7537
7538
7538
7538
7538
7542
7543
7543
7544
7545
7545
7545
7547
7548
7549
7549
7549
7551
7552
7554
7556
7557
7559
7559
7561
7562
7564
7565
7565
7566
7566
7569
7570
7571
7573
7574
7574
7575
7575
7576
7576
7577
7577
7579
7579
7579
7579
7580
7580
7581
7582
7582
7585
7585
7587
7588
7588
7589
7591
7592
7594
7596
7596
7597
7599
7599
7600
7601
7601
7602
7603
7605
7606
7607
7607
7609
7610
7613
7614
7614
7615
7616
7617
7618
7620
7620
7620
7621
7621
7621
7622
7622
7622
7624
7625
7625
7625
7625
7628
7628
7629
7630
7630
7636
7636
7637
7637
7637
7638
7639
7641
7643
7644
7645
7646
7646
7648
7651
7652
7652
7654
7655
7658
7658
7661
7663
7663
7663
7665
7666
7666
7667
7667
7667
7669
7670
7670
7671
7671
7672
7673
7677
7678
7678
7679
7681
7681
7682
7683
7684
7685
7685
7686
7689
7690
7693
7693
7694
7694
7696
7697
7697
7699
7699
7699
7702
7704
7704
7704
7705
7706
7707
7708
7710
7711
7712
7712
7712
7713
7715
7716
7716
7717
7718
7718
7718
7719
7720
7721
7721
7722
7722
7724
7724
7725
7725
7727
7729
7730
7731
7733
7735
7736
7739
7741
7742
7742
7743
7744
7747
7748
7748
7750
7751
7752
7752
7752
7753
7755
7755
7756
7756
7757
7757
7759
7764
7767
7768
7769
7770
7771
7772
7773
7774
7774
7776
7778
7779
7781
7782
7782
7782
7783
7784
7785
7785
7786
7786
7786
7788
7791
7791
7791
7792
7792
7793
7793
7793
7794
7795
7797
7799
7800
7801
7802
7802
7808
7810
7811
7812
7812
7812
7813
7814
7815
7815
7816
7817
7817
7818
7824
7824
7824
7825
7826
7827
7827
7828
7829
7830
7831
7832
7832
7834
7835
7835
7835
7837
7838
7839
7839
7840
7840
7842
7842
7842
7844
7844
7844
7845
7846
7847
7847
7849
7851
7851
7852
7852
7853
7854
7854
7855
7859
7859
7859
7860
7860
7862
7862
7863
7863
7864
7867
7867
7868
7869
7869
7870
7872
7872
7872
7875
7878
7878
7880
7880
7882
7883
7884
7886
7886
7889
7890
7890
7890
7891
7891
7891
7896
7896
7896
7896
7897
7898
7899
7899
7900
7901
7902
7902
7903
7906
7906
7908
7910
7911
7911
7911
7911
7912
7913
7915
7917
7919
7921
7922
7922
7923
7924
7925
7925
7926
7928
7930
7931
7932
7932
7932
7932
7932
7932
7933
7934
7937
7937
7937
7937
7940
7941
7942
7942
7943
7944
7945
7946
7948
7949
7950
7951
7951
7952
7952
7952
7952
7954
7954
7958
7959
7959
7961
7966
7966
7967
7967
7967
7967
7968
7968
7970
7970
7970
7971
7971
7972
7972
7973
7975
7976
7976
7978
7981
7981
7982
7984
7984
7987
7987
7987
7988
7988
7989
7990
7991
7992
7992
7994
7994
7996
7997
7999
8000
8000
8001
8001
8002
8004
8004
8005
8006
8007
8007
8008
8008
8009
8011
8011
8012
8012
8013
8013
8014
8017
8017
8018
8019
8019
8020
8022
8024
8024
8024
8025
8025
8026
8026
8026
8027
8028
8028
8030
8030
8030
8030
8030
8033
8034
8034
8036
8036
8037
8037
8038
8039
8039
8040
8040
8041
8041
8041
8044
8044
8045
8046
8046
8046
8047
8049
8049
8051
8053
8053
8053
8053
8054
8054
8055
8055
8055
8055
8055
8056
8056
8057
8058
8059
8059
8060
8062
8062
8063
8064
8064
8065
8066
8066
8068
8068
8069
8071
8073
8074
8075
8075
8076
8078
8078
8079
8080
8082
8083
8087
8088
8088
8089
8092
8094
8094
8095
8095
8097
8103
8103
8103
8104
8105
8105
8106
8108
8112
8112
8112
8113
8115
8116
8116
8116
8117
8118
8118
8120
8120
8121
8122
8123
8124
8125
8126
8127
8127
8127
8128
8128
8128
8130
8130
8130
8131
8131
8136
8136
8137
8139
8139
8141
8143
8148
8148
8148
8150
8150
8150
8151
8153
8153
8153
8154
8157
8159
8160
8160
8161
8162
8163
8164
8165
8166
8167
8167
8169
8171
8171
8172
8173
8175
8175
8176
8177
8180
8180
8181
8186
8187
8189
8193
8193
8196
8196
8197
8197
8199
8200
8201
8203
8203
8204
8204
8204
8204
8205
8206
8207
8207
8208
8209
8209
8210
8210
8213
8215
8215
8215
8216
8218
8219
8222
8223
8224
8227
8232
8232
8233
8233
8233
8234
8235
8235
8236
8236
8236
8236
8240
8242
8242
8243
8243
8243
8243
8247
8250
8253
8253
8254
8255
8255
8258
8258
8260
8263
8263
8265
8265
8265
8265
8265
8266
8270
8271
8273
8273
8273
8274
8275
8277
8278
8280
8280
8281
8281
8282
8282
8284
8285
8286
8286
8288
8290
8291
8291
8291
8292
8293
8293
8293
8295
8299
8300
8301
8301
8301
8302
8302
8303
8304
8307
8312
8312
8313
8315
8318
8318
8319
8319
8322
8323
8326
8326
8327
8327
8328
8328
8329
8331
8331
8334
8334
8339
8339
8340
8342
8347
8349
8349
8349
8351
8352
8354
8355
8358
8359
8360
8361
8361
8361
8363
8363
8365
8367
8367
8370
8370
8371
8371
8371
8372
8374
8375
8377
8378
8379
8379
8379
8380
8381
8383
8383
8383
8383
8384
8384
8385
8387
8387
8390
8392
8392
8393
8394
8395
8395
8396
8396
8397
8398
8399
8400
8401
8402
8406
8406
8407
8408
8411
8412
8413
8414
8415
8415
8416
8416
8417
8418
8419
8420
8421
8421
8423
8424
8426
8426
8428
8428
8428
8430
8431
8431
8432
8433
8435
8438
8439
8439
8440
8442
8442
8444
8444
8445
8446
8447
8447
8450
8450
8451
8453
8453
8454
8455
8456
8457
8458
8458
8461
8463
8463
8463
8464
8466
8466
8467
8468
8468
8468
8470
8471
8472
8472
8474
8474
8475
8475
8475
8477
8478
8478
8479
8480
8483
8484
8484
8486
8487
8487
8489
8489
8489
8490
8490
8491
8491
8492
8492
8492
8495
8497
8497
8499
8500
8501
8502
8502
8508
8509
8510
8511
8511
8511
8515
8515
8515
8515
8516
8517
8517
8518
8518
8520
8521
8523
8526
8527
8528
8530
8530
8531
8531
8532
8534
8534
8535
8535
8536
8539
8540
8542
8547
8550
8550
8551
8551
8551
8552
8552
8556
8556
8556
8557
8558
8558
8559
8562
8562
8563
8564
8565
8566
8567
8568
8568
8569
8570
8570
8570
8574
8574
8575
8577
8577
8577
8577
8579
8581
8582
8584
8585
8586
8586
8587
8589
8589
8591
8592
8593
8594
8594
8594
8597
8598
8599
8600
8600
8601
8602
8603
8605
8605
8607
8608
8609
8610
8611
8611
8613
8615
8615
8615
8616
8616
8617
8617
8618
8618
8619
8620
8620
8621
8624
8624
8624
8624
8625
8626
8627
8627
8627
8627
8628
8629
8629
8631
8631
8631
8632
8633
8634
8635
8636
8637
8637
8639
8639
8639
8640
8641
8644
8647
8647
8649
8650
8650
8652
8653
8656
8657
8660
8660
8661
8662
8662
8664
8664
8665
8665
8665
8666
8666
8667
8667
8668
8669
8670
8673
8673
8674
8676
8676
8677
8677
8677
8679
8679
8680
8681
8684
8686
8686
8687
8688
8688
8692
8692
8693
8697
8698
8700
8700
8702
8702
8702
8703
8704
8705
8706
8707
8709
8710
8711
8711
8711
8712
8713
8713
8715
8715
8715
8716
8717
8718
8719
8719
8719
8720
8721
8722
8722
8722
8724
8727
8728
8729
8730
8731
8731
8733
8733
8734
8734
8734
8735
8736
8737
8737
8738
8741
8741
8741
8742
8742
8743
8744
8745
8745
8745
8747
8748
8752
8753
8754
8757
8759
8760
8760
8761
8763
8763
8765
8767
8767
8770
8770
8770
8770
8771
8771
8771
8772
8772
8772
8772
8773
8773
8774
8775
8776
8778
8779
8779
8780
8780
8781
8781
8782
8782
8782
8784
8784
8786
8787
8787
8787
8787
8788
8788
8790
8790
8790
8790
8791
8791
8792
8794
8795
8795
8795
8795
8796
8797
8797
8800
8801
8802
8803
8804
8805
8807
8810
8810
8811
8812
8813
8815
8815
8817
8817
8817
8818
8818
8819
8820
8820
8821
8821
8822
8822
8823
8823
8824
8825
8825
8825
8827
8833
8833
8833
8834
8838
8838
8841
8841
8841
8842
8842
8842
8842
8842
8842
8844
8846
8846
8848
8849
8849
8849
8850
8854
8854
8854
8855
8855
8858
8858
8860
8860
8862
8863
8864
8865
8865
8865
8866
8867
8868
8870
8870
8872
8875
8875
8876
8877
8879
8879
8880
8880
8881
8882
8882
8883
8883
8884
8884
8885
8885
8885
8885
8885
8886
8888
8889
8890
8890
8890
8892
8893
8893
8894
8897
8899
8899
8902
8904
8904
8906
8908
8909
8913
8913
8914
8914
8918
8918
8920
8925
8925
8925
8927
8928
8928
8929
8930
8931
8931
8931
8933
8933
8933
8933
8934
8934
8935
8937
8937
8939
8941
8941
8941
8942
8943
8943
8943
8945
8946
8947
8948
8948
8950
8951
8952
8952
8953
8954
8954
8954
8957
8958
8959
8959
8959
8964
8965
8965
8966
8968
8969
8971
8973
8974
8978
8978
8980
8984
8984
8984
8985
8985
8987
8987
8988
8990
8990
8990
8991
8991
8991
8992
8992
8993
8994
8996
9000
9002
9004
9008
9008
9010
9010
9010
9011
9016
9017
9018
9018
9019
9020
9020
9020
9020
9022
9022
9022
9023
9024
9025
9028
9031
9033
9033
9035
9035
9035
9037
9038
9038
9039
9041
9042
9042
9043
9044
9044
9044
9046
9046
9046
9047
9048
9051
9052
9053
9053
9053
9053
9054
9054
9056
9058
9060
9060
9060
9061
9061
9061
9061
9063
9064
9064
9066
9066
9067
9067
9067
9070
9071
9072
9072
9072
9072
9073
9074
9074
9074
9075
9076
9077
9078
9078
9079
9080
9080
9081
9081
9082
9083
9084
9093
9094
9095
9096
9098
9099
9099
9100
9101
9102
9102
9103
9104
9105
9106
9107
9107
9107
9109
9110
9111
9111
9111
9113
9113
9116
9116
9116
9117
9121
9122
9122
9122
9122
9122
9122
9123
9125
9125
9128
9128
9128
9130
9133
9136
9136
9138
9138
9138
9138
9139
9140
9140
9141
9141
9142
9142
9143
9143
9145
9145
9147
9150
9152
9152
9153
9154
9155
9156
9158
9158
9159
9160
9161
9161
9163
9163
9164
9165
9167
9167
9167
9169
9169
9170
9171
9171
9174
9174
9175
9175
9175
9175
9176
9176
9178
9178
9180
9181
9182
9182
9183
9184
9184
9185
9186
9188
9188
9189
9191
9191
9192
9193
9193
9194
9195
9195
9196
9198
9198
9200
9202
9202
9203
9203
9204
9204
9205
9205
9205
9206
9207
9208
9208
9210
9213
9213
9214
9214
9214
9216
9217
9217
9218
9219
9220
9220
9222
9223
9223
9225
9226
9226
9228
9228
9228
9231
9234
9235
9236
9237
9238
9238
9241
9241
9242
9244
9245
9246
9247
9247
9247
9248
9249
9249
9250
9252
9254
9254
9254
9254
9257
9258
9259
9259
9259
9260
9261
9263
9263
9263
9264
9264
9265
9266
9266
9267
9268
9273
9275
9275
9275
9276
9276
9279
9280
9282
9284
9287
9287
9287
9288
9291
9291
9291
9293
9293
9294
9294
9295
9295
9295
9296
9297
9299
9300
9300
9300
9301
9303
9304
9304
9305
9305
9305
9307
9310
9311
9311
9313
9314
9314
9314
9315
9317
9317
9318
9320
9322
9323
9324
9325
9326
9326
9328
9328
9330
9330
9330
9331
9333
9333
9334
9336
9337
9338
9338
9340
9342
9344
9346
9347
9347
9348
9349
9349
9349
9350
9350
9352
9352
9352
9353
9353
9354
9355
9356
9358
9360
9362
9365
9366
9367
9368
9369
9372
9372
9373
9374
9375
9375
9376
9376
9377
9377
9379
9379
9380
9381
9382
9382
9383
9384
9386
9389
9389
9392
9395
9396
9397
9397
9399
9399
9400
9400
9402
9403
9403
9403
9404
9405
9405
9406
9407
9408
9409
9409
9409
9409
9410
9410
9411
9415
9416
9416
9417
9420
9420
9421
9422
9425
9426
9427
9429
9429
9429
9431
9432
9433
9433
9436
9438
9438
9439
9439
9439
9440
9440
9441
9443
9444
9445
9449
9449
9450
9450
9450
9451
9451
9452
9452
9453
9453
9454
9455
9456
9456
9457
9458
9460
9460
9461
9464
9464
9465
9466
9466
9467
9467
9468
9468
9469
9470
9471
9472
9472
9472
9473
9473
9473
9473
9474
9479
9482
9483
9484
9484
9485
9485
9486
9488
9491
9491
9493
9496
9497
9497
9498
9500
9500
9502
9503
9505
9505
9506
9507
9508
9509
9510
9510
9511
9511
9512
9513
9513
9516
9517
9517
9517
9519
9521
9521
9523
9526
9526
9526
9527
9528
9530
9532
9532
9533
9533
9534
9534
9535
9535
9536
9538
9539
9540
9542
9542
9544
9545
9547
9547
9547
9547
9548
9548
9550
9550
9555
9555
9559
9561
9561
9562
9563
9563
9564
9566
9568
9569
9569
9569
9570
9570
9570
9573
9573
9574
9574
9575
9575
9575
9575
9576
9577
9579
9580
9581
9584
9585
9585
9589
9589
9590
9590
9590
9591
9591
9591
9592
9594
9595
9597
9598
9601
9601
9602
9603
9605
9607
9609
9609
9610
9610
9611
9613
9614
9615
9615
9616
9616
9617
9618
9618
9619
9619
9620
9620
9620
9620
9622
9622
9624
9624
9625
9626
9628
9628
9628
9629
9629
9633
9634
9634
9635
9635
9637
9638
9639
9640
9641
9642
9643
9646
9650
9650
9651
9652
9652
9653
9655
9655
9656
9658
9659
9660
9660
9663
9664
9665
9671
9673
9674
9674
9676
9676
9677
9677
9678
9679
9685
9686
9686
9686
9687
9687
9689
9691
9691
9694
9694
9694
9694
9695
9696
9699
9699
9699
9699
9700
9700
9704
9705
9709
9710
9711
9711
9711
9713
9713
9714
9714
9715
9715
9716
9717
9720
9721
9722
9722
9722
9722
9722
9725
9727
9729
9730
9730
9732
9736
9740
9742
9742
9742
9743
9743
9745
9745
9746
9746
9748
9750
9751
9753
9754
9754
9755
9756
9757
9757
9758
9758
9759
9759
9761
9762
9764
9765
9765
9765
9765
9766
9767
9767
9769
9769
9770
9771
9773
9774
9775
9775
9776
9776
9776
9777
9778
9780
9782
9782
9783
9784
9784
9784
9785
9786
9786
9787
9788
9788
9789
9790
9790
9791
9791
9792
9792
9792
9792
9795
9797
9798
9799
9799
9800
9801
9801
9801
9802
9803
9803
9804
9804
9805
9805
9808
9809
9811
9813
9813
9814
9815
9816
9816
9816
9816
9816
9817
9817
9817
9819
9821
9822
9824
9826
9826
9826
9830
9830
9831
9832
9833
9834
9835
9837
9840
9844
9845
9845
9846
9847
9848
9849
9849
9852
9853
9854
9854
9855
9855
9857
9858
9858
9859
9859
9862
9862
9863
9864
9865
9865
9865
9867
9867
9867
9869
9869
9871
9872
9872
9872
9873
9874
9876
9878
9879
9880
9881
9882
9882
9883
9885
9886
9886
9887
9888
9889
9890
9890
9891
9893
9893
9893
9894
9894
9896
9896
9898
9899
9899
9899
9900
9900
9903
9904
9907
9909
9911
9912
9914
9915
9915
9915
9917
9918
9918
9918
9920
9922
9924
9925
9926
9928
9931
9932
9932
9933
9936
9936
9937
9938
9938
9940
9940
9940
9941
9941
9941
9942
9942
9944
9944
9946
9947
9947
9948
9951
9953
9954
9956
9957
9959
9959
9961
9962
9962
9964
9964
9965
9966
9967
9968
9971
9972
9972
9972
9973
9973
9974
9975
9980
9983
9986
9987
9987
9988
9988
9991
9993
9993
9993
9993
9994
9995
9995
9997
9998
9998
comparisons: 49988214
swaps: 24978770
execution time: 178
