0
0
1
3
3
3
4
4
5
5
6
10
13
14
16
16
17
19
21
21
21
22
22
23
23
23
24
25
25
26
26
26
28
28
29
29
29
30
31
31
32
33
38
38
38
39
41
41
41
44
44
44
45
46
49
54
56
60
60
61
61
64
64
65
65
66
66
66
68
69
69
69
70
71
71
72
77
78
80
80
81
81
81
82
82
84
84
85
87
90
93
93
94
94
94
96
97
97
99
100
102
102
102
103
104
104
107
107
108
109
111
113
113
114
116
116
117
117
117
118
118
118
119
120
122
123
124
127
128
130
130
133
134
134
135
136
137
137
140
140
141
141
144
145
145
145
147
148
148
149
150
150
150
150
151
153
153
156
156
156
157
159
159
161
161
162
162
162
164
167
168
168
170
171
171
172
174
174
174
175
175
176
176
176
178
180
180
181
182
183
185
185
185
186
187
187
187
189
191
191
191
193
195
197
197
199
200
201
203
203
207
209
210
213
214
219
220
220
220
221
221
224
224
224
227
228
230
231
234
236
236
237
237
237
237
237
238
238
238
240
240
243
246
247
249
250
252
252
254
255
257
257
258
258
260
261
261
262
262
262
263
265
266
267
267
269
269
269
269
270
271
271
272
273
275
276
276
277
277
277
278
278
278
279
279
279
280
281
282
284
286
286
286
287
288
290
290
293
293
295
297
298
298
299
300
301
302
303
303
303
303
304
306
306
307
310
310
310
311
312
313
313
313
313
314
316
318
318
319
320
320
320
322
323
323
325
325
325
327
328
329
329
331
333
334
334
336
336
338
339
339
340
344
349
351
351
353
354
354
355
355
355
356
358
359
361
362
363
363
364
365
365
366
367
368
369
369
370
370
373
375
376
376
377
379
379
380
380
384
385
385
386
387
387
389
391
391
391
392
392
396
397
398
399
399
399
400
402
402
403
404
405
405
405
405
406
407
408
408
409
409
415
415
415
416
418
419
420
422
423
423
424
426
429
430
430
431
431
432
436
437
437
439
439
439
440
440
442
442
443
444
446
447
447
447
448
449
453
457
458
458
461
461
461
466
468
468
469
473
473
475
475
476
478
480
480
481
481
481
481
482
482
482
483
485
485
487
488
489
490
490
492
492
494
495
496
497
498
500
500
501
502
503
503
503
507
507
510
510
511
511
511
512
513
514
514
514
515
515
516
518
519
520
521
522
522
524
524
526
528
531
532
532
533
533
533
534
534
535
536
537
538
538
540
542
542
542
542
543
543
544
545
547
548
548
549
550
551
551
551
554
554
554
555
555
559
560
561
562
568
568
569
570
570
573
573
575
575
575
576
577
578
578
578
580
584
587
590
592
593
593
595
595
596
598
599
600
601
601
603
604
605
606
606
607
608
609
609
610
611
612
613
613
613
617
617
618
619
619
620
621
621
621
621
622
623
623
624
624
624
625
627
627
628
629
630
630
632
632
633
634
635
638
638
639
640
640
641
641
645
645
646
646
649
649
649
649
650
650
650
651
651
653
653
654
656
657
657
659
660
660
661
662
662
663
664
666
668
669
670
670
671
672
673
673
673
675
677
677
678
679
679
680
681
682
682
682
682
683
684
688
689
690
691
692
693
695
695
696
697
698
698
701
701
703
704
704
705
706
707
708
708
713
715
716
716
718
718
719
723
723
725
726
726
727
728
728
729
730
731
731
732
732
733
733
736
737
737
738
739
741
741
742
746
746
746
746
749
749
749
749
750
751
752
753
753
753
755
755
756
757
758
760
761
762
764
765
765
766
767
772
772
772
773
778
778
781
782
783
783
784
784
784
785
786
786
787
788
788
789
789
789
793
793
793
795
796
798
799
800
800
802
802
804
804
804
805
806
808
809
809
810
812
814
814
814
814
815
815
816
817
818
821
821
823
823
824
824
825
827
831
831
831
832
834
837
837
839
840
840
841
842
842
843
843
844
845
847
849
851
853
853
854
856
856
857
857
858
858
859
862
863
865
865
866
867
868
869
869
869
871
875
875
875
875
876
876
880
882
882
882
883
883
885
887
887
887
889
891
892
892
894
895
895
895
896
902
905
905
906
909
910
910
910
911
911
912
912
914
918
918
919
919
921
923
923
924
925
926
928
929
929
931
932
933
935
935
936
936
939
939
944
945
945
948
950
951
951
951
954
955
955
956
958
959
960
961
961
964
965
967
967
967
968
970
970
971
971
972
973
973
975
975
977
978
978
979
980
980
981
981
985
985
985
986
986
987
987
988
988
989
991
992
992
994
994
996
997
997
997
comparisons: 990009
swaps: 245023
execution time: 17760501
