0
1
2
2
3
4
4
4
4
5
8
8
9
11
11
12
12
12
13
14
15
18
21
21
22
22
23
24
25
28
28
30
30
31
31
33
37
38
39
40
42
43
43
45
45
49
49
53
55
56
56
58
59
60
61
62
63
64
65
65
65
68
69
71
71
71
73
74
75
76
77
77
78
80
82
84
84
85
86
87
89
90
90
90
92
93
94
94
94
95
96
96
96
99
100
101
101
101
102
104
104
105
107
108
108
108
110
112
113
113
113
115
116
116
118
120
120
121
122
123
123
123
124
126
126
126
126
127
127
131
132
133
133
134
134
134
134
136
136
136
138
139
140
142
143
143
144
144
146
147
147
148
149
151
152
154
154
155
157
157
159
159
160
160
160
162
162
162
163
164
164
164
166
166
167
167
170
170
170
170
170
171
173
173
175
176
178
178
180
180
182
183
184
184
187
188
191
191
191
192
192
193
193
194
196
197
198
199
199
200
202
205
208
210
212
212
212
213
214
214
215
215
216
216
218
218
219
220
221
222
222
224
224
224
225
225
226
226
227
228
229
229
230
230
230
232
233
234
236
237
243
243
243
244
246
246
247
247
248
249
250
255
257
258
260
261
262
264
265
267
268
271
272
272
272
274
275
277
277
279
282
283
283
284
288
289
291
292
293
294
294
295
296
296
297
297
298
298
298
299
299
300
303
304
305
306
307
308
309
310
312
315
316
316
317
318
318
318
319
320
320
320
321
322
325
326
327
327
328
330
331
331
332
333
334
336
337
337
337
337
337
337
337
338
340
340
343
345
345
346
346
346
347
350
351
352
355
357
360
360
360
364
364
368
368
369
369
370
371
372
374
374
376
377
379
379
381
381
383
384
385
387
387
388
388
389
389
391
393
394
396
397
398
398
399
402
402
402
403
403
404
404
406
407
409
411
411
412
412
414
414
415
415
416
416
417
418
418
419
420
421
422
424
424
424
424
424
427
427
428
429
429
431
431
431
432
433
434
434
435
435
436
436
438
438
439
439
440
440
440
440
441
442
442
442
443
443
444
446
446
446
446
449
449
449
450
451
452
452
453
453
454
454
456
458
458
458
459
460
464
465
466
466
468
469
470
471
472
473
477
480
483
483
485
486
489
491
491
491
493
493
495
496
500
500
501
502
503
503
503
504
505
506
506
507
510
510
511
511
513
513
513
513
514
515
516
517
518
518
520
520
521
526
526
528
528
529
530
531
531
531
533
533
533
533
534
535
535
536
537
537
538
538
542
542
543
543
543
544
546
546
546
547
547
547
549
550
550
551
552
552
552
553
554
554
554
555
555
555
556
557
560
560
561
563
563
566
567
568
569
570
570
571
571
575
576
577
578
579
580
583
583
585
585
585
586
587
587
588
589
590
591
592
592
592
592
596
596
597
598
601
601
602
602
602
603
604
605
605
606
608
609
610
610
610
611
613
613
615
615
615
617
617
618
620
621
622
622
622
623
624
624
624
624
625
625
625
625
625
626
627
628
629
631
632
632
632
635
636
637
637
638
639
642
642
643
645
646
646
648
648
648
648
650
650
653
654
655
656
657
657
657
659
661
661
662
663
663
665
666
668
668
669
669
671
672
674
674
675
677
678
678
680
681
685
686
686
687
688
688
690
690
691
692
693
693
695
695
696
696
697
697
698
702
704
704
704
704
706
706
707
709
710
711
714
714
715
715
715
715
715
716
717
718
719
719
719
720
721
723
726
726
727
728
731
733
733
734
735
735
735
736
737
739
741
741
742
743
744
746
746
750
750
751
751
753
755
756
761
761
761
762
764
766
766
766
766
766
766
769
769
770
770
771
774
775
775
776
777
779
779
779
780
780
782
784
784
785
786
787
787
788
788
791
791
792
792
795
795
796
796
799
800
803
805
805
806
807
809
810
810
811
814
816
817
817
818
823
824
824
825
826
826
827
828
829
830
830
831
833
833
835
835
838
839
839
841
841
842
842
843
844
844
846
846
847
853
856
857
858
861
861
862
862
862
865
867
869
869
870
870
871
873
873
876
876
877
878
878
879
881
881
881
882
882
882
883
884
885
885
887
887
887
887
888
888
889
894
896
897
898
900
900
900
900
901
902
902
903
903
905
907
907
907
908
909
910
910
912
912
912
913
915
916
917
918
919
919
919
920
920
923
924
925
925
926
929
929
929
930
930
931
932
933
934
935
936
936
939
939
940
941
941
942
945
946
947
947
947
949
949
951
951
952
953
955
956
956
956
958
959
959
961
961
963
964
968
971
971
972
973
973
974
975
975
977
977
977
977
978
979
980
981
981
983
984
984
984
985
986
986
987
988
989
991
992
994
995
995
996
997
998
1000
1001
1001
1002
1004
1007
1007
1009
1010
1011
1012
1013
1016
1016
1017
1018
1019
1019
1019
1020
1021
1021
1021
1025
1025
1025
1025
1026
1027
1028
1031
1032
1032
1032
1033
1034
1034
1034
1034
1035
1036
1037
1037
1038
1040
1041
1041
1041
1047
1048
1049
1051
1051
1052
1052
1052
1053
1055
1056
1058
1058
1060
1062
1063
1063
1064
1068
1068
1072
1073
1073
1076
1076
1078
1078
1079
1080
1080
1081
1082
1084
1085
1086
1086
1087
1087
1090
1090
1091
1091
1092
1094
1094
1097
1100
1100
1102
1102
1104
1105
1108
1108
1109
1109
1109
1109
1112
1113
1114
1114
1116
1116
1118
1118
1118
1119
1119
1119
1120
1120
1121
1122
1126
1127
1128
1129
1129
1130
1130
1131
1132
1133
1133
1134
1135
1136
1138
1139
1140
1142
1142
1144
1144
1145
1146
1146
1146
1147
1147
1147
1148
1149
1149
1150
1150
1152
1152
1155
1156
1157
1159
1160
1161
1161
1162
1163
1163
1164
1164
1164
1165
1169
1169
1172
1173
1175
1175
1176
1179
1180
1181
1184
1185
1185
1185
1186
1187
1188
1188
1188
1189
1189
1189
1194
1195
1201
1202
1203
1204
1204
1205
1205
1206
1207
1208
1210
1211
1211
1213
1213
1214
1216
1216
1216
1216
1217
1218
1219
1221
1221
1221
1222
1222
1222
1223
1225
1225
1229
1229
1229
1232
1232
1234
1234
1235
1237
1238
1239
1240
1240
1240
1242
1244
1244
1247
1248
1252
1252
1253
1253
1254
1254
1259
1260
1262
1263
1264
1265
1265
1267
1267
1269
1270
1271
1272
1272
1273
1274
1274
1275
1275
1276
1277
1277
1279
1279
1280
1283
1285
1285
1286
1288
1289
1289
1291
1291
1292
1292
1295
1295
1295
1295
1295
1296
1297
1297
1299
1299
1299
1302
1304
1305
1307
1308
1309
1309
1309
1310
1311
1311
1312
1313
1314
1314
1315
1315
1315
1317
1318
1320
1323
1323
1325
1326
1326
1327
1329
1330
1331
1331
1332
1333
1336
1337
1338
1338
1338
1340
1343
1347
1348
1349
1350
1351
1351
1352
1353
1356
1356
1359
1359
1359
1361
1363
1363
1363
1364
1368
1369
1369
1369
1369
1369
1370
1371
1373
1375
1376
1377
1378
1379
1380
1384
1384
1385
1385
1386
1388
1388
1389
1389
1391
1391
1394
1395
1397
1399
1401
1401
1402
1403
1403
1404
1405
1406
1410
1411
1412
1412
1412
1415
1415
1415
1416
1416
1416
1417
1417
1417
1418
1418
1418
1420
1420
1421
1422
1423
1423
1424
1424
1424
1424
1427
1429
1429
1431
1431
1431
1431
1431
1432
1432
1432
1432
1434
1434
1435
1435
1436
1437
1437
1438
1438
1439
1440
1442
1444
1444
1445
1447
1448
1449
1450
1452
1452
1452
1452
1455
1455
1458
1459
1460
1468
1468
1469
1470
1470
1471
1471
1473
1474
1475
1481
1482
1482
1484
1484
1485
1485
1485
1488
1488
1489
1489
1490
1491
1492
1493
1493
1495
1495
1496
1497
1499
1502
1503
1505
1506
1507
1507
1508
1509
1509
1509
1509
1509
1510
1510
1511
1511
1511
1511
1513
1513
1516
1516
1517
1520
1520
1520
1521
1521
1521
1521
1523
1524
1525
1526
1526
1527
1529
1532
1532
1533
1535
1536
1537
1538
1538
1540
1540
1540
1541
1544
1548
1548
1548
1549
1550
1550
1551
1553
1554
1555
1556
1558
1559
1561
1561
1561
1562
1564
1572
1572
1574
1575
1575
1575
1579
1579
1581
1581
1581
1582
1582
1583
1584
1585
1585
1585
1585
1585
1588
1588
1588
1591
1591
1593
1593
1593
1593
1594
1595
1596
1597
1598
1598
1600
1600
1600
1600
1602
1604
1604
1604
1605
1607
1608
1609
1610
1612
1613
1613
1613
1613
1613
1613
1613
1615
1616
1619
1619
1621
1621
1621
1622
1623
1623
1624
1625
1626
1626
1626
1629
1630
1631
1633
1633
1633
1634
1634
1635
1635
1636
1637
1638
1638
1641
1643
1645
1646
1647
1649
1654
1655
1656
1656
1658
1659
1661
1663
1663
1665
1665
1665
1669
1671
1671
1671
1672
1672
1673
1674
1675
1675
1676
1678
1678
1678
1681
1682
1683
1685
1687
1688
1688
1690
1690
1690
1693
1695
1695
1697
1698
1699
1699
1702
1702
1702
1703
1704
1705
1705
1706
1706
1707
1708
1709
1710
1710
1711
1715
1715
1718
1718
1719
1722
1722
1724
1724
1724
1725
1725
1727
1727
1729
1730
1730
1731
1731
1731
1731
1731
1732
1735
1736
1736
1738
1739
1739
1740
1741
1742
1743
1744
1745
1747
1750
1751
1752
1752
1752
1755
1756
1756
1758
1758
1760
1761
1761
1761
1762
1763
1763
1763
1765
1766
1766
1770
1770
1772
1772
1772
1774
1774
1775
1776
1776
1777
1778
1779
1780
1781
1782
1785
1786
1786
1787
1787
1788
1789
1790
1790
1792
1792
1793
1796
1797
1800
1802
1803
1803
1804
1805
1805
1805
1806
1808
1810
1812
1813
1814
1815
1816
1816
1817
1817
1818
1819
1819
1821
1821
1822
1823
1823
1827
1827
1828
1828
1832
1834
1835
1836
1836
1838
1840
1840
1841
1841
1842
1844
1846
1846
1847
1847
1848
1848
1849
1851
1852
1852
1853
1854
1854
1856
1859
1859
1862
1863
1866
1866
1867
1868
1869
1870
1870
1871
1872
1873
1874
1874
1874
1875
1876
1876
1878
1879
1884
1885
1886
1887
1887
1888
1889
1892
1894
1894
1895
1895
1895
1899
1900
1901
1901
1903
1903
1904
1905
1905
1905
1906
1906
1906
1907
1908
1908
1909
1909
1912
1913
1916
1916
1918
1918
1919
1920
1921
1921
1921
1921
1922
1923
1923
1924
1925
1926
1927
1928
1932
1933
1934
1935
1935
1937
1939
1940
1940
1940
1940
1944
1944
1945
1947
1949
1952
1953
1954
1955
1956
1957
1958
1959
1959
1960
1962
1964
1965
1966
1966
1970
1971
1972
1973
1973
1973
1974
1974
1975
1978
1978
1980
1980
1981
1981
1982
1983
1984
1984
1985
1985
1986
1987
1989
1989
1990
1990
1991
1992
1992
1993
1994
1996
1996
1996
1999
2000
2001
2003
2003
2004
2004
2005
2007
2007
2007
2009
2010
2012
2014
2014
2017
2018
2018
2019
2022
2022
2022
2022
2023
2023
2023
2025
2025
2027
2028
2030
2031
2032
2033
2034
2034
2034
2034
2035
2035
2035
2036
2036
2038
2038
2038
2039
2039
2040
2040
2041
2043
2043
2045
2046
2047
2049
2049
2050
2050
2051
2052
2052
2053
2053
2053
2053
2056
2057
2058
2058
2059
2059
2060
2060
2060
2062
2064
2065
2065
2066
2066
2068
2069
2070
2070
2070
2072
2072
2073
2073
2074
2074
2074
2074
2075
2079
2080
2080
2083
2083
2087
2087
2090
2090
2092
2093
2094
2095
2095
2097
2098
2099
2102
2103
2103
2104
2105
2107
2107
2108
2109
2110
2110
2112
2112
2112
2112
2113
2113
2113
2115
2116
2116
2117
2119
2122
2123
2125
2126
2127
2128
2128
2129
2129
2129
2129
2130
2130
2130
2132
2134
2134
2136
2137
2138
2139
2140
2140
2141
2143
2146
2147
2148
2149
2150
2151
2152
2155
2156
2159
2159
2160
2160
2160
2161
2161
2162
2165
2166
2169
2170
2172
2173
2174
2175
2176
2177
2177
2178
2179
2181
2182
2182
2184
2184
2184
2184
2186
2187
2188
2189
2191
2192
2194
2195
2195
2197
2199
2199
2200
2200
2200
2200
2201
2202
2203
2203
2204
2205
2207
2208
2209
2209
2210
2210
2211
2211
2212
2212
2212
2213
2214
2214
2215
2215
2219
2220
2225
2225
2226
2226
2227
2230
2232
2232
2233
2234
2234
2235
2235
2237
2237
2239
2242
2243
2244
2244
2245
2246
2250
2250
2250
2251
2251
2251
2252
2252
2254
2255
2255
2256
2256
2257
2257
2261
2262
2262
2264
2265
2265
2265
2265
2265
2266
2266
2266
2266
2267
2268
2270
2272
2272
2276
2276
2276
2277
2278
2279
2281
2282
2282
2283
2284
2284
2285
2285
2288
2290
2292
2294
2297
2300
2301
2304
2307
2308
2308
2309
2310
2310
2311
2311
2312
2314
2316
2318
2319
2320
2320
2323
2324
2325
2326
2328
2329
2329
2330
2330
2332
2333
2334
2335
2335
2336
2336
2337
2337
2338
2338
2341
2342
2342
2342
2344
2345
2345
2348
2348
2352
2353
2354
2355
2355
2355
2357
2357
2357
2357
2358
2359
2363
2364
2366
2366
2367
2368
2369
2369
2370
2371
2371
2372
2372
2372
2374
2374
2375
2379
2379
2379
2380
2380
2381
2382
2383
2387
2387
2388
2388
2390
2390
2392
2392
2392
2393
2393
2394
2394
2395
2400
2404
2404
2404
2405
2406
2406
2407
2408
2409
2410
2411
2413
2414
2416
2416
2417
2418
2419
2420
2421
2424
2424
2425
2426
2426
2428
2429
2429
2429
2431
2431
2433
2433
2434
2434
2434
2437
2437
2437
2438
2441
2442
2442
2443
2443
2443
2445
2446
2448
2452
2459
2459
2460
2461
2461
2462
2462
2464
2464
2465
2471
2472
2475
2477
2479
2480
2480
2482
2486
2486
2486
2487
2488
2488
2488
2489
2490
2492
2494
2494
2495
2496
2497
2498
2498
2499
2499
2501
2502
2503
2505
2505
2505
2506
2506
2507
2509
2511
2513
2517
2517
2520
2522
2524
2526
2527
2527
2528
2529
2530
2531
2532
2535
2535
2537
2537
2538
2541
2541
2542
2543
2543
2543
2544
2544
2544
2547
2548
2548
2550
2551
2551
2551
2551
2552
2559
2559
2561
2561
2562
2562
2562
2564
2566
2567
2567
2568
2570
2570
2570
2573
2574
2575
2575
2575
2578
2578
2579
2581
2581
2582
2582
2583
2586
2588
2591
2591
2591
2593
2594
2594
2594
2595
2595
2596
2596
2596
2597
2598
2598
2599
2600
2601
2602
2603
2605
2607
2610
2610
2612
2614
2615
2622
2623
2624
2625
2626
2627
2627
2628
2629
2629
2629
2632
2636
2637
2638
2638
2641
2641
2643
2643
2644
2645
2646
2647
2647
2648
2648
2649
2649
2652
2654
2654
2654
2655
2655
2655
2657
2657
2657
2658
2658
2659
2661
2663
2663
2666
2668
2669
2670
2670
2670
2672
2672
2672
2675
2676
2676
2676
2677
2678
2679
2679
2679
2680
2680
2681
2683
2684
2684
2685
2686
2686
2687
2687
2689
2691
2692
2693
2694
2695
2699
2703
2704
2705
2705
2706
2707
2709
2709
2712
2712
2715
2715
2716
2716
2718
2718
2721
2721
2723
2723
2723
2725
2726
2726
2726
2726
2726
2730
2730
2732
2732
2732
2733
2733
2736
2738
2739
2742
2742
2742
2743
2744
2746
2747
2747
2748
2748
2749
2749
2750
2750
2750
2751
2752
2753
2754
2756
2756
2757
2758
2758
2760
2761
2761
2761
2762
2762
2764
2765
2766
2771
2773
2773
2773
2774
2777
2777
2778
2779
2780
2780
2785
2786
2787
2789
2789
2790
2791
2791
2791
2792
2792
2793
2794
2794
2794
2795
2795
2796
2796
2797
2798
2799
2799
2800
2800
2800
2801
2801
2803
2804
2804
2805
2807
2807
2810
2811
2811
2811
2812
2814
2815
2816
2820
2820
2821
2821
2823
2824
2825
2826
2826
2828
2828
2830
2832
2833
2834
2835
2836
2836
2837
2837
2838
2838
2839
2840
2845
2848
2848
2849
2849
2850
2850
2851
2851
2852
2852
2853
2853
2856
2858
2860
2862
2864
2864
2865
2868
2870
2871
2871
2872
2872
2872
2875
2876
2876
2877
2877
2879
2880
2882
2882
2883
2887
2888
2891
2894
2894
2895
2898
2899
2900
2902
2902
2903
2903
2906
2907
2908
2913
2914
2916
2916
2916
2916
2918
2918
2918
2919
2919
2920
2924
2925
2925
2925
2926
2928
2929
2932
2933
2933
2934
2935
2935
2935
2935
2937
2938
2938
2941
2941
2941
2941
2942
2942
2942
2943
2946
2946
2946
2947
2948
2948
2948
2950
2951
2951
2952
2953
2953
2954
2954
2957
2958
2959
2959
2961
2964
2964
2964
2966
2967
2968
2968
2970
2971
2971
2973
2973
2976
2980
2980
2983
2984
2985
2985
2986
2988
2990
2990
2993
2993
2995
2995
2996
2998
3000
3002
3002
3003
3004
3004
3005
3007
3007
3007
3009
3010
3010
3010
3011
3014
3014
3014
3015
3016
3016
3018
3018
3022
3023
3024
3027
3029
3030
3030
3030
3032
3033
3034
3034
3034
3034
3035
3035
3035
3036
3036
3038
3038
3040
3041
3042
3042
3044
3049
3050
3051
3051
3051
3052
3055
3056
3057
3057
3057
3057
3058
3059
3060
3061
3062
3062
3062
3062
3063
3063
3063
3064
3064
3064
3064
3065
3065
3065
3066
3066
3067
3067
3069
3072
3072
3073
3073
3074
3074
3075
3075
3076
3077
3078
3080
3082
3084
3086
3089
3090
3091
3093
3095
3096
3098
3098
3098
3099
3099
3105
3105
3107
3107
3107
3107
3109
3115
3115
3116
3116
3117
3121
3121
3121
3124
3125
3125
3125
3127
3127
3128
3133
3133
3133
3134
3134
3135
3138
3139
3139
3140
3141
3144
3144
3145
3146
3146
3146
3148
3148
3149
3150
3150
3151
3151
3152
3153
3154
3157
3157
3159
3163
3163
3163
3164
3166
3166
3167
3167
3168
3170
3170
3170
3170
3171
3171
3174
3174
3176
3177
3178
3180
3184
3184
3184
3186
3186
3188
3189
3190
3191
3192
3192
3193
3194
3195
3200
3201
3206
3206
3206
3207
3207
3208
3209
3209
3211
3213
3214
3215
3218
3219
3221
3222
3223
3223
3224
3226
3226
3226
3228
3228
3229
3232
3232
3232
3232
3238
3238
3239
3239
3241
3241
3242
3242
3242
3242
3243
3244
3245
3245
3246
3247
3247
3250
3251
3251
3252
3252
3253
3256
3257
3257
3258
3259
3259
3263
3266
3267
3267
3268
3270
3272
3272
3272
3273
3273
3274
3275
3276
3276
3277
3278
3279
3281
3282
3286
3287
3287
3287
3287
3288
3290
3291
3293
3293
3294
3297
3297
3298
3299
3299
3299
3301
3301
3303
3304
3305
3305
3305
3306
3307
3308
3310
3310
3312
3313
3313
3315
3316
3317
3318
3319
3320
3321
3323
3323
3326
3327
3327
3328
3329
3330
3330
3332
3335
3336
3337
3337
3338
3338
3339
3340
3341
3342
3343
3343
3343
3344
3345
3347
3348
3348
3349
3349
3349
3351
3351
3353
3355
3355
3357
3357
3358
3359
3359
3360
3360
3360
3362
3362
3365
3365
3366
3366
3367
3368
3370
3370
3372
3373
3373
3375
3376
3378
3379
3379
3380
3380
3380
3381
3382
3382
3382
3382
3382
3383
3384
3384
3384
3385
3385
3386
3387
3388
3388
3389
3390
3390
3391
3391
3392
3393
3393
3396
3399
3399
3401
3403
3403
3405
3405
3406
3408
3408
3409
3409
3411
3411
3412
3413
3413
3413
3414
3414
3414
3417
3417
3417
3421
3421
3422
3423
3423
3426
3426
3429
3432
3433
3433
3434
3434
3434
3434
3437
3440
3440
3440
3440
3441
3442
3442
3444
3444
3445
3447
3447
3450
3450
3451
3453
3454
3454
3455
3456
3456
3457
3460
3462
3462
3464
3467
3468
3468
3469
3470
3470
3470
3471
3472
3472
3473
3474
3475
3475
3477
3477
3478
3479
3481
3482
3482
3483
3484
3486
3487
3487
3488
3490
3491
3493
3494
3497
3497
3498
3499
3501
3501
3502
3502
3503
3505
3505
3505
3506
3509
3509
3510
3512
3513
3514
3516
3517
3517
3518
3519
3520
3521
3523
3523
3524
3524
3525
3525
3526
3527
3527
3527
3529
3531
3531
3536
3536
3536
3540
3540
3541
3544
3547
3547
3548
3548
3548
3549
3550
3552
3553
3553
3554
3556
3557
3558
3558
3559
3559
3560
3560
3561
3561
3561
3562
3564
3564
3564
3565
3565
3565
3565
3569
3569
3570
3570
3570
3572
3572
3573
3573
3575
3576
3578
3580
3580
3581
3583
3583
3587
3588
3588
3588
3589
3591
3592
3592
3593
3593
3593
3595
3596
3597
3598
3599
3599
3599
3600
3602
3603
3604
3604
3605
3606
3607
3607
3609
3612
3613
3613
3613
3615
3617
3617
3617
3617
3618
3618
3618
3619
3622
3623
3624
3624
3625
3626
3627
3631
3631
3631
3633
3634
3635
3637
3638
3638
3639
3639
3640
3643
3644
3646
3646
3647
3647
3648
3648
3648
3648
3648
3649
3650
3653
3653
3654
3654
3655
3655
3656
3659
3659
3660
3660
3660
3661
3663
3663
3664
3665
3669
3669
3669
3669
3674
3677
3677
3679
3680
3680
3680
3681
3684
3684
3687
3688
3690
3691
3691
3691
3692
3693
3698
3700
3700
3702
3703
3703
3705
3705
3708
3709
3709
3709
3709
3710
3710
3712
3712
3713
3713
3713
3714
3714
3715
3716
3717
3718
3718
3718
3721
3722
3723
3725
3726
3728
3729
3729
3729
3730
3733
3733
3734
3735
3737
3738
3742
3742
3743
3745
3746
3746
3747
3747
3748
3750
3751
3751
3751
3752
3752
3754
3756
3756
3756
3757
3760
3760
3761
3761
3762
3763
3765
3766
3767
3767
3767
3768
3768
3769
3770
3771
3771
3772
3774
3774
3775
3775
3777
3777
3780
3780
3780
3781
3781
3781
3782
3782
3783
3784
3784
3786
3786
3786
3789
3789
3790
3790
3791
3791
3793
3793
3796
3797
3798
3798
3800
3801
3803
3803
3803
3804
3806
3806
3806
3807
3808
3810
3811
3811
3811
3812
3813
3814
3816
3817
3817
3819
3819
3821
3822
3824
3825
3825
3827
3827
3827
3828
3828
3829
3830
3831
3834
3836
3836
3838
3839
3841
3842
3843
3844
3844
3845
3846
3846
3846
3847
3848
3848
3849
3850
3851
3852
3853
3854
3854
3855
3855
3856
3858
3859
3860
3862
3865
3866
3866
3869
3869
3869
3871
3871
3872
3873
3874
3875
3875
3876
3876
3879
3879
3880
3880
3881
3881
3881
3883
3885
3886
3887
3888
3888
3888
3891
3893
3895
3895
3895
3896
3898
3899
3899
3900
3900
3901
3901
3902
3903
3904
3904
3906
3906
3907
3908
3908
3908
3909
3911
3912
3913
3913
3915
3916
3916
3918
3918
3919
3919
3920
3920
3922
3922
3923
3923
3926
3926
3927
3928
3928
3928
3928
3928
3929
3932
3934
3935
3936
3937
3939
3939
3940
3941
3941
3941
3942
3942
3943
3943
3944
3944
3944
3946
3949
3949
3949
3950
3950
3951
3954
3954
3955
3955
3957
3958
3959
3960
3963
3963
3965
3966
3966
3967
3968
3968
3969
3970
3973
3976
3978
3978
3981
3982
3984
3985
3986
3987
3988
3988
3988
3988
3989
3990
3991
3991
3992
3993
3993
3993
3994
3996
3998
4000
4000
4000
4000
4000
4000
4002
4002
4003
4003
4005
4008
4009
4011
4015
4015
4015
4016
4016
4018
4018
4018
4019
4022
4024
4025
4025
4026
4026
4028
4028
4029
4029
4029
4029
4030
4036
4040
4042
4044
4044
4044
4045
4047
4048
4049
4051
4051
4052
4053
4056
4056
4056
4057
4060
4061
4062
4063
4065
4066
4067
4068
4072
4072
4073
4073
4074
4075
4075
4075
4077
4078
4082
4083
4083
4087
4087
4087
4087
4088
4088
4090
4091
4093
4093
4095
4095
4096
4097
4097
4098
4099
4100
4100
4100
4101
4101
4102
4104
4105
4105
4106
4107
4107
4108
4109
4110
4111
4112
4114
4116
4116
4116
4116
4118
4118
4118
4118
4118
4119
4119
4119
4120
4121
4121
4122
4122
4123
4124
4127
4128
4131
4131
4133
4133
4134
4135
4136
4137
4140
4140
4141
4142
4145
4146
4147
4148
4149
4150
4151
4151
4154
4156
4156
4156
4157
4158
4158
4161
4161
4161
4164
4165
4167
4169
4169
4170
4171
4172
4174
4174
4176
4176
4177
4177
4179
4180
4180
4185
4185
4185
4186
4187
4187
4189
4190
4192
4193
4193
4194
4195
4196
4196
4196
4198
4198
4199
4199
4199
4200
4200
4200
4201
4202
4203
4204
4204
4204
4206
4206
4207
4208
4208
4209
4209
4209
4210
4210
4210
4210
4210
4211
4211
4213
4216
4217
4219
4219
4220
4222
4223
4226
4227
4227
4228
4229
4229
4229
4230
4230
4233
4234
4234
4234
4239
4239
4240
4241
4242
4245
4246
4246
4247
4247
4248
4249
4250
4250
4250
4250
4252
4252
4253
4253
4253
4253
4255
4255
4255
4258
4259
4259
4259
4260
4260
4261
4261
4261
4262
4262
4263
4264
4264
4265
4267
4267
4268
4271
4274
4274
4274
4274
4275
4275
4275
4275
4275
4275
4275
4276
4277
4277
4279
4280
4282
4282
4284
4286
4286
4288
4291
4291
4293
4293
4294
4295
4295
4295
4295
4298
4301
4305
4306
4306
4308
4309
4309
4311
4312
4312
4313
4313
4314
4315
4318
4319
4319
4320
4320
4320
4321
4322
4323
4323
4323
4323
4323
4324
4325
4325
4326
4327
4328
4329
4331
4336
4339
4339
4341
4341
4341
4343
4345
4345
4345
4346
4348
4348
4348
4348
4349
4351
4351
4353
4354
4355
4355
4355
4355
4356
4361
4361
4362
4362
4363
4363
4365
4366
4368
4368
4372
4373
4373
4374
4374
4374
4376
4376
4376
4377
4377
4377
4379
4379
4380
4381
4382
4383
4387
4387
4388
4388
4388
4390
4390
4390
4391
4393
4395
4401
4401
4402
4402
4404
4406
4406
4406
4406
4406
4408
4408
4408
4409
4409
4410
4411
4412
4414
4415
4416
4417
4418
4419
4420
4421
4422
4423
4423
4424
4424
4425
4425
4426
4428
4429
4430
4431
4433
4433
4434
4436
4436
4437
4437
4438
4441
4442
4442
4442
4444
4444
4445
4445
4445
4446
4447
4448
4448
4448
4448
4451
4452
4453
4453
4455
4455
4455
4455
4456
4458
4459
4460
4460
4460
4460
4461
4462
4462
4462
4462
4464
4465
4465
4465
4465
4465
4468
4468
4469
4470
4470
4470
4473
4476
4477
4478
4479
4480
4480
4483
4484
4484
4485
4485
4487
4489
4489
4492
4493
4493
4495
4495
4496
4496
4496
4499
4499
4499
4500
4501
4502
4504
4504
4505
4505
4506
4507
4507
4507
4510
4512
4513
4515
4515
4516
4519
4522
4522
4524
4524
4524
4526
4527
4530
4531
4531
4531
4532
4534
4534
4536
4539
4540
4541
4542
4543
4544
4545
4548
4548
4549
4549
4550
4551
4553
4553
4553
4554
4556
4556
4556
4558
4559
4559
4560
4560
4563
4564
4564
4564
4564
4565
4566
4567
4567
4568
4570
4571
4572
4573
4573
4575
4576
4578
4579
4580
4581
4585
4587
4587
4590
4592
4592
4594
4594
4597
4598
4601
4601
4602
4604
4605
4605
4607
4608
4610
4610
4612
4612
4613
4613
4613
4613
4613
4615
4615
4615
4615
4617
4618
4618
4621
4624
4624
4625
4626
4626
4628
4630
4630
4630
4631
4633
4633
4634
4635
4635
4635
4636
4636
4637
4637
4637
4638
4639
4643
4643
4645
4645
4647
4647
4648
4650
4651
4651
4652
4653
4654
4654
4657
4658
4659
4660
4661
4663
4664
4664
4665
4666
4669
4669
4671
4671
4672
4672
4673
4673
4674
4674
4674
4675
4675
4675
4675
4677
4678
4680
4681
4684
4685
4685
4686
4686
4686
4695
4698
4700
4705
4707
4708
4709
4710
4712
4715
4717
4719
4720
4720
4722
4723
4723
4724
4726
4726
4728
4728
4728
4731
4732
4732
4733
4734
4737
4738
4738
4738
4739
4740
4740
4740
4741
4746
4746
4746
4747
4748
4750
4751
4753
4754
4755
4756
4757
4758
4758
4758
4763
4764
4764
4767
4769
4770
4770
4772
4773
4774
4774
4776
4776
4777
4781
4782
4785
4785
4787
4789
4791
4793
4793
4794
4795
4796
4797
4799
4800
4801
4802
4803
4804
4806
4811
4813
4813
4813
4813
4814
4815
4815
4816
4816
4819
4820
4821
4821
4822
4822
4823
4823
4824
4825
4827
4828
4829
4830
4832
4834
4834
4837
4837
4837
4838
4839
4840
4841
4843
4844
4844
4844
4846
4847
4850
4850
4852
4852
4853
4856
4856
4857
4857
4858
4858
4859
4860
4860
4860
4860
4861
4862
4863
4863
4864
4865
4866
4867
4868
4870
4872
4873
4873
4873
4874
4875
4879
4881
4881
4881
4882
4882
4885
4886
4891
4892
4893
4893
4893
4894
4894
4895
4896
4896
4896
4899
4900
4901
4902
4902
4903
4903
4903
4904
4904
4905
4906
4909
4909
4909
4910
4912
4913
4914
4916
4917
4917
4918
4918
4918
4919
4920
4920
4921
4921
4922
4924
4924
4924
4925
4927
4927
4928
4929
4930
4930
4930
4931
4934
4935
4936
4937
4940
4941
4942
4947
4949
4950
4950
4951
4952
4952
4953
4953
4953
4954
4956
4957
4958
4958
4959
4960
4960
4964
4964
4964
4965
4966
4967
4968
4968
4973
4973
4974
4975
4977
4977
4978
4982
4982
4984
4984
4984
4985
4985
4985
4985
4986
4987
4988
4988
4989
4993
4995
4995
4995
4996
4997
4998
5001
5002
5002
5003
5003
5004
5006
5006
5006
5007
5007
5007
5008
5008
5011
5011
5012
5012
5013
5014
5014
5016
5016
5017
5019
5020
5020
5020
5021
5021
5021
5024
5024
5024
5026
5028
5029
5029
5029
5030
5030
5030
5031
5031
5034
5036
5037
5040
5041
5042
5042
5044
5044
5044
5045
5048
5049
5049
5050
5051
5051
5052
5053
5054
5054
5055
5055
5057
5058
5058
5058
5059
5060
5060
5064
5064
5065
5065
5065
5066
5066
5066
5067
5067
5068
5072
5073
5073
5076
5076
5076
5076
5077
5077
5078
5078
5079
5079
5080
5081
5082
5083
5084
5087
5087
5087
5088
5088
5089
5090
5090
5090
5091
5093
5094
5097
5098
5099
5101
5103
5103
5103
5104
5104
5104
5104
5107
5108
5109
5109
5110
5111
5112
5112
5113
5114
5115
5117
5119
5119
5119
5119
5119
5120
5122
5122
5122
5123
5123
5124
5125
5128
5128
5131
5131
5132
5133
5134
5134
5135
5135
5135
5136
5137
5139
5139
5140
5140
5141
5142
5143
5144
5144
5145
5148
5150
5150
5150
5152
5153
5156
5157
5157
5158
5158
5160
5162
5163
5164
5165
5166
5172
5173
5174
5175
5175
5176
5176
5177
5177
5177
5180
5181
5183
5183
5184
5186
5187
5191
5193
5194
5196
5197
5197
5198
5198
5203
5203
5203
5204
5206
5206
5207
5208
5210
5211
5213
5213
5213
5217
5217
5221
5221
5222
5222
5222
5222
5224
5225
5226
5226
5228
5233
5234
5235
5239
5239
5240
5240
5245
5245
5246
5250
5251
5251
5251
5256
5257
5257
5258
5258
5259
5259
5261
5262
5262
5263
5265
5265
5266
5267
5268
5269
5269
5269
5269
5270
5271
5272
5273
5275
5276
5276
5279
5280
5282
5283
5284
5285
5286
5289
5290
5291
5292
5295
5295
5296
5297
5298
5299
5300
5300
5301
5303
5303
5304
5305
5306
5310
5311
5312
5314
5315
5315
5320
5321
5321
5322
5324
5325
5327
5327
5328
5328
5328
5332
5333
5333
5334
5335
5336
5339
5339
5339
5340
5341
5341
5343
5343
5344
5345
5350
5350
5352
5352
5352
5356
5356
5357
5357
5359
5359
5361
5361
5363
5364
5364
5365
5366
5367
5369
5369
5370
5371
5371
5373
5374
5374
5376
5376
5379
5379
5380
5381
5382
5382
5383
5383
5384
5385
5386
5386
5388
5390
5390
5391
5391
5392
5393
5394
5396
5397
5397
5397
5398
5398
5399
5402
5403
5403
5403
5404
5404
5405
5407
5408
5409
5412
5413
5414
5414
5415
5421
5422
5422
5423
5423
5424
5425
5428
5430
5431
5431
5432
5433
5434
5434
5434
5434
5435
5435
5436
5439
5443
5446
5447
5447
5448
5451
5454
5456
5459
5462
5463
5463
5464
5464
5464
5465
5465
5468
5468
5469
5469
5469
5472
5472
5473
5473
5473
5474
5474
5475
5475
5476
5477
5479
5480
5481
5481
5482
5483
5485
5488
5488
5489
5490
5490
5491
5492
5492
5497
5497
5497
5498
5498
5499
5499
5499
5503
5505
5506
5509
5509
5509
5510
5510
5510
5513
5513
5513
5514
5514
5514
5515
5515
5518
5520
5521
5522
5522
5524
5524
5526
5526
5529
5531
5531
5532
5532
5534
5534
5535
5536
5536
5537
5540
5540
5541
5542
5547
5548
5548
5548
5548
5550
5551
5552
5552
5554
5555
5556
5556
5556
5556
5556
5559
5563
5566
5568
5568
5569
5570
5570
5571
5571
5572
5572
5572
5573
5574
5574
5574
5575
5576
5576
5576
5577
5582
5585
5586
5587
5587
5588
5588
5588
5588
5591
5591
5593
5594
5595
5595
5596
5596
5596
5599
5599
5600
5600
5601
5601
5602
5602
5602
5603
5603
5605
5608
5608
5609
5611
5611
5612
5612
5614
5615
5618
5618
5618
5619
5620
5621
5621
5622
5623
5623
5625
5625
5626
5626
5628
5629
5630
5631
5632
5635
5635
5636
5636
5637
5637
5638
5638
5639
5640
5641
5642
5642
5642
5642
5643
5644
5644
5645
5645
5647
5647
5647
5647
5647
5648
5648
5648
5649
5650
5652
5653
5654
5655
5660
5661
5664
5664
5664
5665
5667
5669
5670
5671
5671
5672
5674
5677
5678
5679
5681
5681
5682
5683
5683
5687
5688
5689
5689
5690
5691
5691
5691
5693
5695
5696
5701
5701
5704
5705
5706
5707
5708
5709
5710
5710
5711
5711
5713
5714
5715
5716
5716
5719
5720
5721
5722
5724
5727
5727
5727
5731
5732
5732
5733
5733
5734
5735
5736
5738
5739
5740
5741
5742
5746
5747
5748
5748
5748
5750
5753
5753
5753
5754
5754
5756
5757
5759
5759
5762
5765
5768
5769
5770
5771
5772
5773
5774
5774
5775
5776
5778
5778
5779
5781
5781
5782
5785
5785
5786
5786
5787
5787
5787
5788
5789
5790
5790
5791
5791
5792
5792
5795
5797
5797
5797
5798
5799
5800
5801
5801
5802
5803
5803
5804
5806
5807
5808
5808
5808
5809
5812
5814
5815
5815
5816
5817
5818
5820
5821
5821
5822
5822
5823
5823
5826
5826
5827
5827
5827
5827
5828
5830
5830
5830
5831
5831
5832
5833
5833
5833
5834
5835
5836
5837
5839
5841
5842
5843
5843
5843
5843
5843
5844
5844
5844
5846
5847
5847
5849
5850
5851
5851
5852
5854
5855
5855
5855
5856
5856
5856
5857
5858
5858
5859
5860
5862
5862
5863
5863
5864
5864
5865
5865
5866
5868
5871
5871
5872
5873
5873
5873
5874
5875
5875
5876
5876
5877
5878
5878
5879
5883
5884
5884
5885
5885
5886
5886
5891
5892
5892
5894
5894
5896
5897
5898
5899
5900
5900
5901
5901
5902
5903
5906
5906
5906
5908
5908
5908
5909
5910
5911
5911
5913
5915
5916
5918
5920
5924
5924
5925
5925
5926
5928
5929
5931
5932
5932
5933
5934
5935
5936
5938
5939
5942
5943
5943
5945
5945
5947
5947
5947
5948
5950
5950
5950
5950
5954
5954
5955
5956
5957
5959
5960
5962
5962
5963
5964
5964
5965
5967
5968
5968
5968
5969
5970
5971
5971
5972
5972
5973
5974
5975
5976
5979
5980
5981
5983
5983
5983
5984
5990
5991
5991
5991
5991
5992
5993
5994
5995
5996
5997
5998
5998
6000
6001
6004
6004
6009
6010
6013
6015
6016
6019
6023
6027
6027
6029
6030
6030
6031
6032
6033
6034
6036
6036
6037
6037
6037
6038
6038
6041
6042
6044
6045
6045
6046
6048
6048
6049
6050
6052
6053
6054
6055
6056
6057
6058
6059
6059
6060
6060
6062
6062
6064
6064
6065
6066
6067
6069
6070
6071
6073
6074
6077
6077
6077
6079
6080
6080
6081
6082
6083
6083
6084
6086
6087
6087
6088
6089
6089
6090
6092
6092
6092
6094
6095
6096
6097
6099
6099
6100
6101
6101
6101
6101
6102
6102
6102
6102
6103
6104
6104
6104
6105
6105
6107
6108
6110
6110
6110
6111
6111
6111
6113
6113
6117
6117
6118
6118
6118
6119
6119
6119
6122
6123
6123
6124
6124
6126
6127
6128
6128
6129
6129
6130
6131
6132
6132
6133
6133
6134
6134
6135
6135
6137
6140
6140
6141
6141
6141
6142
6144
6145
6146
6146
6146
6147
6147
6147
6150
6151
6151
6151
6152
6153
6154
6154
6154
6155
6157
6157
6161
6161
6161
6162
6164
6165
6167
6169
6169
6171
6171
6172
6173
6175
6176
6178
6178
6179
6179
6179
6179
6181
6181
6182
6186
6187
6190
6190
6191
6192
6193
6194
6195
6196
6198
6199
6199
6199
6200
6201
6202
6203
6204
6204
6206
6209
6209
6210
6210
6211
6212
6212
6214
6214
6214
6214
6214
6215
6216
6216
6216
6217
6219
6220
6221
6221
6222
6222
6222
6222
6222
6222
6223
6223
6226
6227
6228
6230
6231
6233
6233
6234
6234
6235
6235
6235
6236
6238
6241
6242
6242
6243
6244
6246
6246
6250
6251
6252
6252
6252
6253
6253
6256
6256
6258
6259
6259
6262
6262
6264
6267
6267
6268
6268
6268
6270
6271
6272
6274
6274
6274
6275
6277
6279
6283
6286
6286
6288
6289
6289
6289
6291
6291
6292
6292
6293
6294
6294
6295
6295
6299
6299
6302
6304
6306
6306
6307
6309
6309
6311
6313
6313
6313
6317
6317
6317
6317
6318
6319
6320
6320
6322
6322
6322
6322
6322
6324
6325
6328
6328
6328
6328
6329
6330
6330
6332
6332
6333
6333
6334
6334
6335
6339
6339
6340
6341
6344
6344
6345
6345
6346
6346
6348
6349
6349
6349
6350
6352
6352
6352
6353
6355
6355
6355
6357
6359
6360
6360
6360
6362
6363
6364
6366
6368
6369
6372
6372
6374
6374
6374
6376
6377
6379
6380
6380
6381
6383
6383
6383
6384
6384
6386
6389
6390
6391
6393
6394
6395
6397
6398
6399
6399
6400
6400
6402
6404
6404
6406
6407
6410
6410
6410
6411
6412
6412
6413
6414
6418
6418
6419
6419
6419
6420
6420
6420
6421
6422
6423
6425
6427
6427
6428
6429
6429
6429
6430
6431
6431
6431
6432
6434
6434
6434
6434
6436
6436
6436
6437
6437
6440
6443
6443
6443
6443
6443
6444
6444
6444
6445
6446
6446
6448
6449
6449
6452
6452
6452
6452
6454
6454
6454
6459
6459
6459
6460
6461
6462
6462
6464
6465
6465
6465
6466
6468
6468
6469
6471
6472
6474
6474
6475
6478
6478
6479
6480
6481
6481
6481
6484
6484
6486
6486
6486
6486
6488
6488
6490
6491
6491
6493
6494
6495
6496
6496
6498
6498
6499
6499
6500
6500
6502
6502
6503
6504
6506
6507
6509
6510
6510
6511
6513
6516
6516
6517
6517
6520
6521
6521
6522
6522
6526
6527
6527
6528
6529
6529
6529
6530
6532
6534
6536
6536
6536
6538
6538
6539
6542
6542
6542
6546
6547
6549
6551
6553
6554
6560
6564
6565
6565
6566
6566
6566
6567
6568
6569
6570
6570
6572
6572
6573
6574
6575
6582
6583
6583
6583
6587
6590
6591
6591
6591
6592
6593
6595
6596
6596
6597
6599
6601
6605
6606
6607
6607
6609
6609
6610
6611
6611
6616
6616
6617
6618
6618
6619
6620
6621
6622
6622
6623
6623
6627
6627
6628
6628
6630
6631
6631
6633
6635
6638
6640
6640
6642
6642
6644
6644
6644
6644
6648
6649
6651
6652
6659
6660
6660
6660
6661
6662
6665
6665
6667
6668
6668
6669
6669
6671
6673
6675
6675
6675
6677
6677
6681
6682
6683
6685
6685
6685
6685
6685
6686
6686
6687
6688
6688
6690
6690
6691
6691
6691
6692
6693
6696
6696
6697
6698
6698
6699
6699
6701
6702
6703
6703
6704
6706
6708
6709
6709
6713
6714
6714
6715
6715
6716
6718
6719
6721
6722
6724
6724
6724
6724
6728
6728
6729
6729
6729
6731
6731
6732
6732
6732
6734
6737
6738
6739
6741
6742
6742
6744
6744
6746
6749
6751
6752
6752
6752
6753
6754
6754
6754
6756
6756
6756
6757
6759
6759
6760
6761
6763
6763
6765
6766
6766
6768
6768
6770
6773
6775
6776
6776
6777
6777
6777
6779
6780
6780
6782
6783
6784
6785
6785
6786
6787
6788
6789
6789
6791
6792
6792
6793
6793
6794
6795
6797
6798
6800
6801
6802
6803
6804
6805
6806
6806
6807
6808
6810
6810
6810
6811
6811
6813
6814
6815
6817
6817
6819
6820
6822
6823
6823
6824
6825
6826
6827
6828
6828
6828
6829
6829
6830
6830
6830
6830
6831
6831
6832
6833
6834
6834
6835
6835
6835
6836
6836
6837
6837
6839
6839
6840
6840
6841
6842
6843
6845
6847
6852
6852
6852
6852
6852
6853
6856
6856
6858
6858
6859
6861
6863
6865
6867
6867
6867
6868
6870
6870
6871
6871
6876
6876
6876
6877
6877
6877
6880
6881
6883
6884
6886
6886
6887
6887
6888
6888
6889
6891
6891
6892
6893
6893
6894
6895
6895
6895
6896
6897
6898
6900
6900
6900
6902
6902
6904
6904
6904
6904
6907
6907
6907
6907
6908
6909
6910
6910
6910
6910
6912
6912
6913
6913
6915
6916
6916
6917
6920
6921
6922
6922
6924
6924
6924
6924
6924
6927
6927
6930
6932
6932
6932
6933
6934
6935
6935
6936
6937
6938
6941
6941
6941
6943
6945
6945
6948
6952
6952
6953
6954
6955
6956
6956
6958
6958
6959
6961
6962
6964
6964
6964
6964
6965
6965
6966
6966
6967
6969
6969
6972
6972
6974
6974
6975
6975
6976
6977
6977
6978
6979
6979
6981
6981
6981
6983
6983
6984
6987
6987
6988
6989
6991
6993
6995
6997
6999
6999
6999
7000
7001
7002
7003
7004
7006
7007
7009
7011
7011
7012
7012
7012
7013
7014
7014
7014
7015
7015
7016
7019
7020
7020
7021
7022
7022
7023
7024
7026
7026
7027
7028
7028
7029
7030
7032
7033
7036
7036
7039
7041
7041
7042
7043
7046
7047
7048
7050
7050
7051
7052
7053
7053
7054
7055
7055
7057
7058
7059
7059
7060
7061
7062
7063
7063
7064
7065
7065
7068
7068
7068
7069
7070
7072
7072
7073
7074
7074
7076
7076
7079
7080
7080
7080
7081
7081
7082
7082
7082
7083
7083
7084
7084
7085
7085
7086
7088
7090
7091
7093
7094
7095
7096
7097
7098
7098
7099
7100
7101
7101
7103
7103
7104
7105
7105
7106
7107
7107
7109
7110
7110
7112
7114
7115
7116
7116
7117
7118
7118
7119
7121
7121
7122
7123
7124
7125
7125
7125
7127
7130
7131
7131
7134
7134
7135
7137
7138
7138
7139
7139
7141
7141
7143
7147
7148
7148
7149
7149
7150
7153
7155
7157
7157
7158
7160
7161
7162
7166
7167
7168
7168
7168
7169
7171
7172
7173
7173
7174
7174
7175
7176
7179
7179
7180
7180
7182
7183
7185
7185
7186
7187
7187
7188
7189
7189
7192
7193
7193
7193
7194
7195
7195
7195
7195
7197
7198
7200
7203
7204
7207
7208
7208
7211
7212
7214
7215
7216
7216
7217
7218
7219
7221
7223
7223
7224
7225
7226
7229
7230
7233
7235
7236
7236
7238
7238
7239
7242
7244
7246
7248
7249
7249
7250
7251
7252
7253
7254
7254
7254
7254
7256
7257
7257
7258
7258
7259
7262
7263
7264
7264
7264
7266
7266
7267
7267
7267
7267
7270
7271
7272
7272
7272
7273
7274
7274
7275
7276
7276
7277
7277
7277
7277
7279
7280
7282
7285
7285
7291
7294
7294
7295
7297
7298
7298
7299
7299
7299
7300
7300
7300
7300
7300
7300
7301
7301
7301
7302
7303
7305
7305
7305
7306
7306
7306
7309
7311
7311
7314
7315
7315
7316
7317
7318
7319
7319
7319
7320
7321
7322
7322
7322
7324
7327
7328
7330
7330
7330
7331
7332
7333
7334
7334
7337
7340
7341
7343
7343
7344
7344
7344
7347
7348
7348
7348
7348
7349
7350
7350
7351
7353
7354
7354
7356
7357
7357
7357
7358
7359
7359
7361
7363
7364
7365
7365
7366
7366
7366
7367
7367
7368
7368
7370
7370
7372
7372
7373
7374
7375
7376
7377
7378
7378
7381
7381
7382
7382
7382
7383
7383
7384
7385
7386
7387
7387
7388
7389
7391
7393
7393
7393
7395
7396
7397
7401
7401
7403
7405
7407
7407
7407
7408
7409
7409
7410
7411
7412
7412
7414
7414
7416
7416
7416
7416
7419
7419
7420
7421
7422
7422
7423
7423
7424
7424
7425
7427
7428
7428
7428
7433
7433
7435
7435
7436
7439
7440
7440
7441
7442
7444
7445
7447
7448
7448
7449
7451
7457
7457
7458
7459
7460
7460
7461
7463
7463
7463
7463
7464
7466
7468
7469
7470
7471
7473
7474
7476
7476
7479
7480
7481
7481
7482
7482
7483
7484
7486
7486
7486
7487
7487
7487
7490
7490
7491
7492
7494
7495
7495
7496
7497
7500
7500
7501
7501
7501
7503
7504
7505
7506
7508
7509
7510
7514
7515
7515
7516
7518
7520
7520
7520
7521
7521
7521
7523
7525
7528
7530
7530
7530
7531
7534
7534
7535
7535
7536
7537
7538
7540
7541
7541
7542
7543
7545
7548
7548
7549
7549
7551
7551
7553
7553
7554
7555
7555
7555
7555
7556
7557
7558
7561
7563
7564
7566
7568
7569
7569
7570
7571
7571
7571
7573
7573
7573
7573
7574
7575
7576
7576
7576
7576
7577
7578
7578
7578
7579
7579
7580
7582
7585
7586
7587
7587
7588
7591
7592
7594
7595
7596
7597
7598
7598
7599
7600
7602
7603
7605
7605
7605
7606
7608
7608
7608
7609
7609
7610
7610
7613
7614
7614
7615
7615
7615
7618
7618
7618
7619
7620
7623
7623
7625
7627
7627
7628
7629
7630
7630
7634
7634
7635
7636
7636
7640
7642
7643
7644
7645
7645
7646
7647
7648
7648
7648
7651
7651
7653
7655
7656
7658
7658
7659
7659
7660
7663
7665
7666
7666
7669
7669
7669
7670
7671
7671
7673
7673
7673
7674
7675
7675
7677
7678
7680
7681
7681
7681
7682
7685
7688
7688
7689
7690
7690
7690
7692
7694
7694
7694
7695
7697
7697
7698
7700
7701
7704
7706
7706
7706
7707
7708
7709
7709
7714
7715
7715
7716
7717
7718
7718
7718
7718
7720
7722
7722
7723
7724
7724
7724
7725
7725
7726
7727
7729
7731
7731
7731
7732
7732
7732
7733
7734
7735
7736
7738
7738
7739
7741
7745
7745
7746
7748
7749
7749
7749
7749
7750
7752
7753
7755
7755
7756
7757
7758
7758
7759
7762
7763
7763
7764
7766
7768
7770
7770
7771
7772
7774
7774
7775
7775
7777
7777
7779
7779
7779
7781
7781
7781
7783
7784
7786
7787
7788
7788
7788
7788
7789
7792
7793
7794
7797
7797
7802
7802
7803
7805
7807
7808
7808
7808
7809
7811
7811
7812
7816
7816
7818
7819
7820
7821
7822
7823
7824
7825
7827
7835
7835
7841
7841
7842
7844
7845
7846
7846
7847
7848
7849
7851
7852
7852
7852
7853
7853
7859
7860
7861
7862
7864
7868
7868
7869
7869
7869
7869
7870
7873
7873
7874
7876
7876
7876
7877
7877
7878
7878
7881
7882
7886
7886
7887
7888
7889
7891
7892
7894
7895
7897
7897
7897
7897
7897
7897
7898
7902
7902
7903
7905
7906
7906
7907
7907
7912
7913
7914
7915
7918
7919
7921
7921
7925
7925
7930
7932
7932
7934
7934
7936
7936
7936
7937
7940
7941
7945
7947
7948
7948
7949
7950
7955
7955
7957
7957
7959
7959
7960
7961
7962
7963
7963
7963
7964
7965
7967
7968
7969
7970
7970
7973
7973
7973
7975
7975
7975
7975
7977
7977
7978
7979
7980
7980
7981
7983
7983
7985
7986
7986
7992
7993
7994
7995
7995
7997
7998
7998
7998
7999
7999
8000
8000
8002
8003
8003
8004
8005
8005
8008
8008
8008
8010
8011
8011
8012
8012
8012
8014
8014
8016
8017
8020
8020
8022
8022
8022
8024
8025
8028
8029
8029
8029
8029
8031
8031
8034
8035
8035
8036
8037
8039
8041
8041
8042
8042
8042
8042
8044
8044
8044
8045
8045
8046
8047
8047
8048
8049
8049
8051
8051
8052
8053
8053
8054
8054
8054
8054
8054
8055
8055
8056
8059
8060
8062
8062
8064
8065
8065
8066
8067
8069
8071
8071
8071
8072
8073
8074
8075
8077
8077
8077
8078
8079
8080
8080
8080
8081
8087
8088
8089
8089
8092
8094
8095
8097
8097
8097
8098
8099
8101
8101
8103
8104
8104
8105
8106
8108
8109
8111
8112
8112
8113
8115
8115
8116
8117
8118
8121
8121
8123
8123
8124
8125
8127
8128
8128
8128
8129
8132
8132
8133
8134
8134
8134
8134
8137
8137
8137
8138
8138
8139
8139
8140
8141
8142
8142
8142
8145
8146
8146
8146
8147
8147
8149
8150
8151
8151
8152
8152
8154
8154
8154
8155
8155
8156
8158
8158
8158
8159
8165
8166
8168
8169
8170
8172
8174
8174
8174
8174
8176
8176
8176
8176
8177
8178
8180
8183
8183
8184
8184
8184
8188
8189
8189
8189
8189
8190
8190
8193
8201
8202
8202
8203
8203
8205
8205
8208
8210
8212
8213
8213
8213
8214
8217
8217
8218
8218
8218
8219
8219
8220
8220
8223
8224
8224
8225
8225
8225
8226
8228
8228
8229
8231
8234
8234
8235
8236
8236
8238
8238
8239
8241
8241
8244
8244
8246
8250
8251
8251
8252
8253
8253
8253
8254
8255
8256
8259
8262
8264
8266
8267
8269
8270
8271
8271
8274
8279
8281
8283
8284
8284
8287
8288
8289
8290
8290
8291
8293
8295
8297
8299
8300
8303
8303
8303
8303
8303
8304
8306
8306
8306
8306
8308
8308
8309
8310
8310
8311
8311
8312
8313
8314
8315
8317
8318
8318
8321
8325
8326
8327
8328
8329
8332
8332
8333
8334
8336
8336
8338
8339
8340
8340
8342
8344
8344
8344
8346
8348
8348
8349
8350
8350
8351
8352
8352
8352
8353
8354
8355
8356
8356
8358
8360
8364
8365
8367
8368
8368
8369
8369
8369
8369
8370
8370
8370
8372
8372
8373
8373
8375
8376
8377
8379
8379
8380
8381
8382
8382
8383
8386
8389
8390
8391
8394
8394
8395
8395
8395
8396
8397
8398
8398
8398
8398
8399
8401
8401
8404
8404
8406
8406
8406
8406
8407
8407
8410
8411
8411
8412
8412
8413
8414
8415
8415
8416
8419
8419
8421
8422
8422
8423
8423
8424
8426
8426
8427
8427
8431
8432
8433
8434
8435
8435
8436
8436
8437
8437
8438
8439
8440
8440
8441
8442
8443
8443
8443
8444
8445
8445
8445
8447
8449
8449
8449
8450
8451
8453
8455
8456
8457
8457
8458
8459
8461
8462
8464
8467
8468
8468
8471
8472
8473
8473
8474
8475
8477
8477
8477
8477
8477
8479
8479
8482
8483
8483
8485
8486
8486
8486
8487
8487
8488
8488
8488
8490
8492
8493
8494
8495
8495
8495
8496
8496
8498
8498
8498
8498
8498
8499
8499
8502
8503
8503
8504
8505
8506
8507
8509
8509
8510
8511
8512
8512
8512
8513
8514
8514
8520
8520
8521
8522
8524
8524
8524
8524
8524
8524
8525
8525
8525
8526
8527
8529
8530
8532
8532
8534
8535
8535
8536
8537
8538
8539
8540
8541
8541
8542
8544
8545
8545
8546
8547
8548
8550
8551
8552
8552
8554
8556
8556
8556
8557
8558
8560
8560
8561
8562
8564
8564
8566
8567
8567
8570
8571
8573
8573
8574
8575
8576
8578
8579
8579
8580
8581
8581
8583
8584
8584
8584
8586
8588
8590
8590
8590
8591
8594
8595
8595
8596
8596
8596
8600
8601
8602
8603
8604
8604
8604
8605
8607
8608
8609
8609
8611
8611
8612
8613
8614
8614
8615
8616
8617
8618
8619
8620
8621
8624
8625
8626
8627
8627
8628
8629
8630
8630
8632
8632
8633
8634
8634
8635
8637
8637
8638
8638
8639
8640
8643
8643
8644
8644
8644
8648
8649
8650
8652
8652
8652
8653
8653
8656
8657
8657
8659
8660
8661
8663
8665
8668
8668
8668
8669
8670
8670
8670
8671
8673
8674
8674
8675
8676
8676
8677
8679
8679
8680
8681
8681
8682
8684
8686
8687
8687
8689
8689
8690
8691
8692
8693
8693
8694
8695
8696
8696
8698
8698
8700
8700
8700
8700
8701
8701
8701
8701
8704
8706
8711
8711
8711
8712
8714
8715
8716
8716
8719
8720
8721
8723
8723
8725
8726
8727
8730
8732
8732
8732
8734
8735
8737
8738
8739
8739
8741
8742
8742
8742
8743
8743
8744
8744
8746
8747
8748
8749
8750
8751
8752
8753
8755
8757
8757
8762
8763
8763
8766
8769
8771
8773
8779
8779
8779
8780
8780
8780
8782
8783
8783
8784
8785
8785
8785
8786
8787
8787
8787
8787
8787
8788
8788
8790
8792
8792
8793
8793
8795
8795
8796
8798
8798
8799
8800
8801
8803
8803
8804
8804
8807
8807
8808
8810
8810
8811
8811
8813
8813
8813
8815
8817
8817
8818
8818
8819
8820
8820
8821
8822
8822
8822
8822
8823
8824
8824
8825
8825
8826
8827
8827
8827
8827
8828
8829
8829
8829
8829
8830
8830
8830
8830
8831
8832
8832
8832
8833
8833
8834
8834
8835
8838
8838
8840
8842
8844
8845
8845
8847
8847
8848
8848
8848
8849
8851
8851
8851
8852
8853
8854
8856
8856
8857
8858
8861
8862
8865
8866
8870
8871
8871
8873
8873
8874
8875
8877
8878
8878
8878
8882
8883
8885
8887
8888
8888
8890
8892
8893
8894
8894
8896
8896
8897
8900
8901
8902
8902
8904
8905
8907
8907
8907
8908
8908
8911
8913
8914
8916
8920
8922
8922
8922
8923
8925
8925
8928
8929
8932
8933
8934
8934
8935
8935
8935
8935
8936
8937
8937
8937
8937
8938
8940
8940
8941
8941
8943
8943
8943
8946
8949
8950
8951
8953
8953
8954
8955
8956
8958
8959
8960
8962
8964
8964
8968
8970
8972
8972
8974
8978
8979
8981
8982
8982
8982
8983
8983
8984
8985
8985
8986
8986
8989
8990
8992
8992
8994
8997
8997
8997
9000
9000
9003
9003
9005
9005
9006
9007
9008
9009
9009
9011
9011
9011
9014
9014
9018
9018
9018
9018
9019
9020
9021
9022
9022
9023
9024
9025
9026
9030
9030
9033
9034
9034
9035
9035
9035
9037
9037
9037
9038
9038
9038
9038
9039
9040
9041
9044
9044
9044
9045
9045
9045
9046
9046
9046
9050
9052
9052
9054
9059
9060
9060
9060
9061
9063
9063
9064
9068
9068
9069
9069
9070
9070
9070
9071
9072
9073
9073
9073
9073
9074
9074
9077
9080
9084
9089
9089
9091
9092
9095
9098
9099
9100
9101
9102
9102
9103
9106
9106
9106
9106
9106
9107
9108
9109
9110
9112
9112
9113
9113
9114
9115
9117
9119
9120
9120
9120
9120
9122
9122
9122
9122
9123
9125
9128
9130
9131
9133
9133
9134
9136
9136
9136
9137
9137
9138
9138
9141
9143
9144
9144
9147
9148
9148
9149
9151
9152
9153
9153
9153
9155
9155
9162
9163
9163
9164
9164
9164
9165
9165
9166
9167
9167
9168
9168
9171
9171
9172
9173
9174
9174
9175
9176
9179
9179
9179
9179
9179
9181
9185
9187
9187
9188
9189
9189
9189
9191
9192
9196
9196
9196
9196
9197
9198
9200
9202
9204
9205
9206
9207
9208
9209
9211
9211
9213
9213
9215
9217
9218
9222
9224
9224
9225
9226
9226
9226
9226
9226
9227
9227
9228
9228
9229
9231
9233
9234
9234
9235
9237
9237
9238
9241
9242
9244
9246
9249
9250
9250
9251
9252
9252
9253
9255
9256
9257
9259
9259
9261
9262
9264
9268
9269
9271
9272
9274
9274
9274
9275
9275
9276
9276
9278
9279
9282
9284
9286
9286
9287
9288
9288
9289
9292
9292
9294
9296
9297
9297
9299
9300
9301
9302
9303
9303
9304
9304
9305
9305
9305
9306
9307
9308
9309
9309
9309
9311
9311
9312
9312
9314
9315
9315
9315
9316
9317
9317
9319
9319
9319
9320
9321
9321
9323
9324
9326
9327
9327
9327
9328
9328
9329
9330
9330
9331
9331
9331
9332
9332
9332
9332
9332
9333
9334
9334
9336
9337
9339
9339
9340
9341
9341
9342
9343
9344
9344
9345
9347
9347
9347
9348
9349
9349
9350
9351
9352
9352
9353
9353
9353
9354
9355
9355
9355
9357
9357
9357
9358
9359
9360
9362
9362
9363
9364
9364
9364
9365
9366
9366
9367
9369
9370
9371
9373
9377
9377
9377
9379
9380
9382
9383
9384
9384
9385
9388
9388
9390
9394
9394
9394
9394
9395
9396
9397
9397
9399
9399
9399
9400
9401
9406
9407
9408
9410
9411
9412
9414
9414
9415
9415
9415
9415
9419
9420
9421
9421
9422
9424
9425
9425
9428
9429
9433
9434
9434
9436
9436
9437
9442
9443
9444
9446
9446
9452
9452
9454
9455
9455
9456
9457
9458
9458
9459
9461
9462
9463
9463
9465
9468
9469
9470
9471
9471
9473
9473
9473
9474
9475
9477
9478
9480
9481
9482
9482
9487
9488
9489
9491
9493
9494
9494
9494
9495
9497
9497
9497
9498
9500
9500
9501
9502
9502
9503
9507
9507
9508
9509
9509
9509
9511
9512
9514
9515
9517
9518
9519
9519
9519
9520
9520
9523
9524
9526
9529
9530
9530
9530
9531
9533
9534
9536
9538
9538
9539
9539
9539
9541
9542
9543
9543
9544
9544
9547
9548
9548
9550
9551
9551
9552
9552
9552
9555
9556
9559
9559
9559
9561
9561
9562
9563
9564
9565
9566
9567
9569
9570
9572
9576
9577
9578
9581
9581
9581
9583
9584
9584
9584
9585
9587
9588
9589
9591
9591
9591
9594
9595
9596
9599
9600
9600
9600
9601
9601
9602
9603
9604
9607
9607
9608
9608
9608
9609
9610
9610
9613
9615
9616
9616
9616
9617
9620
9620
9620
9621
9622
9622
9623
9625
9625
9626
9626
9629
9630
9632
9634
9635
9635
9635
9635
9640
9643
9644
9644
9645
9651
9652
9652
9653
9655
9655
9656
9656
9659
9660
9661
9661
9662
9662
9665
9665
9667
9667
9667
9668
9668
9669
9671
9672
9672
9673
9674
9674
9674
9674
9676
9676
9676
9677
9680
9683
9684
9685
9685
9685
9686
9687
9688
9688
9688
9689
9690
9690
9691
9692
9694
9694
9696
9698
9698
9699
9702
9707
9707
9709
9709
9710
9712
9712
9713
9713
9714
9714
9715
9715
9717
9718
9718
9720
9720
9721
9722
9723
9723
9724
9724
9728
9728
9731
9731
9733
9734
9737
9737
9737
9737
9739
9739
9739
9740
9740
9742
9742
9743
9743
9744
9749
9753
9753
9754
9754
9762
9762
9762
9762
9762
9763
9763
9763
9764
9765
9765
9768
9768
9769
9769
9770
9770
9773
9775
9776
9777
9779
9779
9780
9780
9781
9784
9786
9787
9787
9787
9789
9789
9789
9790
9790
9791
9791
9793
9793
9795
9797
9797
9798
9799
9802
9806
9809
9811
9811
9812
9813
9813
9813
9814
9814
9815
9818
9818
9819
9820
9821
9821
9822
9823
9824
9824
9825
9826
9826
9831
9831
9833
9834
9834
9835
9835
9836
9840
9840
9842
9843
9843
9844
9844
9845
9845
9846
9846
9846
9846
9847
9847
9848
9848
9850
9850
9851
9852
9852
9854
9857
9858
9860
9860
9862
9862
9862
9863
9863
9863
9863
9864
9865
9865
9866
9866
9867
9868
9869
9869
9874
9876
9876
9876
9878
9878
9879
9879
9880
9880
9881
9884
9884
9885
9885
9885
9887
9890
9892
9892
9893
9895
9895
9895
9898
9899
9899
9902
9902
9902
9905
9906
9911
9912
9912
9913
9913
9913
9913
9918
9918
9920
9920
9922
9922
9923
9923
9925
9925
9926
9928
9930
9930
9931
9933
9935
9941
9942
9942
9943
9943
9945
9945
9946
9947
9947
9947
9947
9950
9950
9950
9951
9952
9953
9954
9956
9956
9957
9958
9958
9958
9959
9959
9959
9961
9965
9966
9966
9966
9967
9968
9969
9969
9969
9970
9970
9972
9975
9975
9976
9977
9977
9980
9980
9984
9985
9985
9986
9987
9988
9988
9992
9994
9995
9996
9996
9996
9999
9999
9999

Comparisons: 120463
Moves: 133616
Execution time (ns): 11