3
4
4
5
6
7
8
10
10
11
12
12
12
13
13
14
14
14
15
15
15
16
18
20
21
22
23
23
24
24
25
26
27
29
30
30
30
30
32
33
33
33
33
34
35
37
37
40
41
42
42
43
43
43
44
46
49
49
51
51
53
57
58
58
60
60
60
61
62
62
62
66
66
67
67
72
73
73
74
75
78
80
80
81
82
82
83
83
87
88
88
91
91
93
93
93
95
95
95
96
96
97
97
100
102
103
103
105
105
107
107
108
108
110
110
110
111
112
114
115
115
118
118
122
123
123
124
126
126
126
127
127
128
129
129
129
132
133
133
134
135
135
135
135
135
136
139
139
139
140
141
142
144
146
147
148
148
148
149
152
153
154
155
155
156
156
157
157
157
157
159
159
159
160
161
162
163
164
167
170
170
170
171
172
174
174
174
184
187
190
191
193
193
194
194
195
196
196
197
197
198
201
202
202
203
206
208
208
209
211
212
212
213
213
214
214
218
220
220
221
222
223
225
225
225
226
227
227
227
229
230
230
233
233
235
235
237
237
237
238
239
240
243
243
243
244
247
248
248
253
253
253
255
257
258
258
259
259
260
261
261
261
261
262
265
265
265
265
268
268
268
269
270
270
270
271
272
272
273
273
274
275
275
277
279
280
280
280
281
281
283
284
285
288
288
288
288
289
289
289
290
290
291
291
294
296
297
298
298
299
302
303
304
304
304
304
305
308
309
310
312
312
315
318
318
319
319
319
319
320
321
322
322
322
324
324
325
326
327
327
327
327
329
330
333
333
334
336
336
336
338
338
340
341
342
342
344
346
348
349
350
351
351
352
353
355
355
357
359
360
360
360
361
361
362
363
364
367
368
369
372
373
375
375
375
375
375
377
377
377
379
380
380
382
383
385
385
385
385
386
387
387
388
388
388
391
391
393
395
395
397
397
397
398
401
401
401
404
405
405
406
407
408
408
408
414
415
417
417
418
420
421
424
426
426
429
430
430
431
431
432
436
436
439
439
440
442
443
444
445
447
447
447
448
448
450
451
452
452
452
453
454
454
455
455
456
457
458
460
462
462
463
465
466
467
467
467
468
470
472
472
473
473
475
475
476
476
477
477
477
479
481
483
484
485
485
486
487
488
489
490
491
491
492
493
494
494
495
496
496
496
496
496
500
500
501
501
501
502
503
503
504
505
505
507
508
510
512
512
513
513
513
513
514
520
520
524
526
527
529
530
531
533
533
534
535
536
536
536
538
540
540
541
543
545
545
546
547
547
548
551
552
552
553
554
554
556
557
558
558
558
559
560
561
563
564
564
565
565
571
572
572
572
573
574
574
574
575
575
580
581
582
583
585
587
587
588
590
590
591
592
593
593
593
594
594
594
595
597
598
599
600
601
603
604
605
606
606
606
606
607
608
610
612
613
614
614
615
616
617
617
618
618
618
620
624
624
626
626
626
626
626
627
627
628
628
629
629
630
631
633
633
633
636
636
639
640
640
642
643
643
644
644
645
645
646
647
649
650
652
654
654
656
656
656
657
657
661
662
663
664
666
666
668
668
668
668
670
672
673
677
677
677
677
677
678
678
679
680
680
682
684
686
687
688
689
691
692
692
693
693
695
698
701
701
705
705
706
706
707
708
708
708
710
711
712
713
714
714
715
717
718
722
723
725
725
726
727
728
729
730
734
735
736
738
739
740
741
741
742
743
744
749
751
752
754
754
755
755
755
756
757
759
761
762
763
764
766
766
767
768
769
769
769
770
771
771
771
771
771
772
772
772
773
773
774
776
776
777
777
778
779
780
781
783
784
784
785
786
788
788
790
790
792
794
795
797
798
800
801
802
802
803
804
804
808
808
815
815
818
818
819
820
821
823
824
824
824
826
827
828
829
829
830
832
832
832
835
836
836
837
838
839
839
841
843
843
846
847
847
847
849
851
851
851
853
856
856
856
859
859
863
867
868
869
869
870
871
873
873
874
874
874
875
876
876
877
877
879
879
879
880
881
883
884
884
885
886
887
889
893
894
895
897
898
899
900
900
901
903
903
904
905
905
906
908
909
910
911
913
913
913
914
914
915
917
918
919
919
920
921
922
922
923
924
925
925
926
928
929
929
930
931
933
934
935
937
938
938
939
940
940
940
941
943
945
946
946
947
947
948
950
950
951
951
952
953
954
954
955
956
958
959
960
960
961
961
967
968
969
969
970
970
970
970
971
971
972
973
974
974
975
978
980
981
982
983
984
984
985
986
992
992
995
995
995
997
998
999
999

Comparisons: 10922
Swaps: 5534
Execution time (ns): 1