5
6
8
8
9
9
9
9
10
14
14
16
16
17
17
17
18
18
19
20
22
26
27
28
29
31
34
34
34
35
36
36
39
46
47
49
51
51
52
52
53
54
55
59
59
60
60
64
65
66
66
67
68
68
69
72
72
72
75
75
75
76
76
77
77
79
80
81
82
83
84
86
86
88
88
91
92
92
93
95
100
105
106
106
106
107
108
109
111
111
113
116
116
118
121
122
123
123
124
125
125
127
127
128
129
129
130
139
139
139
140
141
143
146
147
148
148
149
151
152
153
153
154
154
155
155
156
158
158
159
160
164
166
170
171
171
171
172
173
173
174
174
174
175
176
176
176
176
177
178
179
181
181
181
182
184
185
186
186
186
188
188
188
190
191
192
192
192
194
200
201
204
205
205
205
206
209
212
214
214
214
214
215
215
217
220
220
220
221
224
225
225
225
226
227
228
228
229
229
231
232
233
233
234
234
236
238
240
241
242
242
242
242
243
247
248
248
249
252
253
254
255
255
255
256
256
257
257
259
262
263
263
264
264
267
267
267
268
270
271
271
275
275
276
277
282
282
282
283
283
284
284
286
286
289
291
292
292
292
293
293
293
297
300
301
303
303
303
308
309
309
310
311
312
313
313
314
315
315
317
319
320
321
321
322
323
324
324
324
324
324
324
326
327
327
328
328
328
329
331
332
333
333
334
335
335
335
336
336
337
338
339
340
340
341
341
343
344
344
344
344
344
345
346
347
348
349
349
349
349
350
350
351
353
354
354
355
357
363
364
366
368
368
369
373
373
374
374
375
376
377
377
378
378
378
378
379
380
381
385
386
386
387
387
388
388
388
390
392
392
393
393
394
395
396
396
397
398
400
402
403
403
404
404
408
409
409
410
410
413
413
414
416
418
418
419
421
422
424
424
424
424
426
426
427
428
428
429
430
431
432
434
434
435
437
438
438
438
439
440
440
440
441
443
443
444
444
444
445
446
448
449
452
452
452
453
454
454
455
455
460
460
461
462
462
463
465
466
467
468
469
469
471
473
474
475
476
477
478
479
479
481
482
483
486
487
488
489
491
491
493
493
494
497
498
499
501
501
501
502
503
503
504
504
506
508
508
510
510
511
511
511
512
512
513
514
514
515
515
516
516
520
520
522
523
523
528
528
529
529
532
533
533
534
536
536
537
537
537
538
539
539
540
542
544
547
547
551
552
552
552
552
555
555
556
558
558
559
560
561
563
563
564
568
570
572
572
574
575
575
577
577
577
578
578
578
578
579
579
581
582
583
585
585
588
588
589
589
591
592
593
593
593
594
594
594
594
595
595
595
596
596
597
597
598
599
600
602
602
604
604
604
605
608
608
610
612
615
615
616
618
618
619
619
621
623
624
625
628
629
629
629
630
631
633
635
636
636
637
638
639
639
639
640
642
642
645
649
649
650
652
653
655
656
657
658
659
660
660
662
663
664
664
666
670
670
670
672
673
675
675
678
679
680
682
684
688
689
690
690
691
693
693
696
696
697
698
699
701
701
702
703
703
703
705
708
708
709
710
711
711
711
711
712
714
715
716
717
717
718
719
719
720
720
720
720
721
721
721
722
725
726
726
728
731
731
732
733
734
734
734
735
736
737
738
738
739
740
740
741
742
745
747
747
747
747
750
751
752
756
758
759
761
762
762
762
764
764
766
767
767
773
775
776
777
777
778
781
782
782
783
783
783
783
783
785
786
788
788
789
789
790
793
794
794
794
798
798
799
799
800
801
804
805
805
807
808
810
811
812
812
812
815
815
815
818
819
819
819
820
820
822
824
827
829
830
831
833
834
836
837
838
838
839
839
841
841
842
843
843
844
846
847
849
849
850
851
859
859
860
861
863
864
866
867
867
867
868
869
870
870
870
870
871
871
873
873
875
876
878
880
882
883
883
887
890
891
894
897
899
900
901
901
902
903
903
904
906
907
907
909
910
910
910
911
911
912
912
914
914
916
919
919
922
923
923
924
924
926
926
928
928
928
929
929
929
931
931
932
932
934
934
935
936
937
937
938
939
940
941
941
941
941
942
942
943
945
945
945
946
946
947
949
950
951
951
951
952
952
954
957
958
959
959
962
963
964
965
966
966
967
968
968
969
970
971
971
971
972
972
975
975
976
977
977
977
978
979
980
981
981
981
981
984
985
985
986
988
988
992
992
992
993
995
996
996
997
998
1002
1002
1004
1008
1010
1010
1010
1012
1016
1018
1021
1023
1027
1028
1028
1029
1031
1032
1032
1033
1034
1034
1036
1036
1037
1037
1039
1041
1042
1043
1044
1044
1045
1045
1046
1051
1054
1055
1057
1057
1058
1063
1064
1066
1066
1067
1069
1069
1070
1072
1072
1075
1076
1077
1079
1079
1081
1081
1083
1083
1084
1085
1086
1086
1089
1090
1091
1091
1091
1092
1093
1094
1094
1095
1096
1097
1097
1098
1099
1099
1099
1099
1101
1101
1101
1103
1103
1104
1104
1105
1107
1109
1114
1114
1115
1115
1116
1117
1119
1120
1121
1121
1122
1122
1123
1125
1125
1126
1127
1127
1128
1132
1133
1133
1133
1134
1134
1136
1138
1138
1138
1139
1140
1141
1142
1144
1145
1145
1148
1151
1152
1154
1155
1155
1158
1158
1160
1162
1162
1162
1162
1164
1164
1165
1167
1169
1170
1174
1176
1178
1178
1178
1180
1183
1183
1183
1184
1187
1188
1189
1189
1190
1190
1190
1191
1191
1197
1197
1198
1198
1198
1198
1200
1200
1201
1201
1202
1202
1203
1203
1204
1204
1205
1206
1206
1209
1210
1212
1212
1213
1214
1214
1215
1215
1216
1218
1218
1218
1219
1221
1223
1223
1224
1224
1226
1226
1227
1230
1232
1233
1236
1236
1237
1239
1240
1241
1241
1242
1242
1243
1244
1244
1245
1245
1248
1248
1248
1249
1252
1252
1252
1252
1253
1256
1256
1256
1256
1257
1258
1260
1260
1263
1264
1268
1269
1271
1272
1276
1278
1279
1281
1282
1283
1283
1285
1285
1287
1287
1287
1288
1288
1288
1289
1289
1291
1292
1292
1293
1294
1296
1296
1297
1298
1298
1300
1301
1302
1303
1303
1304
1308
1310
1310
1311
1313
1313
1314
1314
1315
1317
1317
1319
1320
1320
1321
1321
1322
1324
1325
1325
1326
1326
1327
1327
1329
1329
1331
1331
1331
1333
1333
1336
1338
1339
1339
1339
1341
1342
1342
1346
1348
1349
1351
1356
1356
1357
1357
1358
1359
1361
1362
1362
1364
1365
1365
1366
1366
1367
1367
1367
1368
1368
1369
1369
1369
1370
1370
1370
1371
1372
1372
1372
1374
1376
1377
1378
1379
1381
1382
1383
1383
1384
1384
1384
1384
1386
1386
1386
1388
1388
1389
1392
1393
1394
1394
1395
1396
1396
1399
1400
1400
1402
1402
1402
1403
1403
1403
1403
1404
1404
1406
1406
1408
1408
1408
1408
1409
1413
1413
1413
1415
1416
1419
1420
1420
1421
1421
1428
1428
1429
1432
1432
1433
1433
1434
1434
1434
1435
1435
1436
1437
1438
1439
1439
1440
1440
1440
1441
1441
1443
1443
1444
1446
1446
1448
1448
1451
1451
1452
1453
1453
1454
1455
1456
1457
1458
1459
1459
1461
1461
1461
1462
1463
1463
1464
1466
1467
1468
1470
1471
1474
1478
1481
1481
1482
1482
1483
1486
1486
1486
1486
1488
1488
1489
1491
1491
1493
1493
1493
1494
1498
1498
1501
1502
1502
1503
1504
1504
1504
1505
1505
1506
1507
1507
1508
1509
1509
1516
1519
1519
1519
1521
1521
1523
1525
1528
1529
1529
1530
1531
1531
1534
1537
1537
1538
1539
1540
1540
1541
1542
1542
1543
1546
1549
1549
1550
1553
1556
1557
1559
1559
1560
1561
1561
1562
1562
1562
1562
1563
1564
1566
1566
1568
1569
1570
1571
1572
1572
1572
1572
1573
1573
1573
1574
1575
1576
1576
1576
1578
1579
1579
1580
1582
1583
1584
1585
1585
1589
1589
1589
1589
1591
1591
1592
1595
1596
1597
1598
1598
1598
1599
1600
1601
1603
1605
1607
1607
1607
1607
1609
1609
1610
1610
1612
1614
1617
1618
1618
1619
1619
1621
1622
1622
1624
1624
1625
1626
1626
1628
1628
1628
1629
1629
1630
1630
1632
1632
1633
1636
1637
1638
1638
1638
1639
1639
1639
1639
1640
1641
1641
1644
1645
1645
1646
1647
1647
1648
1649
1652
1652
1653
1654
1657
1657
1658
1658
1658
1659
1661
1661
1661
1662
1664
1668
1668
1669
1669
1672
1673
1675
1676
1676
1677
1677
1677
1677
1677
1679
1679
1681
1685
1688
1689
1689
1691
1692
1694
1695
1696
1697
1697
1697
1697
1698
1698
1698
1699
1700
1700
1701
1701
1701
1703
1704
1705
1706
1706
1710
1710
1711
1712
1714
1716
1720
1721
1722
1723
1723
1724
1724
1725
1725
1727
1728
1730
1732
1733
1733
1736
1737
1738
1739
1740
1740
1741
1741
1742
1744
1747
1748
1748
1749
1749
1750
1750
1751
1751
1751
1751
1752
1752
1754
1754
1754
1755
1757
1759
1761
1762
1763
1765
1766
1766
1767
1767
1768
1768
1769
1770
1770
1771
1771
1774
1777
1777
1777
1778
1779
1781
1781
1781
1781
1784
1785
1787
1787
1788
1793
1793
1793
1793
1793
1794
1797
1797
1798
1799
1799
1799
1800
1800
1803
1804
1804
1804
1805
1806
1807
1809
1809
1810
1810
1810
1810
1811
1814
1817
1817
1817
1817
1818
1819
1819
1820
1820
1821
1821
1822
1823
1824
1824
1825
1826
1827
1828
1828
1829
1830
1830
1830
1831
1834
1835
1835
1838
1838
1838
1841
1842
1843
1843
1843
1844
1844
1844
1845
1848
1850
1850
1850
1851
1852
1854
1855
1856
1859
1860
1860
1861
1861
1862
1865
1866
1866
1867
1868
1868
1870
1870
1872
1872
1873
1874
1875
1876
1876
1878
1878
1878
1879
1879
1881
1881
1882
1883
1884
1884
1888
1890
1890
1892
1892
1893
1893
1894
1895
1895
1898
1900
1900
1901
1903
1905
1907
1908
1908
1908
1910
1911
1912
1916
1918
1918
1919
1919
1920
1923
1923
1924
1926
1926
1926
1926
1927
1928
1929
1930
1931
1931
1931
1931
1934
1935
1937
1937
1937
1940
1943
1944
1946
1947
1949
1949
1950
1950
1950
1951
1951
1953
1960
1961
1961
1962
1962
1963
1964
1964
1964
1964
1964
1966
1968
1968
1970
1970
1971
1972
1973
1973
1974
1976
1976
1978
1978
1978
1978
1979
1980
1980
1981
1981
1983
1984
1984
1984
1985
1986
1986
1987
1988
1991
1992
1993
1995
1995
1996
1997
1997
1997
1998
1999
2000
2000
2001
2003
2003
2004
2007
2008
2008
2008
2008
2009
2009
2011
2012
2013
2014
2018
2020
2020
2021
2021
2022
2022
2023
2024
2026
2027
2031
2032
2034
2040
2040
2042
2042
2044
2045
2046
2047
2047
2048
2048
2049
2049
2052
2053
2055
2055
2055
2057
2057
2058
2061
2062
2064
2064
2065
2066
2067
2068
2070
2070
2072
2073
2074
2075
2076
2076
2078
2079
2080
2082
2083
2085
2085
2086
2086
2087
2087
2090
2090
2091
2094
2094
2094
2095
2096
2097
2097
2097
2098
2098
2098
2099
2099
2100
2101
2102
2104
2108
2109
2109
2109
2110
2111
2113
2114
2116
2117
2120
2122
2122
2123
2124
2125
2125
2127
2127
2128
2128
2128
2129
2130
2134
2135
2137
2137
2140
2140
2140
2141
2142
2147
2147
2147
2148
2148
2148
2149
2149
2149
2150
2151
2151
2153
2153
2154
2155
2155
2155
2156
2156
2158
2159
2160
2160
2160
2163
2163
2163
2164
2165
2165
2166
2167
2168
2169
2170
2170
2171
2171
2172
2172
2174
2174
2175
2177
2178
2178
2182
2183
2185
2186
2187
2188
2188
2189
2189
2190
2191
2192
2193
2193
2193
2193
2199
2201
2202
2203
2203
2206
2207
2210
2211
2216
2217
2219
2220
2221
2222
2224
2224
2228
2228
2229
2229
2230
2231
2232
2232
2233
2234
2235
2236
2236
2237
2237
2237
2238
2238
2239
2240
2240
2241
2242
2244
2245
2245
2245
2247
2247
2248
2248
2248
2249
2249
2250
2250
2250
2251
2252
2252
2253
2255
2258
2259
2260
2262
2262
2262
2263
2263
2263
2263
2264
2266
2266
2268
2268
2270
2271
2274
2276
2277
2277
2278
2280
2282
2284
2284
2285
2285
2286
2286
2286
2287
2288
2289
2290
2291
2292
2294
2294
2294
2295
2295
2295
2296
2297
2298
2299
2300
2303
2304
2304
2304
2305
2306
2306
2307
2307
2308
2308
2309
2311
2311
2312
2312
2314
2314
2315
2318
2319
2320
2324
2325
2326
2326
2327
2327
2329
2330
2332
2332
2333
2334
2334
2335
2335
2335
2336
2337
2337
2337
2338
2339
2339
2341
2342
2343
2347
2348
2349
2349
2351
2352
2356
2359
2359
2361
2362
2364
2366
2367
2368
2368
2371
2371
2372
2373
2373
2374
2375
2376
2376
2378
2379
2379
2380
2380
2381
2381
2382
2384
2384
2384
2384
2388
2388
2389
2389
2389
2390
2391
2392
2392
2394
2396
2397
2397
2398
2400
2400
2400
2402
2402
2403
2407
2408
2409
2409
2412
2412
2412
2414
2414
2414
2414
2416
2417
2417
2418
2420
2421
2421
2423
2424
2424
2425
2425
2426
2428
2428
2429
2434
2434
2434
2435
2436
2437
2441
2443
2443
2444
2444
2444
2444
2444
2445
2448
2449
2449
2450
2450
2451
2454
2455
2456
2456
2457
2460
2461
2462
2464
2464
2465
2467
2468
2468
2468
2468
2469
2470
2471
2472
2473
2478
2478
2479
2480
2480
2480
2484
2484
2485
2485
2486
2487
2487
2489
2490
2491
2493
2496
2496
2497
2498
2500
2502
2502
2503
2505
2507
2507
2507
2511
2511
2513
2515
2516
2516
2516
2516
2520
2520
2524
2525
2525
2529
2529
2530
2531
2531
2532
2533
2534
2535
2535
2537
2537
2537
2537
2537
2537
2538
2538
2538
2543
2543
2543
2548
2550
2555
2556
2556
2556
2556
2557
2558
2558
2560
2560
2562
2563
2564
2569
2569
2569
2569
2570
2570
2571
2573
2575
2577
2577
2578
2579
2581
2582
2583
2583
2583
2585
2585
2585
2586
2586
2589
2591
2593
2594
2594
2595
2599
2600
2601
2602
2604
2606
2606
2606
2606
2610
2611
2612
2612
2615
2615
2616
2617
2619
2620
2621
2621
2623
2623
2623
2624
2624
2624
2624
2626
2627
2628
2628
2629
2630
2633
2634
2634
2635
2635
2637
2638
2639
2639
2640
2640
2640
2641
2642
2643
2644
2645
2645
2646
2646
2648
2648
2649
2649
2650
2653
2654
2655
2656
2656
2656
2657
2657
2657
2658
2659
2661
2662
2662
2665
2666
2666
2667
2667
2669
2669
2673
2674
2674
2675
2676
2677
2679
2680
2680
2681
2681
2681
2681
2682
2683
2683
2683
2684
2685
2686
2686
2688
2688
2688
2692
2693
2694
2696
2697
2697
2698
2701
2702
2702
2703
2705
2707
2707
2708
2709
2709
2710
2710
2711
2712
2713
2713
2714
2715
2717
2717
2722
2729
2732
2732
2732
2736
2736
2736
2737
2737
2738
2738
2741
2742
2743
2745
2746
2747
2748
2750
2752
2753
2755
2755
2757
2758
2758
2759
2760
2761
2761
2763
2764
2765
2766
2767
2767
2767
2767
2769
2769
2769
2769
2769
2772
2772
2772
2773
2774
2774
2775
2778
2778
2780
2780
2781
2782
2785
2785
2786
2787
2787
2787
2787
2787
2790
2790
2791
2793
2793
2796
2798
2800
2802
2804
2805
2806
2809
2809
2809
2810
2812
2812
2814
2815
2817
2817
2817
2818
2818
2819
2819
2820
2821
2821
2823
2824
2825
2825
2825
2828
2828
2829
2830
2831
2832
2834
2834
2836
2836
2836
2836
2837
2838
2839
2840
2841
2841
2841
2842
2842
2844
2845
2845
2848
2849
2850
2854
2855
2856
2857
2857
2860
2862
2863
2863
2864
2866
2866
2866
2866
2870
2870
2872
2873
2873
2874
2874
2874
2875
2878
2880
2881
2881
2882
2882
2886
2887
2887
2888
2888
2889
2889
2890
2891
2892
2895
2896
2898
2898
2899
2901
2902
2907
2908
2910
2912
2913
2915
2915
2916
2917
2919
2919
2920
2924
2924
2925
2926
2927
2927
2929
2929
2930
2931
2934
2935
2937
2939
2939
2941
2941
2942
2942
2942
2943
2944
2946
2947
2948
2950
2950
2950
2951
2952
2954
2954
2954
2954
2955
2955
2957
2958
2958
2959
2959
2960
2960
2961
2962
2963
2963
2964
2964
2964
2965
2965
2966
2967
2967
2968
2969
2969
2970
2970
2971
2972
2972
2973
2976
2976
2976
2977
2977
2977
2978
2980
2981
2981
2982
2982
2985
2985
2987
2988
2989
2990
2990
2990
2991
2992
2992
2993
2993
2993
2994
2995
2997
2998
2998
2999
3000
3004
3005
3005
3006
3006
3006
3010
3011
3012
3017
3018
3022
3022
3022
3023
3025
3025
3026
3027
3030
3030
3030
3030
3032
3032
3034
3035
3037
3041
3041
3042
3042
3043
3043
3044
3044
3044
3044
3045
3045
3045
3045
3046
3046
3048
3049
3049
3051
3053
3055
3056
3056
3057
3057
3059
3061
3061
3063
3066
3066
3067
3069
3069
3070
3071
3071
3073
3074
3075
3075
3075
3080
3080
3083
3083
3083
3086
3087
3087
3088
3089
3089
3090
3092
3093
3095
3095
3096
3096
3097
3098
3099
3100
3101
3102
3102
3103
3106
3106
3109
3109
3109
3109
3110
3110
3110
3111
3111
3111
3111
3115
3116
3116
3117
3117
3119
3119
3120
3122
3123
3124
3124
3125
3126
3126
3127
3127
3127
3128
3128
3131
3132
3133
3133
3134
3135
3136
3138
3140
3141
3141
3141
3142
3143
3145
3146
3146
3147
3148
3150
3152
3154
3155
3155
3156
3157
3158
3159
3159
3162
3163
3165
3167
3168
3169
3169
3170
3171
3171
3171
3173
3173
3175
3177
3179
3179
3179
3180
3181
3182
3183
3184
3186
3188
3190
3190
3191
3192
3193
3195
3196
3198
3198
3200
3202
3203
3204
3204
3205
3205
3209
3210
3214
3216
3218
3218
3219
3220
3221
3226
3226
3227
3229
3231
3232
3232
3233
3236
3236
3237
3238
3239
3239
3240
3240
3240
3240
3242
3242
3243
3246
3248
3252
3252
3253
3255
3258
3259
3260
3260
3260
3260
3262
3265
3265
3266
3267
3267
3268
3268
3269
3270
3273
3274
3275
3275
3275
3276
3279
3281
3281
3282
3282
3282
3285
3286
3286
3288
3288
3290
3290
3291
3291
3292
3294
3294
3295
3295
3299
3300
3300
3300
3302
3304
3305
3305
3307
3308
3308
3308
3310
3310
3310
3314
3314
3315
3315
3316
3317
3318
3318
3318
3320
3321
3322
3325
3325
3325
3326
3326
3326
3327
3327
3327
3328
3329
3329
3330
3330
3331
3334
3336
3340
3342
3343
3345
3349
3349
3349
3350
3351
3352
3354
3354
3356
3356
3356
3356
3358
3359
3359
3360
3360
3362
3362
3363
3364
3366
3366
3366
3367
3369
3370
3370
3371
3371
3372
3372
3372
3373
3373
3375
3376
3379
3380
3381
3381
3381
3381
3382
3384
3385
3385
3387
3388
3389
3390
3390
3391
3392
3396
3397
3399
3399
3400
3401
3401
3403
3404
3404
3405
3405
3406
3406
3408
3408
3409
3410
3411
3413
3414
3415
3415
3416
3417
3417
3419
3419
3421
3422
3422
3422
3423
3423
3424
3424
3424
3425
3427
3428
3428
3428
3428
3434
3435
3438
3439
3440
3440
3440
3441
3443
3444
3445
3445
3447
3448
3448
3450
3450
3450
3450
3451
3451
3453
3453
3453
3455
3460
3464
3464
3467
3467
3467
3468
3470
3470
3472
3474
3475
3475
3475
3476
3477
3477
3479
3479
3483
3484
3487
3488
3489
3494
3495
3495
3496
3498
3500
3501
3502
3503
3504
3505
3507
3509
3510
3512
3513
3516
3516
3518
3518
3522
3524
3524
3526
3527
3527
3528
3529
3529
3529
3529
3530
3531
3533
3533
3534
3534
3534
3536
3537
3538
3540
3541
3541
3542
3545
3547
3548
3549
3550
3550
3550
3551
3551
3552
3553
3553
3553
3554
3555
3555
3556
3556
3558
3558
3558
3559
3559
3560
3562
3562
3562
3564
3564
3564
3564
3566
3567
3569
3569
3569
3571
3572
3572
3576
3578
3579
3579
3579
3580
3581
3581
3582
3583
3584
3584
3584
3584
3586
3587
3588
3590
3592
3593
3594
3595
3595
3596
3597
3597
3598
3599
3599
3600
3602
3603
3603
3606
3606
3607
3608
3608
3611
3612
3612
3615
3615
3615
3615
3616
3616
3617
3617
3617
3617
3619
3622
3623
3623
3625
3626
3627
3627
3628
3629
3632
3632
3633
3633
3635
3638
3639
3640
3640
3641
3642
3643
3643
3643
3643
3644
3644
3644
3644
3645
3646
3646
3646
3647
3647
3649
3649
3650
3651
3651
3652
3653
3653
3653
3654
3654
3656
3657
3658
3659
3660
3660
3660
3661
3661
3662
3662
3664
3664
3668
3670
3670
3672
3673
3674
3675
3675
3675
3676
3678
3678
3680
3683
3684
3685
3686
3687
3688
3688
3688
3689
3689
3690
3692
3692
3693
3693
3694
3701
3704
3706
3708
3708
3708
3709
3710
3710
3710
3711
3712
3712
3713
3717
3718
3719
3719
3720
3720
3721
3723
3723
3724
3724
3724
3724
3727
3729
3729
3731
3734
3736
3738
3738
3740
3740
3741
3742
3745
3745
3747
3748
3749
3749
3749
3749
3750
3751
3751
3752
3754
3754
3755
3756
3761
3761
3761
3762
3764
3765
3766
3766
3767
3768
3769
3770
3771
3773
3774
3776
3779
3780
3780
3781
3783
3783
3783
3784
3784
3785
3785
3786
3787
3787
3787
3789
3789
3791
3791
3795
3795
3796
3796
3798
3799
3800
3800
3801
3802
3804
3805
3808
3811
3812
3813
3814
3815
3815
3815
3817
3819
3821
3823
3825
3825
3826
3827
3827
3830
3831
3831
3832
3835
3836
3836
3836
3837
3838
3839
3839
3840
3844
3844
3844
3845
3845
3846
3846
3849
3850
3851
3853
3854
3855
3855
3856
3856
3857
3858
3859
3859
3860
3862
3863
3864
3865
3866
3867
3869
3870
3870
3874
3875
3876
3876
3877
3877
3880
3880
3881
3883
3884
3885
3886
3888
3890
3890
3891
3892
3894
3894
3896
3897
3898
3898
3899
3899
3902
3904
3905
3906
3908
3908
3908
3909
3909
3910
3910
3912
3913
3913
3914
3916
3916
3918
3918
3919
3919
3920
3922
3925
3926
3927
3928
3928
3928
3931
3931
3933
3934
3936
3937
3938
3938
3938
3939
3942
3942
3942
3944
3945
3946
3947
3949
3949
3950
3950
3951
3951
3953
3954
3956
3958
3958
3960
3961
3962
3963
3964
3964
3964
3966
3968
3970
3970
3971
3972
3973
3973
3974
3974
3975
3977
3977
3978
3978
3980
3981
3982
3983
3983
3984
3985
3986
3987
3991
3991
3993
3993
3995
3995
3997
3998
3999
4001
4002
4003
4004
4005
4006
4007
4009
4009
4009
4010
4012
4012
4012
4014
4014
4015
4015
4016
4017
4018
4020
4020
4022
4024
4024
4025
4030
4032
4032
4032
4033
4034
4035
4035
4039
4040
4041
4043
4043
4047
4047
4047
4048
4051
4052
4053
4053
4054
4054
4055
4055
4056
4058
4058
4060
4061
4062
4063
4065
4065
4067
4067
4069
4070
4072
4073
4074
4074
4074
4074
4075
4075
4075
4076
4079
4079
4079
4080
4081
4081
4082
4082
4082
4085
4087
4089
4089
4090
4091
4091
4091
4092
4092
4092
4093
4094
4094
4096
4097
4099
4100
4101
4106
4107
4107
4107
4108
4109
4110
4111
4112
4112
4115
4116
4118
4118
4118
4120
4120
4125
4126
4126
4127
4129
4131
4132
4132
4132
4133
4136
4137
4137
4137
4143
4143
4148
4150
4151
4151
4152
4153
4154
4154
4155
4158
4158
4159
4162
4163
4163
4163
4163
4163
4164
4164
4165
4165
4165
4166
4166
4166
4166
4166
4167
4168
4168
4169
4170
4170
4170
4170
4175
4176
4176
4176
4177
4177
4178
4179
4180
4181
4181
4182
4183
4185
4186
4187
4188
4188
4189
4189
4189
4191
4192
4192
4192
4192
4195
4195
4195
4197
4197
4197
4198
4198
4199
4199
4201
4202
4203
4203
4203
4204
4204
4204
4204
4207
4207
4207
4208
4208
4208
4209
4209
4210
4211
4213
4214
4215
4216
4216
4217
4219
4221
4222
4222
4222
4223
4224
4225
4225
4227
4227
4229
4232
4233
4233
4233
4234
4235
4236
4236
4236
4238
4242
4242
4245
4246
4246
4246
4246
4248
4249
4249
4250
4251
4251
4252
4254
4254
4255
4255
4255
4255
4258
4258
4259
4260
4261
4261
4262
4262
4263
4264
4266
4268
4273
4274
4275
4278
4278
4278
4278
4279
4279
4279
4280
4280
4280
4280
4282
4283
4284
4285
4285
4286
4286
4287
4287
4288
4290
4291
4293
4293
4294
4294
4295
4295
4295
4298
4298
4298
4298
4301
4301
4301
4302
4303
4305
4306
4306
4307
4307
4308
4308
4308
4308
4309
4309
4311
4311
4312
4312
4315
4316
4316
4317
4318
4319
4321
4321
4322
4322
4323
4324
4325
4328
4330
4331
4333
4334
4335
4337
4337
4337
4338
4339
4341
4341
4344
4344
4345
4345
4345
4346
4346
4347
4348
4349
4351
4354
4355
4356
4357
4358
4360
4360
4361
4362
4364
4364
4365
4365
4365
4367
4368
4369
4369
4369
4370
4370
4371
4373
4373
4373
4374
4374
4374
4374
4375
4377
4377
4377
4377
4382
4383
4385
4385
4386
4386
4387
4388
4388
4389
4392
4392
4392
4395
4396
4397
4399
4400
4402
4402
4403
4405
4406
4406
4407
4407
4408
4408
4408
4411
4413
4419
4419
4421
4423
4423
4424
4424
4426
4426
4427
4427
4429
4429
4429
4429
4430
4432
4433
4433
4433
4433
4434
4437
4437
4438
4439
4440
4440
4441
4441
4441
4442
4446
4447
4447
4449
4450
4450
4452
4454
4458
4460
4461
4462
4463
4464
4464
4466
4468
4469
4471
4471
4472
4473
4474
4475
4475
4476
4476
4476
4479
4480
4482
4482
4483
4483
4484
4485
4486
4488
4488
4489
4489
4490
4490
4490
4492
4493
4494
4495
4495
4495
4496
4497
4497
4498
4498
4499
4500
4500
4502
4502
4503
4504
4506
4508
4509
4511
4512
4513
4513
4514
4514
4516
4517
4518
4518
4521
4521
4522
4524
4524
4524
4524
4524
4525
4528
4530
4531
4531
4532
4533
4534
4536
4538
4538
4540
4542
4542
4543
4544
4545
4545
4545
4545
4546
4546
4546
4549
4550
4551
4552
4552
4552
4552
4552
4553
4553
4553
4554
4554
4555
4555
4556
4558
4558
4558
4559
4559
4559
4560
4563
4565
4566
4566
4566
4567
4567
4568
4568
4570
4570
4572
4574
4575
4576
4576
4577
4577
4577
4578
4579
4580
4580
4581
4582
4582
4585
4589
4589
4591
4592
4593
4593
4596
4597
4598
4599
4601
4604
4605
4605
4608
4608
4608
4608
4608
4609
4610
4611
4611
4614
4615
4616
4618
4619
4619
4621
4621
4621
4622
4625
4626
4628
4628
4629
4630
4631
4632
4632
4634
4635
4636
4637
4638
4638
4641
4642
4642
4642
4643
4645
4645
4645
4647
4648
4650
4650
4651
4651
4652
4652
4653
4653
4655
4657
4657
4658
4658
4658
4660
4661
4661
4661
4663
4666
4667
4668
4670
4671
4673
4674
4674
4675
4675
4676
4676
4677
4678
4678
4678
4678
4679
4683
4684
4686
4689
4689
4691
4691
4692
4693
4693
4694
4695
4697
4697
4698
4699
4699
4701
4702
4702
4703
4705
4708
4710
4712
4716
4716
4717
4719
4722
4722
4722
4723
4723
4725
4726
4727
4728
4729
4730
4731
4732
4733
4734
4735
4736
4737
4737
4738
4738
4740
4740
4741
4747
4747
4748
4749
4751
4752
4753
4753
4754
4756
4757
4757
4759
4760
4760
4762
4764
4765
4765
4768
4769
4770
4775
4776
4776
4776
4776
4777
4778
4779
4779
4780
4781
4781
4782
4782
4784
4784
4785
4787
4790
4798
4799
4803
4804
4807
4812
4813
4815
4817
4817
4820
4820
4823
4823
4824
4828
4828
4829
4830
4830
4831
4832
4832
4835
4836
4836
4837
4839
4839
4840
4840
4841
4841
4841
4846
4847
4849
4849
4849
4849
4849
4850
4853
4854
4854
4854
4855
4855
4855
4855
4856
4856
4858
4858
4862
4862
4862
4864
4864
4865
4867
4868
4870
4871
4872
4873
4874
4875
4876
4876
4877
4878
4881
4882
4883
4888
4888
4891
4891
4892
4893
4898
4898
4902
4902
4902
4903
4904
4904
4905
4905
4905
4906
4906
4906
4907
4909
4910
4912
4912
4913
4914
4914
4916
4917
4917
4919
4919
4921
4921
4923
4923
4924
4926
4928
4929
4929
4929
4930
4931
4931
4932
4932
4933
4933
4934
4936
4938
4938
4939
4939
4939
4941
4942
4942
4943
4945
4945
4948
4948
4949
4951
4954
4955
4957
4957
4958
4958
4961
4961
4962
4963
4964
4966
4967
4967
4969
4969
4970
4971
4972
4973
4974
4977
4977
4978
4980
4982
4982
4984
4984
4984
4985
4986
4991
4993
4994
4994
4999
5003
5004
5005
5006
5007
5007
5007
5009
5009
5010
5010
5012
5013
5014
5014
5014
5015
5016
5016
5017
5018
5018
5019
5020
5020
5022
5022
5022
5023
5023
5024
5026
5027
5029
5030
5031
5031
5033
5035
5035
5036
5038
5038
5038
5041
5041
5042
5043
5045
5045
5046
5046
5047
5047
5047
5048
5048
5049
5050
5050
5051
5052
5052
5053
5055
5056
5056
5057
5057
5058
5058
5058
5058
5061
5063
5064
5065
5066
5068
5070
5071
5071
5072
5072
5073
5074
5075
5077
5078
5079
5079
5082
5082
5083
5085
5087
5089
5090
5091
5092
5092
5094
5095
5095
5098
5098
5098
5098
5101
5102
5102
5102
5103
5103
5104
5105
5105
5107
5108
5109
5110
5112
5113
5113
5113
5114
5117
5117
5120
5121
5121
5123
5123
5124
5129
5131
5131
5131
5131
5132
5133
5134
5134
5134
5135
5136
5136
5136
5138
5139
5139
5140
5141
5141
5141
5141
5142
5142
5143
5143
5145
5146
5148
5148
5150
5152
5152
5153
5154
5155
5156
5157
5160
5161
5162
5167
5167
5167
5168
5169
5170
5170
5173
5174
5175
5175
5176
5177
5177
5177
5178
5179
5180
5181
5184
5185
5185
5185
5185
5190
5193
5194
5195
5197
5197
5198
5200
5200
5203
5203
5203
5204
5204
5204
5204
5207
5209
5211
5213
5216
5217
5217
5218
5220
5222
5225
5225
5225
5225
5228
5228
5228
5230
5232
5232
5234
5234
5237
5239
5239
5240
5241
5242
5242
5243
5244
5246
5247
5247
5247
5249
5250
5250
5250
5251
5251
5252
5253
5254
5256
5256
5262
5262
5263
5263
5265
5265
5267
5268
5268
5270
5270
5271
5271
5274
5274
5275
5277
5278
5278
5279
5280
5281
5286
5291
5292
5293
5295
5295
5298
5299
5301
5302
5302
5302
5302
5304
5304
5304
5305
5307
5307
5307
5308
5309
5309
5310
5310
5311
5313
5314
5315
5315
5316
5316
5316
5317
5319
5320
5320
5321
5321
5322
5323
5324
5324
5325
5325
5327
5328
5329
5330
5331
5331
5335
5337
5337
5338
5338
5339
5339
5340
5342
5342
5344
5346
5347
5350
5350
5353
5354
5355
5358
5360
5362
5363
5365
5365
5365
5365
5365
5367
5368
5369
5371
5372
5372
5373
5374
5374
5374
5375
5376
5377
5377
5378
5379
5382
5382
5383
5384
5384
5386
5386
5387
5387
5387
5388
5389
5390
5390
5391
5391
5392
5393
5395
5401
5402
5404
5405
5406
5407
5412
5413
5413
5413
5415
5416
5418
5418
5420
5420
5420
5422
5424
5428
5428
5430
5430
5432
5432
5432
5433
5433
5435
5436
5437
5438
5438
5439
5440
5441
5442
5443
5444
5447
5447
5447
5449
5450
5451
5453
5455
5456
5458
5459
5459
5460
5460
5461
5461
5462
5462
5465
5465
5465
5467
5469
5469
5470
5470
5471
5472
5472
5472
5473
5474
5477
5477
5480
5482
5483
5483
5483
5483
5484
5485
5486
5487
5487
5488
5491
5491
5493
5495
5496
5497
5498
5500
5501
5504
5505
5505
5505
5506
5506
5507
5508
5508
5508
5510
5512
5512
5514
5516
5519
5519
5520
5522
5523
5524
5525
5525
5527
5528
5528
5529
5530
5532
5532
5533
5535
5535
5535
5536
5538
5538
5538
5538
5538
5539
5540
5541
5542
5545
5546
5546
5546
5547
5548
5549
5549
5552
5552
5553
5553
5554
5555
5557
5558
5559
5562
5562
5565
5565
5566
5566
5570
5571
5571
5572
5572
5572
5574
5574
5575
5577
5580
5580
5580
5580
5581
5581
5583
5585
5585
5586
5586
5586
5587
5587
5588
5590
5590
5593
5595
5595
5596
5598
5598
5599
5599
5600
5600
5601
5603
5603
5605
5606
5608
5608
5609
5609
5610
5610
5610
5611
5613
5614
5614
5615
5615
5617
5618
5619
5621
5621
5623
5627
5627
5628
5628
5629
5630
5631
5633
5634
5634
5636
5636
5636
5638
5638
5639
5639
5639
5641
5642
5646
5646
5647
5648
5648
5649
5649
5651
5651
5652
5654
5656
5659
5659
5660
5661
5661
5662
5664
5665
5666
5667
5667
5667
5667
5668
5670
5670
5670
5671
5673
5674
5675
5681
5682
5682
5683
5683
5683
5685
5686
5686
5687
5687
5688
5688
5689
5689
5690
5692
5693
5693
5694
5695
5695
5695
5695
5697
5697
5697
5698
5698
5698
5702
5702
5703
5703
5704
5705
5706
5707
5708
5710
5710
5711
5714
5714
5715
5715
5715
5715
5716
5716
5719
5722
5723
5723
5723
5723
5726
5727
5728
5728
5731
5731
5732
5732
5733
5733
5734
5734
5735
5735
5735
5736
5736
5736
5737
5737
5737
5738
5738
5740
5740
5741
5742
5742
5743
5744
5744
5746
5747
5747
5747
5749
5750
5751
5751
5752
5752
5754
5755
5755
5756
5756
5757
5757
5759
5759
5759
5761
5761
5761
5762
5764
5765
5765
5765
5765
5767
5769
5769
5770
5770
5771
5771
5771
5772
5774
5775
5775
5776
5777
5777
5778
5779
5779
5779
5779
5780
5780
5781
5781
5783
5783
5784
5786
5787
5789
5789
5790
5790
5793
5794
5796
5796
5799
5802
5805
5805
5806
5807
5810
5810
5815
5818
5818
5818
5819
5819
5820
5820
5820
5821
5823
5825
5825
5826
5826
5828
5829
5829
5829
5830
5831
5831
5834
5835
5835
5835
5837
5837
5838
5839
5839
5840
5841
5844
5845
5845
5845
5847
5847
5848
5849
5849
5850
5851
5851
5852
5852
5854
5854
5854
5854
5855
5855
5855
5864
5864
5865
5865
5867
5868
5868
5869
5873
5875
5876
5876
5877
5877
5879
5879
5880
5880
5881
5881
5881
5882
5884
5884
5885
5885
5886
5889
5891
5892
5893
5893
5895
5896
5898
5899
5901
5902
5902
5904
5904
5904
5904
5907
5907
5907
5908
5908
5910
5911
5912
5913
5913
5914
5915
5917
5918
5919
5919
5919
5920
5922
5922
5923
5923
5927
5928
5929
5930
5930
5931
5933
5934
5937
5938
5939
5939
5940
5940
5941
5942
5945
5947
5949
5949
5949
5950
5950
5950
5951
5952
5952
5953
5955
5955
5955
5957
5957
5957
5958
5963
5964
5965
5966
5968
5969
5971
5971
5974
5975
5975
5976
5979
5980
5983
5983
5986
5986
5987
5990
5991
5992
5992
5993
5994
5995
6000
6001
6003
6003
6004
6004
6004
6005
6007
6007
6008
6008
6008
6009
6011
6013
6014
6015
6016
6017
6017
6017
6018
6018
6018
6021
6022
6022
6023
6023
6023
6023
6024
6025
6025
6025
6027
6028
6030
6030
6031
6033
6034
6035
6035
6035
6036
6037
6039
6039
6040
6040
6041
6042
6042
6042
6042
6043
6043
6044
6044
6045
6050
6051
6051
6053
6059
6059
6060
6060
6060
6060
6062
6062
6063
6063
6064
6064
6065
6066
6069
6070
6071
6071
6071
6073
6075
6076
6077
6078
6078
6079
6080
6081
6081
6081
6083
6084
6086
6087
6087
6087
6087
6089
6090
6090
6090
6092
6093
6094
6095
6095
6095
6096
6096
6097
6099
6102
6102
6103
6103
6105
6107
6113
6114
6114
6114
6115
6115
6115
6116
6117
6121
6122
6123
6125
6126
6127
6127
6128
6128
6128
6129
6129
6130
6132
6134
6134
6135
6135
6137
6137
6138
6139
6140
6141
6143
6143
6144
6144
6145
6145
6147
6149
6149
6150
6150
6151
6151
6152
6153
6154
6154
6160
6160
6160
6161
6161
6161
6162
6162
6162
6163
6164
6165
6165
6166
6168
6169
6170
6170
6170
6171
6173
6173
6174
6174
6176
6181
6181
6181
6181
6182
6182
6184
6184
6185
6187
6188
6190
6193
6195
6196
6197
6197
6198
6198
6199
6200
6200
6202
6202
6203
6204
6204
6205
6207
6208
6208
6209
6210
6211
6212
6212
6213
6214
6215
6216
6216
6217
6219
6219
6221
6222
6224
6227
6230
6230
6230
6230
6232
6232
6234
6234
6236
6237
6238
6240
6241
6241
6242
6243
6243
6245
6248
6250
6252
6252
6256
6260
6262
6263
6266
6266
6267
6269
6269
6269
6269
6270
6271
6271
6271
6273
6273
6273
6275
6276
6278
6278
6278
6279
6282
6282
6285
6285
6290
6290
6291
6291
6293
6293
6293
6293
6296
6296
6297
6299
6301
6301
6304
6306
6306
6306
6308
6311
6311
6312
6312
6312
6315
6316
6317
6319
6320
6321
6322
6323
6324
6324
6325
6325
6326
6327
6328
6328
6329
6330
6331
6332
6332
6334
6334
6337
6339
6339
6340
6340
6341
6342
6345
6346
6349
6350
6351
6352
6353
6353
6353
6354
6354
6357
6358
6358
6360
6361
6361
6362
6362
6363
6365
6365
6366
6367
6369
6370
6371
6372
6372
6372
6373
6373
6375
6376
6376
6377
6377
6378
6378
6378
6380
6381
6382
6382
6384
6384
6385
6385
6385
6386
6387
6389
6390
6391
6395
6396
6396
6397
6399
6399
6401
6402
6402
6403
6403
6404
6404
6405
6406
6406
6406
6407
6409
6410
6412
6413
6414
6414
6414
6415
6416
6416
6417
6419
6420
6420
6421
6423
6424
6426
6427
6427
6427
6427
6427
6428
6429
6429
6429
6432
6432
6437
6438
6442
6442
6443
6444
6445
6447
6448
6449
6449
6450
6450
6451
6452
6454
6455
6456
6457
6458
6458
6460
6460
6461
6461
6462
6462
6463
6465
6466
6472
6473
6473
6473
6475
6475
6476
6477
6477
6478
6479
6480
6482
6482
6484
6486
6487
6487
6487
6488
6489
6491
6491
6491
6491
6494
6494
6495
6496
6497
6497
6497
6499
6499
6500
6500
6501
6502
6502
6503
6504
6508
6508
6509
6509
6510
6511
6512
6514
6515
6515
6516
6519
6519
6520
6522
6523
6523
6524
6525
6526
6526
6526
6526
6528
6534
6537
6539
6539
6539
6539
6539
6540
6540
6541
6541
6542
6543
6543
6546
6546
6548
6548
6549
6549
6552
6552
6553
6554
6555
6556
6556
6557
6558
6559
6560
6562
6563
6565
6565
6566
6567
6567
6568
6569
6571
6572
6572
6573
6573
6573
6574
6575
6577
6577
6578
6578
6579
6579
6579
6579
6579
6579
6580
6580
6580
6581
6583
6583
6585
6585
6586
6587
6589
6590
6590
6590
6590
6591
6591
6592
6592
6593
6594
6595
6596
6598
6601
6601
6601
6601
6603
6604
6606
6608
6609
6611
6611
6612
6612
6614
6615
6616
6619
6619
6620
6621
6624
6625
6625
6629
6629
6632
6632
6634
6634
6635
6635
6635
6636
6636
6637
6638
6639
6639
6639
6640
6642
6643
6645
6645
6646
6648
6648
6648
6649
6650
6650
6650
6651
6652
6652
6652
6653
6655
6656
6658
6659
6659
6660
6660
6661
6661
6662
6664
6664
6665
6665
6669
6669
6671
6671
6673
6673
6678
6680
6684
6684
6684
6685
6685
6686
6687
6687
6688
6688
6690
6691
6692
6693
6694
6694
6694
6694
6696
6697
6697
6698
6700
6700
6700
6700
6701
6701
6702
6704
6704
6705
6706
6706
6706
6708
6708
6709
6711
6712
6714
6714
6715
6716
6717
6719
6719
6722
6723
6725
6726
6726
6726
6728
6731
6732
6734
6734
6735
6735
6735
6738
6738
6739
6740
6740
6742
6743
6745
6747
6749
6750
6752
6753
6753
6753
6754
6755
6757
6758
6758
6759
6759
6760
6761
6761
6761
6762
6764
6764
6765
6770
6771
6772
6773
6773
6773
6774
6775
6775
6777
6778
6778
6779
6779
6781
6782
6783
6786
6786
6786
6786
6786
6787
6787
6789
6790
6793
6793
6793
6795
6799
6799
6800
6800
6802
6806
6806
6806
6814
6815
6816
6819
6820
6820
6821
6823
6824
6826
6826
6827
6827
6830
6830
6831
6832
6832
6833
6833
6835
6836
6836
6836
6837
6838
6840
6840
6844
6845
6846
6848
6848
6848
6849
6850
6850
6852
6853
6855
6855
6858
6858
6859
6861
6863
6864
6865
6866
6867
6868
6868
6869
6870
6870
6871
6874
6875
6876
6876
6877
6878
6879
6879
6880
6880
6881
6881
6882
6883
6885
6887
6887
6888
6892
6893
6895
6896
6898
6899
6901
6901
6901
6901
6901
6902
6902
6903
6904
6906
6907
6907
6907
6908
6908
6909
6910
6910
6910
6910
6912
6913
6913
6913
6914
6915
6917
6917
6918
6918
6918
6918
6918
6918
6918
6918
6921
6922
6922
6923
6924
6924
6924
6925
6926
6926
6926
6926
6927
6927
6928
6928
6929
6929
6932
6932
6932
6933
6936
6936
6937
6937
6940
6941
6946
6947
6948
6948
6951
6952
6952
6953
6955
6955
6955
6957
6957
6960
6961
6962
6963
6965
6965
6966
6967
6967
6967
6969
6971
6972
6972
6973
6975
6976
6976
6976
6978
6978
6979
6980
6981
6981
6981
6983
6983
6984
6984
6984
6987
6987
6989
6991
6991
6994
6994
6996
6996
6998
7000
7003
7005
7006
7006
7007
7009
7012
7016
7017
7018
7019
7020
7020
7020
7021
7023
7025
7028
7029
7029
7030
7032
7035
7036
7037
7037
7038
7038
7038
7039
7039
7040
7042
7042
7042
7043
7044
7046
7046
7049
7049
7050
7054
7055
7056
7056
7056
7057
7060
7060
7061
7061
7062
7065
7067
7068
7069
7070
7078
7079
7079
7080
7080
7081
7081
7081
7081
7082
7082
7082
7082
7083
7083
7084
7085
7086
7086
7088
7088
7090
7090
7091
7091
7091
7092
7093
7093
7095
7096
7101
7101
7104
7105
7106
7106
7107
7108
7108
7108
7108
7110
7111
7111
7113
7114
7114
7115
7117
7119
7119
7120
7121
7121
7121
7122
7123
7124
7125
7125
7125
7127
7127
7128
7130
7130
7133
7134
7134
7135
7135
7135
7136
7137
7137
7140
7141
7142
7142
7143
7144
7145
7146
7148
7149
7151
7152
7152
7153
7154
7154
7157
7157
7157
7158
7160
7161
7161
7162
7163
7163
7164
7164
7164
7165
7165
7166
7169
7169
7170
7172
7173
7173
7173
7173
7174
7175
7176
7177
7179
7179
7179
7179
7179
7180
7182
7184
7186
7186
7188
7189
7189
7190
7190
7191
7194
7194
7194
7195
7195
7196
7196
7197
7197
7197
7198
7199
7200
7201
7202
7202
7203
7204
7204
7205
7206
7206
7207
7208
7210
7210
7211
7211
7212
7214
7214
7216
7217
7218
7219
7219
7220
7220
7223
7225
7225
7226
7227
7227
7228
7228
7229
7229
7229
7230
7231
7234
7237
7237
7238
7241
7241
7241
7242
7244
7246
7247
7248
7248
7248
7250
7251
7254
7257
7258
7258
7259
7263
7265
7266
7266
7267
7268
7268
7269
7269
7270
7271
7273
7274
7274
7275
7275
7276
7277
7278
7278
7278
7279
7280
7281
7283
7283
7284
7284
7285
7285
7286
7286
7287
7292
7294
7294
7295
7296
7298
7298
7298
7299
7299
7300
7302
7303
7305
7305
7305
7305
7305
7305
7307
7309
7311
7311
7312
7313
7314
7314
7317
7318
7320
7322
7323
7326
7326
7328
7329
7329
7330
7333
7333
7334
7335
7336
7336
7336
7336
7338
7339
7340
7341
7341
7342
7343
7345
7345
7347
7347
7347
7350
7355
7357
7357
7358
7359
7359
7360
7360
7362
7363
7365
7368
7368
7369
7370
7370
7371
7375
7375
7377
7377
7377
7379
7379
7380
7380
7381
7382
7383
7384
7385
7386
7386
7386
7386
7387
7388
7388
7389
7390
7391
7392
7393
7393
7393
7393
7396
7398
7398
7398
7399
7402
7402
7403
7405
7405
7406
7407
7407
7413
7413
7416
7416
7417
7417
7418
7419
7421
7422
7425
7425
7426
7427
7428
7429
7431
7432
7432
7433
7434
7435
7435
7436
7437
7439
7440
7441
7442
7442
7444
7444
7445
7446
7447
7449
7451
7451
7451
7451
7452
7453
7454
7454
7455
7455
7457
7457
7457
7459
7460
7460
7461
7464
7465
7465
7467
7467
7467
7469
7469
7472
7473
7473
7475
7476
7476
7477
7479
7481
7484
7484
7485
7488
7488
7489
7490
7490
7491
7492
7493
7495
7496
7496
7496
7497
7498
7499
7499
7500
7501
7501
7503
7503
7504
7504
7505
7508
7510
7510
7510
7512
7512
7513
7513
7513
7513
7514
7514
7514
7515
7515
7515
7516
7519
7519
7519
7522
7525
7525
7526
7526
7529
7530
7530
7530
7531
7532
7532
7534
7536
7537
7537
7539
7539
7541
7542
7542
7543
7543
7543
7547
7547
7547
7548
7549
7549
7552
7553
7553
7554
7556
7557
7558
7559
7560
7564
7564
7564
7567
7568
7568
7569
7569
7569
7573
7574
7575
7575
7575
7577
7578
7580
7581
7581
7582
7582
7584
7585
7585
7585
7586
7587
7588
7589
7589
7590
7596
7596
7596
7598
7598
7599
7600
7601
7602
7603
7605
7609
7609
7610
7610
7612
7612
7614
7615
7617
7618
7619
7619
7619
7619
7621
7621
7621
7622
7622
7622
7623
7625
7625
7626
7627
7627
7628
7628
7629
7629
7630
7630
7630
7631
7632
7632
7632
7634
7634
7634
7635
7636
7636
7636
7638
7639
7640
7641
7643
7645
7645
7646
7646
7648
7653
7653
7658
7661
7661
7662
7663
7663
7663
7664
7666
7666
7668
7671
7671
7672
7675
7678
7681
7682
7682
7682
7684
7685
7685
7685
7686
7690
7691
7695
7696
7699
7699
7700
7700
7702
7703
7704
7707
7709
7711
7711
7712
7713
7715
7716
7717
7718
7719
7719
7722
7722
7723
7723
7723
7723
7724
7725
7726
7728
7733
7733
7734
7734
7734
7735
7735
7736
7736
7736
7736
7738
7741
7743
7743
7744
7745
7746
7746
7747
7748
7748
7753
7753
7754
7759
7760
7761
7761
7762
7762
7762
7765
7765
7766
7768
7769
7770
7772
7774
7774
7776
7777
7779
7779
7779
7781
7782
7783
7784
7784
7785
7786
7786
7787
7788
7788
7790
7790
7791
7791
7793
7794
7794
7795
7795
7797
7797
7797
7798
7798
7801
7801
7802
7802
7804
7805
7807
7809
7810
7811
7812
7812
7812
7814
7814
7815
7815
7815
7817
7817
7818
7819
7820
7820
7821
7822
7823
7824
7825
7825
7825
7826
7827
7827
7828
7829
7831
7832
7832
7834
7835
7836
7839
7839
7844
7846
7848
7849
7853
7854
7858
7858
7859
7859
7860
7862
7862
7862
7864
7865
7865
7866
7866
7867
7868
7868
7869
7870
7871
7872
7872
7872
7873
7873
7874
7876
7876
7876
7876
7877
7880
7882
7884
7887
7887
7887
7889
7889
7890
7891
7891
7893
7894
7894
7895
7896
7899
7899
7900
7901
7901
7903
7903
7907
7907
7909
7909
7911
7911
7913
7913
7914
7915
7918
7919
7922
7922
7926
7926
7926
7928
7928
7930
7931
7932
7935
7936
7936
7939
7942
7943
7944
7947
7949
7952
7952
7952
7952
7955
7956
7957
7958
7959
7960
7960
7961
7962
7962
7963
7964
7965
7966
7966
7968
7968
7969
7970
7970
7973
7976
7977
7977
7978
7979
7980
7981
7983
7983
7984
7984
7984
7986
7986
7988
7990
7991
7993
7993
7996
7997
8002
8002
8004
8005
8006
8007
8007
8007
8008
8008
8008
8009
8010
8010
8011
8011
8015
8015
8017
8018
8018
8018
8020
8020
8020
8021
8022
8024
8024
8024
8025
8029
8029
8030
8030
8030
8031
8031
8031
8032
8033
8034
8035
8036
8036
8037
8040
8040
8041
8042
8043
8044
8044
8044
8045
8045
8045
8047
8049
8050
8050
8051
8051
8052
8052
8053
8055
8057
8058
8058
8059
8059
8063
8063
8068
8070
8071
8071
8071
8072
8074
8075
8078
8080
8082
8082
8082
8084
8085
8085
8085
8086
8087
8087
8087
8089
8090
8091
8092
8094
8094
8095
8097
8097
8097
8099
8099
8100
8101
8101
8102
8106
8106
8106
8109
8111
8112
8112
8112
8115
8116
8116
8116
8117
8117
8118
8119
8119
8121
8123
8124
8125
8125
8126
8126
8129
8129
8133
8133
8138
8138
8139
8140
8142
8143
8143
8144
8145
8145
8146
8147
8147
8147
8147
8148
8148
8151
8151
8153
8155
8157
8157
8157
8157
8159
8160
8160
8165
8169
8171
8171
8172
8172
8172
8173
8174
8175
8175
8177
8179
8180
8181
8181
8181
8182
8182
8183
8184
8184
8184
8184
8184
8184
8185
8186
8187
8188
8189
8193
8193
8194
8196
8196
8196
8198
8199
8199
8200
8203
8204
8204
8204
8204
8205
8205
8205
8206
8207
8207
8208
8208
8208
8208
8208
8208
8209
8210
8210
8210
8211
8211
8212
8213
8214
8215
8217
8219
8221
8222
8222
8225
8226
8227
8228
8229
8230
8231
8233
8235
8235
8237
8237
8237
8239
8240
8240
8240
8241
8243
8243
8246
8246
8247
8247
8249
8251
8253
8255
8256
8257
8259
8262
8263
8264
8266
8270
8271
8271
8274
8274
8274
8275
8275
8276
8276
8278
8279
8280
8281
8282
8283
8283
8283
8283
8283
8285
8287
8288
8289
8290
8291
8291
8291
8292
8293
8294
8296
8297
8297
8298
8300
8302
8303
8303
8304
8306
8306
8308
8308
8311
8311
8311
8312
8312
8313
8313
8315
8318
8319
8319
8320
8322
8324
8325
8330
8331
8331
8332
8333
8333
8334
8334
8334
8335
8336
8337
8338
8339
8339
8339
8340
8341
8344
8344
8345
8346
8346
8349
8350
8350
8351
8351
8351
8351
8352
8356
8357
8357
8357
8360
8362
8363
8366
8367
8367
8369
8372
8373
8373
8373
8374
8375
8376
8377
8377
8377
8378
8378
8378
8381
8381
8384
8384
8392
8396
8396
8399
8399
8399
8400
8401
8402
8403
8404
8404
8405
8405
8406
8408
8408
8408
8409
8410
8410
8411
8412
8412
8413
8415
8416
8418
8418
8418
8419
8419
8420
8421
8422
8423
8425
8426
8429
8431
8432
8433
8434
8435
8437
8438
8440
8441
8442
8443
8444
8444
8444
8446
8447
8448
8450
8451
8454
8455
8456
8457
8459
8460
8461
8462
8463
8464
8464
8465
8472
8473
8474
8476
8478
8478
8479
8479
8480
8480
8480
8481
8482
8483
8484
8484
8484
8485
8486
8486
8486
8488
8489
8490
8490
8490
8492
8493
8493
8496
8497
8501
8504
8505
8505
8506
8506
8508
8509
8509
8510
8512
8513
8513
8515
8517
8518
8519
8519
8521
8522
8522
8523
8523
8524
8524
8524
8527
8528
8531
8532
8533
8534
8534
8535
8536
8536
8536
8537
8537
8538
8539
8539
8540
8543
8544
8544
8545
8545
8546
8546
8548
8548
8549
8552
8552
8553
8553
8555
8555
8556
8558
8558
8559
8559
8562
8563
8565
8566
8567
8567
8567
8568
8569
8570
8571
8572
8575
8578
8578
8579
8579
8581
8582
8582
8582
8583
8584
8584
8586
8587
8587
8587
8588
8588
8588
8589
8589
8589
8590
8592
8592
8594
8595
8595
8596
8597
8598
8598
8599
8601
8601
8603
8604
8606
8606
8606
8609
8609
8609
8609
8611
8612
8612
8614
8615
8620
8621
8623
8625
8628
8628
8630
8633
8635
8635
8636
8637
8637
8638
8638
8638
8639
8640
8641
8641
8643
8645
8646
8647
8650
8651
8652
8660
8663
8663
8664
8664
8664
8666
8666
8668
8670
8671
8672
8672
8672
8672
8673
8673
8673
8674
8674
8675
8678
8678
8678
8685
8688
8690
8690
8692
8694
8694
8694
8695
8696
8697
8698
8698
8699
8699
8702
8704
8705
8706
8706
8707
8707
8708
8710
8711
8715
8716
8716
8718
8718
8719
8719
8722
8723
8723
8724
8726
8726
8727
8729
8730
8732
8733
8733
8735
8735
8736
8738
8739
8740
8742
8744
8745
8746
8746
8748
8748
8750
8750
8751
8751
8751
8752
8753
8754
8754
8754
8756
8757
8757
8757
8758
8758
8758
8761
8762
8762
8762
8763
8763
8764
8764
8764
8765
8765
8765
8766
8767
8767
8771
8771
8771
8772
8774
8774
8774
8775
8778
8778
8780
8780
8780
8780
8781
8782
8785
8786
8788
8789
8790
8790
8790
8793
8793
8793
8793
8795
8795
8798
8798
8800
8800
8800
8801
8803
8804
8805
8805
8806
8809
8810
8813
8814
8816
8816
8818
8818
8820
8820
8821
8824
8825
8826
8826
8827
8830
8830
8833
8833
8836
8838
8839
8839
8840
8841
8841
8842
8842
8844
8844
8846
8847
8847
8848
8848
8850
8850
8851
8851
8852
8853
8853
8855
8857
8860
8863
8863
8863
8864
8864
8864
8865
8865
8869
8871
8872
8872
8872
8873
8873
8879
8879
8879
8880
8880
8881
8882
8887
8887
8888
8890
8893
8897
8897
8900
8901
8903
8903
8904
8905
8906
8909
8909
8911
8912
8914
8915
8915
8915
8918
8918
8920
8921
8923
8924
8924
8924
8927
8927
8928
8930
8930
8932
8932
8934
8934
8935
8936
8936
8937
8937
8937
8938
8938
8939
8941
8941
8941
8943
8944
8945
8945
8946
8947
8947
8948
8948
8949
8950
8951
8954
8955
8955
8956
8958
8958
8960
8961
8962
8964
8967
8968
8968
8969
8969
8969
8971
8972
8975
8975
8976
8978
8978
8978
8979
8980
8980
8980
8981
8982
8983
8983
8983
8985
8985
8987
8988
8990
8991
8991
8992
8996
8997
8998
8999
9000
9000
9001
9004
9005
9006
9006
9007
9007
9007
9009
9010
9014
9016
9016
9018
9019
9020
9020
9021
9021
9022
9022
9022
9024
9024
9024
9024
9026
9027
9027
9027
9028
9028
9029
9030
9030
9031
9032
9033
9034
9036
9036
9036
9037
9037
9040
9040
9041
9042
9043
9044
9045
9047
9048
9049
9049
9049
9049
9051
9053
9054
9054
9055
9055
9057
9057
9058
9058
9059
9060
9061
9061
9063
9063
9064
9065
9065
9068
9068
9069
9070
9071
9072
9072
9074
9077
9077
9077
9078
9083
9083
9084
9085
9085
9086
9090
9090
9094
9094
9096
9097
9099
9100
9101
9102
9103
9103
9103
9104
9105
9107
9107
9107
9109
9109
9111
9113
9113
9114
9115
9116
9116
9116
9116
9117
9117
9117
9118
9119
9119
9121
9121
9121
9122
9122
9122
9123
9124
9124
9126
9127
9127
9129
9129
9130
9131
9132
9132
9133
9133
9134
9136
9137
9142
9143
9143
9144
9146
9147
9151
9152
9155
9157
9158
9159
9159
9159
9162
9162
9163
9165
9165
9166
9167
9167
9168
9169
9171
9171
9172
9172
9173
9174
9175
9175
9175
9176
9176
9177
9178
9180
9180
9181
9182
9183
9184
9185
9187
9187
9188
9189
9190
9191
9191
9192
9192
9193
9194
9194
9196
9197
9197
9198
9198
9198
9200
9201
9202
9202
9203
9205
9206
9208
9209
9211
9211
9212
9214
9216
9218
9219
9220
9220
9221
9223
9223
9226
9226
9227
9227
9228
9230
9230
9231
9231
9232
9232
9233
9235
9236
9237
9237
9238
9238
9240
9240
9247
9247
9248
9249
9249
9250
9250
9251
9252
9252
9253
9253
9253
9253
9255
9255
9255
9257
9257
9258
9259
9260
9261
9262
9267
9268
9269
9271
9272
9275
9275
9280
9280
9282
9282
9282
9282
9285
9286
9287
9287
9287
9289
9289
9290
9292
9293
9293
9294
9295
9297
9298
9298
9299
9299
9300
9300
9300
9307
9311
9311
9313
9313
9316
9316
9316
9316
9316
9318
9318
9319
9319
9321
9321
9323
9324
9325
9325
9326
9327
9328
9331
9331
9332
9333
9333
9333
9334
9334
9335
9336
9339
9340
9341
9343
9344
9345
9345
9345
9345
9348
9349
9350
9352
9352
9353
9354
9357
9357
9358
9358
9361
9368
9370
9370
9371
9371
9372
9373
9374
9376
9377
9377
9377
9378
9380
9381
9382
9382
9382
9384
9384
9385
9389
9390
9390
9391
9392
9393
9393
9394
9395
9395
9396
9396
9396
9397
9398
9399
9400
9400
9401
9401
9402
9403
9403
9406
9406
9407
9407
9407
9409
9411
9412
9414
9414
9415
9416
9417
9417
9418
9418
9419
9419
9421
9422
9423
9423
9423
9424
9424
9424
9425
9425
9428
9429
9430
9430
9430
9431
9431
9434
9434
9435
9435
9437
9438
9439
9439
9444
9444
9444
9445
9447
9448
9450
9451
9452
9454
9456
9457
9457
9457
9457
9458
9460
9461
9461
9461
9462
9463
9465
9466
9467
9467
9469
9470
9477
9477
9477
9477
9478
9479
9483
9483
9483
9484
9484
9484
9486
9487
9487
9488
9488
9489
9489
9491
9491
9492
9492
9492
9492
9493
9493
9493
9494
9497
9498
9498
9498
9500
9500
9500
9501
9502
9502
9503
9503
9506
9507
9507
9508
9510
9510
9512
9513
9514
9517
9518
9520
9520
9521
9523
9523
9525
9527
9527
9527
9530
9530
9530
9532
9535
9535
9536
9537
9537
9537
9537
9541
9541
9542
9542
9542
9542
9543
9544
9544
9550
9550
9551
9551
9551
9551
9552
9552
9553
9553
9554
9554
9554
9555
9555
9556
9557
9559
9559
9559
9560
9560
9561
9562
9562
9564
9564
9564
9565
9566
9568
9568
9568
9569
9570
9571
9572
9573
9574
9575
9576
9577
9578
9579
9580
9580
9580
9581
9581
9581
9581
9582
9582
9582
9586
9588
9589
9589
9590
9591
9591
9592
9592
9593
9597
9598
9598
9598
9600
9601
9602
9604
9604
9605
9605
9606
9606
9609
9609
9610
9612
9612
9613
9613
9614
9617
9619
9621
9622
9622
9622
9622
9624
9626
9626
9629
9629
9630
9631
9631
9632
9636
9636
9637
9637
9638
9639
9639
9639
9640
9641
9642
9643
9647
9650
9651
9651
9652
9653
9654
9655
9655
9655
9656
9657
9657
9658
9661
9662
9663
9663
9666
9666
9666
9668
9669
9672
9672
9672
9675
9675
9676
9676
9677
9678
9680
9680
9681
9685
9685
9686
9686
9687
9689
9691
9691
9691
9691
9696
9697
9698
9699
9701
9703
9703
9704
9706
9707
9708
9708
9709
9711
9712
9714
9716
9720
9721
9721
9722
9722
9723
9724
9725
9726
9726
9727
9728
9728
9730
9731
9733
9734
9735
9736
9737
9738
9739
9740
9740
9746
9747
9747
9748
9749
9749
9750
9751
9752
9753
9754
9755
9756
9757
9757
9757
9757
9760
9761
9761
9762
9763
9764
9765
9765
9765
9766
9766
9767
9767
9768
9768
9769
9769
9770
9771
9772
9772
9773
9774
9774
9775
9776
9776
9777
9777
9777
9778
9779
9781
9782
9783
9783
9784
9784
9785
9785
9786
9788
9789
9789
9790
9790
9791
9791
9792
9795
9796
9796
9797
9800
9800
9800
9801
9804
9804
9806
9807
9808
9809
9811
9811
9812
9814
9814
9815
9816
9819
9819
9819
9820
9821
9821
9823
9824
9825
9826
9826
9826
9828
9828
9829
9829
9830
9830
9830
9830
9830
9831
9833
9834
9834
9834
9836
9836
9837
9837
9838
9838
9839
9839
9840
9843
9845
9846
9847
9847
9847
9849
9850
9850
9851
9852
9852
9853
9853
9854
9854
9856
9858
9859
9860
9860
9860
9862
9862
9863
9866
9867
9867
9867
9867
9868
9868
9868
9869
9869
9872
9872
9872
9875
9876
9879
9880
9881
9882
9882
9884
9884
9884
9885
9888
9889
9889
9893
9895
9898
9898
9898
9899
9899
9899
9899
9900
9901
9902
9902
9905
9905
9906
9906
9907
9907
9912
9913
9914
9914
9918
9918
9918
9919
9920
9920
9921
9921
9921
9925
9925
9927
9929
9931
9932
9932
9932
9934
9936
9936
9937
9937
9937
9941
9942
9942
9942
9947
9947
9948
9948
9949
9949
9949
9950
9951
9952
9953
9953
9953
9953
9953
9954
9955
9956
9957
9957
9958
9958
9959
9959
9960
9960
9961
9961
9967
9968
9968
9968
9969
9971
9973
9975
9975
9977
9979
9981
9982
9983
9984
9986
9986
9986
9986
9987
9987
9988
9988
9990
9990
9991
9992
9993
9994
9995
9995
9995
9997
9999

Comparisons: 159205
Swaps: 86557
Execution time (ns): 13