2
2
3
6
6
6
6
7
7
8
8
9
9
10
11
11
14
16
17
18
18
18
20
23
23
23
24
26
26
27
28
28
28
32
34
34
35
35
36
36
37
37
38
40
40
42
43
43
44
44
45
45
47
49
49
50
50
52
52
53
56
56
58
61
61
61
62
62
62
64
64
65
65
65
66
66
69
69
69
71
73
73
75
75
75
75
76
78
80
83
84
85
86
89
90
92
92
92
93
97
98
98
99
102
103
104
104
104
105
105
105
105
106
106
106
108
109
109
110
111
113
114
115
116
116
118
118
119
120
120
120
123
123
124
124
125
126
126
127
128
128
128
129
130
130
132
133
134
135
135
136
138
139
140
142
142
143
144
145
145
146
147
149
151
152
153
155
155
156
156
156
157
157
157
160
161
164
165
165
166
167
167
167
167
167
168
168
169
169
172
173
181
186
187
188
189
190
191
192
194
196
196
196
198
199
199
202
202
206
206
209
209
209
211
212
213
213
214
215
216
217
218
218
219
220
221
221
221
223
223
224
225
225
227
229
230
231
232
232
233
234
234
235
235
237
238
238
238
240
241
241
241
243
244
244
244
244
245
245
245
246
246
246
246
247
251
251
251
251
252
253
255
255
257
257
257
258
258
259
260
261
262
264
264
264
265
266
267
267
271
272
273
273
274
275
276
276
277
278
278
280
280
281
281
284
287
288
288
289
290
291
291
292
295
296
298
299
299
302
302
303
304
304
305
305
305
305
305
306
306
306
306
309
310
311
311
312
313
313
314
318
321
322
322
324
324
326
327
328
328
329
329
332
332
333
335
335
335
336
336
340
340
342
342
343
343
347
347
350
351
352
355
355
355
356
356
357
357
359
360
361
363
363
364
366
367
367
368
369
370
370
373
374
375
375
375
377
379
379
380
380
380
381
382
383
383
385
385
388
388
390
390
392
392
392
393
393
394
394
394
394
395
395
396
397
397
397
399
401
402
403
403
405
405
405
406
407
408
411
411
415
415
416
416
418
418
419
420
420
420
422
422
425
426
426
427
427
427
428
429
433
433
434
435
437
442
443
444
444
444
445
448
450
453
453
453
453
455
456
458
458
459
459
459
461
462
462
463
463
463
464
467
467
468
470
470
471
474
475
476
477
478
478
480
481
483
484
485
485
485
486
486
486
488
489
490
491
491
491
493
494
494
494
495
496
497
498
499
502
502
503
505
506
506
507
507
510
510
512
514
514
514
515
516
516
518
518
521
521
524
524
524
525
525
525
527
527
528
529
529
533
534
536
536
538
539
541
542
544
544
545
547
547
550
550
550
550
553
554
555
555
555
556
559
559
559
562
562
564
564
567
567
568
569
569
569
569
571
572
573
573
573
577
577
579
584
584
589
590
590
590
594
595
596
596
596
596
597
597
597
597
599
600
601
602
602
603
605
605
606
606
607
608
608
608
608
608
609
610
612
613
613
614
616
617
618
619
620
621
622
624
625
625
625
626
628
629
629
630
631
632
633
634
635
637
637
637
638
638
639
640
641
641
642
645
646
647
647
649
651
651
651
654
655
655
656
657
659
659
665
665
665
665
667
669
669
669
670
672
672
673
674
674
675
675
676
676
677
677
677
678
680
682
682
683
683
683
683
685
686
686
686
686
687
688
689
690
693
693
694
694
695
695
696
697
698
699
702
703
705
707
707
707
708
710
713
713
714
714
716
719
721
721
721
721
721
723
724
727
727
728
729
730
730
732
732
736
740
740
741
742
743
743
744
746
746
747
748
749
749
751
753
753
755
755
756
756
759
760
761
763
763
763
765
766
766
766
766
767
770
770
771
772
772
772
773
775
775
777
778
779
780
784
786
786
786
791
794
794
796
796
797
797
800
802
803
804
805
805
805
805
806
806
806
807
807
808
808
808
808
809
810
810
811
811
815
815
816
816
816
816
817
819
820
821
821
822
824
825
825
827
830
830
830
831
832
832
834
834
834
834
835
835
835
836
836
838
839
839
840
842
843
844
845
846
848
849
850
850
850
851
852
853
853
854
854
855
855
856
857
859
860
860
861
861
864
865
865
868
869
870
870
874
874
875
875
876
877
878
879
881
881
882
882
883
886
889
890
892
893
893
895
896
898
898
899
899
901
901
903
904
904
905
907
908
908
909
909
911
911
911
912
913
914
914
915
916
917
917
918
918
919
921
923
923
924
924
925
926
927
929
930
931
932
933
933
933
937
942
944
949
950
950
954
955
957
959
959
964
964
965
965
967
968
968
969
969
969
973
973
975
976
976
976
978
978
978
979
979
979
980
982
982
983
985
986
987
987
990
991
993
994
996
996
996
997
997
998
999
1002
1003
1004
1005
1006
1007
1008
1009
1010
1010
1011
1013
1015
1015
1016
1016
1016
1017
1017
1017
1019
1021
1024
1024
1025
1025
1026
1028
1028
1029
1030
1030
1030
1031
1032
1032
1033
1034
1036
1036
1036
1037
1037
1038
1041
1043
1043
1044
1045
1047
1050
1051
1051
1053
1053
1055
1056
1056
1057
1060
1060
1061
1061
1062
1063
1063
1063
1065
1067
1069
1070
1070
1071
1073
1074
1074
1075
1075
1075
1077
1078
1079
1080
1081
1081
1082
1083
1083
1084
1084
1086
1088
1088
1088
1088
1090
1092
1092
1092
1094
1094
1096
1097
1097
1099
1099
1100
1102
1102
1103
1103
1104
1106
1106
1106
1107
1107
1108
1109
1109
1110
1112
1112
1112
1114
1115
1117
1121
1121
1122
1122
1125
1126
1127
1129
1129
1130
1131
1137
1137
1137
1139
1140
1141
1141
1141
1142
1142
1143
1143
1147
1149
1151
1151
1152
1154
1155
1158
1158
1159
1162
1165
1166
1167
1168
1170
1170
1172
1172
1173
1173
1173
1174
1175
1176
1179
1180
1180
1181
1182
1182
1183
1183
1184
1184
1185
1186
1187
1187
1188
1190
1191
1191
1193
1194
1195
1195
1195
1196
1197
1197
1197
1197
1197
1197
1198
1198
1198
1200
1200
1202
1205
1206
1206
1206
1207
1210
1211
1212
1216
1217
1218
1220
1223
1224
1226
1229
1230
1234
1236
1237
1237
1240
1240
1240
1240
1242
1244
1244
1245
1245
1245
1247
1247
1248
1248
1248
1248
1249
1249
1250
1251
1253
1254
1254
1262
1262
1264
1265
1265
1265
1268
1268
1269
1269
1270
1273
1274
1274
1275
1275
1275
1276
1278
1280
1282
1283
1283
1284
1284
1285
1285
1285
1288
1288
1291
1292
1294
1294
1294
1296
1296
1297
1299
1299
1301
1301
1301
1302
1303
1304
1304
1304
1308
1309
1310
1310
1311
1311
1315
1315
1316
1317
1318
1319
1320
1321
1322
1323
1325
1327
1327
1328
1329
1330
1331
1331
1332
1333
1333
1334
1338
1340
1342
1343
1345
1346
1346
1347
1347
1348
1350
1351
1351
1352
1352
1353
1353
1354
1355
1355
1356
1359
1360
1361
1361
1365
1366
1366
1366
1367
1368
1370
1370
1371
1371
1372
1372
1372
1373
1375
1376
1379
1380
1380
1381
1381
1381
1384
1385
1386
1388
1388
1389
1390
1391
1391
1392
1392
1393
1393
1395
1396
1398
1398
1398
1398
1399
1400
1404
1406
1406
1408
1408
1411
1412
1414
1414
1415
1415
1416
1416
1416
1417
1419
1420
1421
1421
1421
1421
1421
1422
1422
1423
1425
1426
1426
1427
1431
1431
1432
1432
1434
1437
1439
1439
1441
1445
1445
1447
1449
1452
1455
1456
1457
1459
1460
1461
1461
1462
1464
1466
1467
1468
1470
1471
1471
1472
1473
1475
1475
1478
1479
1480
1484
1485
1485
1486
1486
1486
1487
1487
1488
1489
1491
1491
1493
1497
1497
1500
1500
1503
1507
1509
1509
1510
1510
1511
1515
1516
1517
1518
1519
1519
1520
1520
1521
1523
1525
1529
1529
1530
1530
1530
1531
1531
1532
1532
1533
1534
1535
1538
1538
1539
1541
1544
1545
1546
1547
1549
1549
1551
1551
1551
1551
1551
1552
1554
1557
1559
1564
1565
1565
1567
1568
1568
1569
1569
1570
1571
1572
1574
1575
1577
1581
1581
1581
1581
1582
1584
1584
1586
1587
1592
1595
1596
1597
1597
1599
1599
1600
1600
1600
1601
1602
1602
1602
1603
1604
1604
1604
1604
1608
1608
1610
1611
1612
1613
1614
1615
1615
1615
1615
1616
1618
1622
1625
1626
1626
1626
1627
1627
1628
1628
1628
1628
1629
1630
1631
1631
1631
1633
1634
1636
1637
1637
1637
1638
1638
1638
1638
1640
1643
1643
1644
1645
1646
1646
1649
1651
1651
1653
1655
1660
1661
1662
1662
1666
1669
1670
1673
1673
1674
1674
1675
1678
1679
1683
1685
1686
1686
1687
1688
1689
1689
1690
1690
1692
1692
1695
1696
1697
1697
1697
1698
1698
1698
1699
1700
1701
1702
1702
1702
1703
1706
1706
1707
1708
1708
1712
1712
1713
1713
1714
1715
1715
1715
1717
1720
1721
1723
1725
1726
1726
1728
1729
1730
1730
1730
1732
1733
1733
1733
1733
1736
1736
1738
1738
1738
1739
1739
1741
1744
1745
1746
1748
1748
1748
1748
1750
1750
1751
1752
1753
1753
1754
1756
1756
1758
1761
1762
1762
1763
1764
1764
1765
1768
1768
1768
1769
1769
1770
1771
1772
1773
1774
1774
1777
1779
1780
1780
1782
1783
1783
1784
1784
1784
1787
1787
1788
1788
1789
1789
1789
1790
1792
1793
1797
1797
1797
1798
1801
1802
1803
1803
1804
1804
1805
1805
1807
1807
1807
1808
1808
1809
1810
1811
1814
1814
1820
1821
1821
1821
1822
1823
1824
1827
1828
1828
1829
1829
1830
1830
1830
1831
1832
1832
1835
1837
1838
1840
1841
1843
1844
1844
1844
1846
1847
1847
1848
1849
1849
1850
1850
1851
1852
1853
1854
1855
1855
1855
1856
1856
1856
1857
1858
1859
1862
1862
1862
1863
1864
1864
1865
1866
1866
1866
1867
1869
1870
1872
1873
1873
1873
1873
1874
1874
1874
1878
1878
1879
1885
1885
1886
1886
1887
1890
1891
1892
1892
1892
1893
1894
1898
1899
1900
1900
1901
1901
1902
1903
1904
1906
1906
1909
1909
1911
1911
1911
1911
1912
1914
1914
1914
1915
1916
1918
1918
1918
1920
1922
1922
1924
1925
1927
1927
1928
1929
1930
1931
1932
1933
1933
1933
1933
1934
1937
1937
1937
1939
1941
1941
1941
1942
1942
1944
1945
1945
1945
1946
1953
1954
1955
1955
1956
1956
1957
1957
1959
1960
1960
1962
1963
1963
1963
1964
1964
1965
1965
1965
1965
1969
1969
1971
1972
1973
1974
1975
1977
1977
1977
1978
1978
1978
1978
1979
1980
1981
1982
1982
1984
1984
1985
1987
1987
1987
1990
1993
1993
1994
1996
1996
1997
1998
2000
2001
2002
2002
2003
2004
2006
2006
2009
2009
2009
2011
2016
2016
2016
2018
2019
2020
2022
2024
2025
2026
2026
2026
2027
2030
2031
2031
2031
2032
2032
2035
2035
2035
2038
2039
2040
2040
2042
2046
2048
2048
2049
2050
2050
2051
2053
2055
2056
2056
2056
2056
2060
2061
2063
2063
2063
2065
2067
2067
2069
2069
2070
2073
2074
2077
2077
2078
2082
2083
2083
2083
2084
2084
2085
2086
2088
2088
2092
2095
2096
2096
2097
2097
2098
2102
2102
2103
2103
2105
2107
2110
2111
2112
2112
2113
2113
2113
2113
2114
2114
2116
2117
2118
2121
2123
2124
2125
2125
2125
2126
2126
2127
2127
2127
2128
2129
2129
2130
2130
2131
2132
2134
2135
2135
2135
2136
2137
2138
2140
2140
2141
2141
2141
2142
2142
2143
2144
2144
2145
2145
2148
2149
2149
2150
2150
2151
2151
2152
2152
2153
2154
2154
2155
2157
2158
2158
2158
2158
2159
2159
2159
2159
2162
2163
2165
2167
2167
2168
2168
2173
2173
2173
2174
2174
2176
2177
2179
2180
2181
2181
2181
2183
2183
2186
2186
2186
2187
2188
2188
2188
2188
2189
2191
2191
2191
2193
2193
2195
2195
2195
2196
2196
2196
2196
2198
2201
2203
2204
2204
2204
2204
2205
2207
2207
2207
2208
2208
2213
2213
2213
2214
2215
2215
2216
2218
2220
2221
2221
2221
2222
2223
2225
2226
2227
2227
2228
2228
2228
2229
2231
2232
2232
2233
2233
2236
2236
2238
2239
2240
2241
2241
2243
2243
2244
2244
2244
2244
2247
2247
2248
2248
2249
2249
2250
2252
2253
2254
2254
2255
2255
2255
2256
2257
2260
2261
2261
2262
2264
2266
2266
2266
2268
2270
2271
2275
2276
2277
2280
2281
2282
2285
2287
2287
2287
2288
2288
2290
2291
2291
2293
2293
2295
2296
2298
2298
2299
2299
2300
2301
2301
2302
2302
2303
2303
2306
2306
2306
2307
2309
2309
2310
2311
2313
2314
2316
2317
2318
2318
2318
2318
2320
2322
2323
2323
2323
2325
2326
2327
2327
2327
2328
2329
2329
2330
2331
2331
2332
2335
2339
2339
2339
2339
2340
2344
2344
2345
2346
2347
2347
2349
2350
2352
2353
2353
2353
2355
2356
2357
2359
2360
2362
2362
2362
2363
2364
2364
2365
2365
2366
2366
2367
2367
2368
2369
2370
2372
2372
2372
2372
2372
2373
2373
2373
2375
2375
2376
2377
2378
2381
2381
2384
2385
2386
2387
2387
2387
2387
2388
2389
2390
2390
2391
2391
2391
2393
2394
2395
2395
2395
2395
2395
2395
2396
2396
2397
2398
2399
2400
2401
2402
2402
2402
2403
2405
2406
2407
2408
2408
2409
2409
2409
2411
2412
2413
2417
2419
2419
2421
2422
2424
2424
2425
2427
2428
2428
2429
2429
2429
2432
2433
2433
2434
2435
2437
2438
2439
2439
2440
2440
2442
2445
2446
2447
2447
2448
2448
2449
2451
2452
2453
2453
2455
2456
2456
2457
2459
2460
2460
2460
2461
2462
2464
2464
2465
2465
2466
2467
2468
2468
2470
2476
2478
2478
2479
2480
2482
2484
2484
2485
2485
2485
2485
2486
2486
2486
2486
2487
2489
2489
2490
2490
2491
2492
2493
2493
2494
2496
2497
2498
2500
2500
2501
2501
2502
2503
2503
2505
2507
2509
2511
2511
2515
2518
2518
2518
2519
2519
2519
2520
2520
2520
2520
2523
2525
2525
2526
2526
2528
2528
2529
2530
2533
2534
2535
2537
2537
2539
2541
2542
2542
2543
2543
2544
2544
2544
2545
2546
2546
2546
2547
2548
2549
2549
2550
2551
2551
2554
2554
2555
2558
2558
2559
2559
2561
2562
2563
2563
2565
2565
2567
2568
2571
2571
2573
2579
2580
2582
2582
2583
2583
2585
2585
2586
2586
2587
2590
2590
2593
2594
2596
2596
2596
2599
2600
2602
2603
2604
2604
2604
2609
2610
2612
2612
2613
2613
2614
2614
2615
2616
2616
2617
2619
2623
2624
2624
2624
2624
2626
2626
2628
2628
2628
2628
2635
2635
2635
2635
2637
2637
2638
2638
2638
2639
2641
2644
2645
2646
2646
2648
2649
2650
2651
2652
2652
2653
2653
2653
2654
2654
2655
2658
2659
2659
2660
2660
2661
2661
2662
2663
2664
2665
2666
2666
2668
2668
2669
2669
2669
2669
2670
2673
2674
2675
2676
2676
2679
2679
2681
2683
2684
2684
2684
2685
2689
2689
2690
2691
2693
2694
2695
2697
2698
2700
2701
2702
2704
2705
2706
2707
2707
2708
2708
2709
2710
2711
2712
2714
2716
2717
2717
2718
2718
2719
2719
2720
2720
2722
2722
2722
2722
2724
2725
2726
2728
2728
2728
2729
2730
2730
2731
2731
2732
2733
2734
2735
2736
2737
2737
2739
2740
2741
2741
2745
2748
2749
2750
2752
2754
2755
2755
2756
2756
2757
2759
2760
2760
2761
2762
2762
2764
2764
2764
2767
2768
2768
2768
2769
2769
2770
2773
2776
2777
2778
2779
2779
2779
2779
2780
2781
2781
2781
2782
2785
2788
2788
2791
2791
2792
2793
2795
2797
2797
2798
2799
2801
2802
2802
2802
2803
2804
2807
2807
2808
2810
2811
2812
2813
2814
2816
2817
2818
2818
2819
2821
2821
2821
2822
2823
2824
2826
2827
2829
2830
2831
2832
2834
2835
2838
2838
2838
2839
2840
2840
2840
2840
2841
2841
2842
2847
2847
2847
2849
2849
2850
2850
2850
2852
2852
2853
2853
2853
2854
2856
2856
2857
2857
2861
2862
2864
2867
2869
2870
2871
2871
2873
2874
2874
2876
2877
2877
2877
2877
2880
2881
2881
2882
2885
2885
2888
2891
2892
2893
2894
2894
2897
2898
2898
2898
2899
2901
2902
2905
2906
2907
2909
2910
2910
2910
2911
2912
2915
2915
2915
2915
2915
2918
2919
2919
2919
2919
2923
2923
2924
2925
2927
2927
2928
2930
2931
2933
2934
2934
2934
2935
2937
2938
2941
2943
2945
2946
2946
2947
2947
2947
2949
2949
2951
2952
2952
2953
2957
2957
2957
2959
2959
2960
2961
2964
2965
2967
2967
2968
2968
2970
2971
2972
2974
2974
2975
2975
2976
2978
2981
2983
2985
2985
2985
2988
2989
2990
2991
2992
2992
2992
2994
2996
2999
2999
3000
3001
3001
3002
3003
3004
3004
3004
3004
3007
3009
3012
3012
3012
3013
3015
3017
3017
3018
3018
3019
3024
3024
3024
3024
3025
3025
3026
3026
3027
3027
3028
3028
3029
3030
3030
3032
3033
3033
3034
3034
3034
3035
3036
3037
3041
3042
3044
3045
3046
3048
3049
3050
3051
3054
3054
3054
3056
3057
3057
3059
3060
3061
3062
3065
3065
3066
3067
3069
3069
3070
3071
3072
3072
3072
3075
3075
3077
3077
3077
3078
3078
3080
3080
3082
3082
3082
3084
3086
3086
3087
3088
3089
3089
3089
3091
3093
3094
3094
3095
3100
3100
3101
3103
3104
3105
3110
3111
3114
3115
3115
3118
3120
3120
3120
3120
3123
3125
3125
3128
3133
3137
3140
3141
3142
3142
3143
3145
3146
3147
3147
3147
3148
3149
3152
3153
3153
3155
3156
3157
3157
3157
3158
3158
3158
3159
3160
3161
3161
3162
3165
3166
3166
3167
3168
3169
3170
3170
3171
3171
3172
3172
3176
3178
3178
3178
3179
3179
3180
3182
3183
3183
3186
3187
3187
3192
3193
3194
3194
3194
3196
3199
3199
3204
3208
3209
3209
3210
3212
3213
3214
3216
3216
3219
3221
3221
3222
3222
3222
3223
3223
3225
3226
3226
3229
3229
3230
3231
3231
3231
3231
3233
3233
3234
3235
3236
3237
3238
3239
3239
3240
3241
3243
3243
3244
3244
3245
3246
3246
3246
3247
3247
3247
3249
3249
3250
3250
3252
3254
3254
3254
3256
3257
3257
3259
3261
3262
3263
3264
3266
3266
3267
3268
3268
3268
3268
3270
3271
3271
3272
3274
3275
3276
3278
3278
3280
3281
3281
3281
3282
3283
3284
3285
3286
3287
3287
3288
3288
3289
3291
3291
3292
3294
3296
3297
3297
3299
3301
3302
3302
3303
3304
3305
3306
3306
3306
3306
3307
3308
3309
3310
3310
3313
3314
3315
3315
3316
3316
3317
3320
3320
3321
3321
3324
3324
3325
3327
3330
3334
3335
3335
3336
3337
3337
3338
3338
3338
3338
3338
3347
3350
3354
3355
3356
3358
3358
3360
3361
3361
3362
3363
3363
3363
3365
3366
3367
3367
3368
3369
3369
3370
3375
3378
3378
3379
3379
3381
3382
3384
3384
3390
3391
3397
3399
3399
3400
3400
3401
3401
3401
3404
3404
3405
3406
3406
3406
3408
3409
3409
3413
3413
3413
3415
3416
3417
3418
3418
3419
3419
3419
3420
3420
3421
3421
3422
3422
3422
3424
3425
3427
3427
3429
3431
3433
3434
3436
3437
3438
3439
3439
3441
3441
3443
3443
3444
3444
3445
3445
3447
3447
3449
3449
3450
3450
3452
3452
3452
3454
3456
3457
3457
3458
3458
3458
3458
3459
3459
3459
3460
3461
3461
3462
3468
3468
3469
3470
3470
3471
3472
3472
3474
3474
3474
3478
3480
3481
3482
3482
3484
3487
3487
3487
3488
3489
3492
3492
3492
3493
3495
3495
3496
3497
3498
3499
3500
3500
3501
3501
3502
3503
3503
3505
3508
3509
3512
3512
3512
3512
3514
3514
3515
3516
3517
3518
3518
3519
3520
3522
3522
3522
3523
3525
3525
3526
3526
3528
3528
3529
3529
3529
3530
3530
3530
3531
3532
3533
3533
3534
3535
3535
3536
3536
3538
3538
3539
3539
3539
3541
3543
3545
3546
3549
3551
3552
3552
3553
3553
3553
3553
3555
3557
3560
3561
3561
3563
3564
3567
3568
3569
3569
3570
3571
3571
3571
3573
3575
3578
3578
3580
3580
3581
3582
3583
3584
3586
3586
3586
3586
3592
3593
3595
3596
3596
3597
3597
3597
3598
3599
3600
3602
3602
3603
3604
3605
3608
3609
3612
3613
3613
3614
3614
3615
3615
3617
3620
3622
3622
3622
3624
3625
3625
3627
3627
3628
3628
3631
3631
3632
3633
3634
3638
3639
3640
3642
3642
3642
3644
3644
3645
3645
3647
3647
3648
3652
3656
3656
3658
3658
3659
3659
3661
3662
3662
3662
3662
3663
3663
3664
3664
3666
3669
3669
3672
3672
3673
3673
3674
3676
3676
3679
3680
3680
3681
3681
3682
3683
3683
3684
3684
3688
3690
3690
3691
3691
3693
3694
3697
3698
3699
3702
3702
3704
3705
3706
3706
3707
3709
3709
3714
3714
3716
3716
3716
3716
3717
3718
3719
3722
3722
3723
3724
3725
3726
3726
3726
3732
3733
3733
3740
3740
3741
3741
3742
3743
3743
3743
3744
3744
3745
3748
3749
3751
3753
3754
3754
3757
3758
3758
3758
3760
3763
3764
3766
3767
3767
3767
3768
3769
3769
3771
3772
3773
3774
3774
3778
3778
3778
3780
3781
3781
3782
3782
3785
3786
3787
3788
3789
3790
3791
3793
3793
3794
3794
3795
3796
3796
3798
3798
3798
3799
3799
3801
3801
3801
3802
3803
3803
3804
3806
3806
3807
3807
3808
3808
3809
3811
3814
3815
3816
3817
3817
3818
3818
3819
3819
3819
3821
3822
3822
3825
3825
3827
3829
3829
3829
3829
3830
3830
3831
3835
3838
3840
3840
3840
3841
3841
3841
3841
3842
3843
3844
3845
3845
3846
3846
3848
3849
3850
3852
3853
3855
3857
3858
3858
3858
3861
3861
3861
3862
3863
3863
3865
3867
3867
3867
3869
3870
3871
3871
3873
3876
3879
3880
3883
3883
3883
3886
3887
3887
3887
3888
3889
3889
3891
3891
3893
3893
3895
3895
3898
3898
3900
3900
3901
3902
3902
3904
3905
3906
3906
3906
3907
3909
3909
3910
3910
3910
3911
3911
3912
3914
3914
3916
3916
3918
3920
3921
3922
3924
3924
3928
3928
3929
3933
3934
3937
3937
3937
3938
3940
3940
3940
3941
3944
3944
3944
3945
3947
3947
3949
3949
3951
3953
3955
3956
3957
3960
3960
3962
3965
3967
3969
3971
3971
3972
3973
3974
3975
3977
3978
3980
3981
3983
3985
3985
3989
3989
3990
3990
3990
3990
3992
3993
3995
3998
3999
3999
4000
4001
4001
4002
4003
4004
4005
4005
4005
4006
4008
4008
4008
4008
4008
4009
4009
4011
4012
4015
4015
4015
4016
4016
4016
4018
4018
4019
4020
4021
4023
4025
4026
4026
4027
4028
4031
4032
4032
4032
4033
4033
4033
4033
4034
4036
4036
4037
4037
4038
4039
4044
4044
4045
4045
4048
4050
4050
4052
4055
4056
4056
4057
4057
4058
4058
4060
4063
4065
4065
4068
4070
4073
4076
4077
4077
4077
4080
4081
4082
4086
4086
4088
4090
4090
4091
4091
4091
4092
4095
4095
4096
4096
4096
4096
4097
4097
4098
4099
4100
4101
4102
4102
4103
4105
4106
4106
4107
4107
4110
4111
4113
4113
4114
4114
4115
4115
4116
4118
4118
4118
4121
4123
4123
4124
4125
4125
4127
4127
4127
4127
4128
4130
4131
4132
4132
4132
4132
4134
4134
4135
4135
4138
4140
4143
4143
4144
4146
4147
4147
4149
4150
4151
4151
4152
4153
4153
4157
4157
4157
4159
4159
4159
4160
4161
4163
4163
4164
4166
4166
4167
4170
4171
4171
4173
4175
4176
4176
4177
4177
4178
4179
4180
4181
4182
4183
4183
4183
4184
4184
4185
4185
4186
4187
4188
4189
4191
4192
4193
4195
4196
4196
4199
4200
4200
4201
4201
4203
4204
4205
4206
4206
4206
4207
4207
4208
4208
4208
4210
4210
4211
4211
4211
4212
4213
4213
4214
4214
4218
4220
4220
4222
4226
4228
4231
4231
4231
4232
4232
4233
4233
4234
4236
4237
4238
4242
4242
4243
4244
4244
4244
4245
4245
4245
4245
4247
4248
4248
4248
4249
4250
4250
4250
4252
4252
4253
4253
4253
4254
4255
4256
4257
4260
4263
4264
4265
4265
4266
4266
4266
4267
4267
4268
4268
4269
4270
4270
4271
4271
4272
4272
4273
4273
4274
4279
4281
4282
4282
4284
4285
4285
4286
4286
4287
4289
4289
4290
4290
4291
4292
4294
4294
4294
4296
4297
4298
4300
4301
4302
4302
4303
4303
4305
4307
4307
4308
4314
4316
4318
4318
4318
4320
4322
4324
4326
4328
4328
4328
4329
4330
4330
4330
4330
4332
4332
4333
4333
4336
4336
4338
4339
4341
4342
4342
4343
4348
4349
4349
4351
4352
4353
4354
4355
4356
4357
4359
4360
4360
4362
4362
4364
4367
4368
4370
4371
4371
4371
4374
4375
4376
4376
4377
4379
4380
4380
4380
4383
4386
4387
4390
4392
4392
4393
4393
4394
4395
4395
4395
4396
4398
4399
4400
4401
4402
4402
4403
4404
4404
4404
4405
4406
4409
4409
4411
4414
4415
4416
4416
4416
4417
4417
4417
4417
4418
4418
4420
4420
4421
4422
4422
4423
4424
4424
4425
4429
4429
4429
4432
4433
4434
4434
4437
4438
4439
4440
4444
4445
4446
4447
4447
4448
4448
4449
4449
4449
4450
4453
4453
4454
4454
4457
4459
4459
4461
4462
4462
4462
4463
4464
4465
4466
4467
4468
4468
4468
4468
4468
4469
4472
4473
4475
4475
4475
4477
4477
4477
4479
4481
4481
4482
4484
4485
4486
4486
4486
4488
4489
4490
4493
4494
4495
4495
4496
4499
4499
4500
4501
4502
4502
4503
4503
4504
4505
4506
4507
4509
4510
4510
4512
4516
4518
4521
4522
4524
4526
4527
4527
4528
4528
4528
4528
4530
4531
4531
4532
4534
4537
4538
4539
4541
4544
4544
4544
4544
4544
4545
4545
4545
4545
4546
4546
4546
4549
4550
4552
4554
4555
4555
4556
4559
4559
4561
4562
4564
4566
4568
4568
4568
4569
4569
4575
4576
4576
4577
4579
4580
4580
4581
4581
4582
4582
4582
4583
4584
4584
4584
4586
4586
4586
4588
4589
4590
4590
4590
4590
4591
4592
4592
4592
4592
4593
4595
4595
4595
4600
4603
4605
4605
4605
4605
4606
4608
4608
4610
4610
4612
4612
4614
4615
4615
4615
4616
4618
4620
4621
4623
4623
4625
4626
4628
4628
4628
4628
4631
4632
4634
4636
4637
4638
4641
4641
4642
4642
4644
4646
4646
4647
4648
4648
4649
4649
4650
4650
4652
4653
4654
4655
4657
4657
4658
4658
4659
4660
4660
4661
4661
4661
4664
4664
4665
4665
4665
4666
4666
4667
4667
4668
4668
4669
4671
4672
4673
4674
4675
4676
4678
4679
4679
4681
4682
4683
4685
4685
4686
4686
4687
4687
4690
4691
4691
4692
4695
4695
4696
4697
4700
4701
4701
4701
4702
4703
4706
4706
4707
4707
4708
4708
4712
4713
4713
4713
4714
4714
4717
4717
4719
4719
4722
4722
4723
4723
4724
4725
4725
4725
4726
4727
4728
4729
4730
4733
4735
4736
4736
4737
4738
4738
4739
4740
4743
4744
4745
4746
4746
4747
4749
4751
4752
4753
4754
4756
4757
4757
4758
4759
4761
4761
4763
4764
4765
4765
4766
4766
4766
4766
4767
4767
4769
4772
4774
4774
4779
4779
4780
4780
4782
4783
4783
4784
4786
4788
4790
4790
4791
4791
4793
4795
4798
4798
4800
4804
4805
4806
4807
4808
4809
4809
4810
4811
4812
4813
4813
4813
4814
4814
4815
4815
4816
4817
4818
4821
4821
4822
4822
4823
4823
4823
4825
4826
4827
4829
4831
4832
4833
4834
4835
4836
4837
4838
4839
4840
4841
4841
4843
4843
4844
4845
4846
4847
4847
4849
4849
4849
4850
4851
4851
4852
4853
4854
4854
4855
4855
4860
4860
4864
4865
4865
4865
4866
4867
4869
4870
4871
4871
4872
4872
4873
4875
4875
4876
4876
4877
4877
4879
4881
4881
4882
4883
4883
4883
4884
4884
4884
4886
4888
4889
4891
4892
4894
4895
4896
4898
4900
4900
4901
4902
4903
4903
4904
4907
4908
4909
4909
4909
4911
4912
4912
4913
4913
4914
4914
4915
4916
4917
4917
4918
4919
4920
4922
4922
4924
4925
4927
4927
4928
4929
4929
4930
4931
4932
4932
4933
4933
4933
4933
4936
4937
4938
4938
4938
4939
4939
4939
4939
4939
4940
4941
4941
4943
4944
4945
4945
4947
4949
4950
4951
4952
4954
4954
4955
4957
4957
4959
4959
4960
4961
4961
4961
4962
4963
4964
4965
4965
4965
4965
4966
4968
4969
4969
4970
4971
4971
4973
4973
4974
4974
4975
4975
4975
4976
4977
4978
4978
4978
4981
4982
4982
4983
4984
4987
4987
4989
4990
4991
4991
4992
4993
4993
4993
4994
4995
4995
4995
4995
4997
4998
4999
5000
5001
5003
5003
5003
5004
5005
5005
5005
5005
5006
5006
5008
5008
5009
5010
5010
5010
5011
5011
5012
5014
5014
5015
5015
5016
5017
5018
5018
5021
5021
5021
5024
5025
5026
5026
5027
5027
5027
5030
5032
5034
5037
5037
5037
5037
5040
5040
5042
5042
5043
5043
5044
5044
5045
5046
5049
5049
5051
5052
5054
5054
5054
5055
5056
5057
5057
5059
5060
5062
5064
5065
5066
5068
5069
5070
5071
5072
5074
5074
5076
5076
5077
5079
5079
5080
5080
5080
5081
5082
5083
5084
5084
5085
5086
5088
5088
5089
5089
5090
5090
5090
5091
5091
5094
5095
5096
5097
5100
5100
5100
5101
5101
5101
5101
5104
5105
5106
5106
5109
5109
5110
5111
5111
5111
5113
5113
5115
5116
5116
5121
5121
5122
5123
5125
5125
5125
5126
5126
5126
5127
5127
5128
5134
5134
5135
5136
5136
5136
5137
5138
5139
5139
5141
5142
5143
5144
5145
5145
5145
5146
5149
5149
5150
5153
5156
5157
5157
5158
5159
5159
5164
5164
5166
5167
5168
5169
5169
5169
5171
5172
5172
5172
5173
5174
5174
5175
5176
5177
5177
5180
5182
5183
5183
5183
5183
5185
5186
5186
5186
5188
5188
5189
5190
5191
5191
5191
5194
5196
5197
5197
5197
5200
5202
5207
5208
5208
5209
5210
5210
5211
5211
5212
5216
5217
5217
5217
5218
5218
5219
5220
5220
5222
5222
5222
5223
5224
5224
5225
5226
5227
5228
5230
5234
5235
5238
5238
5238
5241
5241
5241
5245
5245
5246
5247
5248
5248
5248
5248
5249
5249
5250
5250
5250
5252
5252
5254
5254
5255
5255
5256
5258
5260
5261
5261
5262
5264
5265
5266
5267
5268
5272
5273
5275
5276
5276
5279
5282
5283
5286
5286
5287
5290
5291
5292
5293
5294
5295
5295
5295
5296
5297
5297
5297
5303
5303
5303
5303
5306
5309
5311
5311
5313
5313
5313
5314
5315
5315
5316
5317
5318
5318
5319
5320
5320
5320
5321
5322
5325
5325
5327
5327
5328
5329
5331
5331
5332
5335
5336
5336
5337
5337
5339
5339
5341
5342
5344
5345
5346
5346
5347
5347
5349
5352
5354
5354
5356
5358
5361
5361
5362
5362
5362
5363
5364
5366
5368
5368
5369
5370
5371
5371
5372
5372
5374
5377
5378
5378
5378
5379
5379
5379
5380
5382
5382
5383
5384
5385
5386
5386
5386
5388
5390
5392
5393
5395
5396
5397
5397
5401
5402
5403
5404
5404
5405
5405
5406
5407
5411
5416
5419
5419
5420
5423
5423
5424
5424
5425
5425
5426
5427
5428
5428
5429
5430
5431
5432
5432
5433
5433
5434
5434
5434
5435
5436
5437
5437
5440
5440
5441
5442
5442
5443
5444
5446
5450
5451
5451
5452
5454
5456
5456
5457
5459
5461
5462
5462
5462
5462
5465
5467
5467
5469
5470
5470
5470
5472
5474
5474
5475
5478
5478
5481
5481
5482
5484
5486
5487
5488
5488
5488
5491
5491
5493
5493
5494
5495
5496
5498
5498
5501
5503
5503
5503
5504
5505
5507
5507
5508
5508
5509
5509
5509
5509
5510
5513
5513
5515
5516
5516
5517
5517
5518
5518
5519
5520
5522
5522
5523
5523
5525
5526
5526
5527
5527
5529
5529
5530
5533
5537
5538
5539
5540
5540
5543
5546
5548
5549
5549
5551
5551
5553
5554
5555
5556
5556
5557
5561
5562
5564
5564
5565
5566
5566
5567
5568
5569
5570
5570
5571
5572
5573
5574
5574
5575
5575
5576
5576
5576
5577
5578
5579
5579
5580
5580
5581
5583
5583
5583
5584
5585
5585
5585
5585
5588
5588
5589
5589
5591
5591
5592
5592
5592
5595
5596
5596
5597
5598
5598
5600
5601
5602
5603
5603
5605
5608
5609
5609
5610
5610
5611
5612
5613
5614
5615
5616
5616
5617
5617
5618
5620
5621
5623
5624
5625
5627
5629
5630
5631
5632
5633
5634
5634
5634
5637
5637
5639
5643
5644
5646
5646
5647
5648
5648
5648
5648
5650
5654
5657
5658
5658
5663
5664
5664
5664
5666
5666
5666
5670
5672
5672
5672
5674
5674
5674
5675
5676
5676
5677
5679
5680
5680
5680
5680
5680
5680
5682
5682
5683
5684
5686
5686
5686
5686
5688
5689
5690
5691
5693
5695
5695
5696
5696
5697
5698
5699
5700
5702
5703
5703
5704
5705
5710
5710
5711
5712
5714
5714
5715
5716
5716
5717
5720
5720
5721
5722
5722
5722
5724
5724
5724
5726
5726
5727
5727
5729
5730
5730
5730
5733
5733
5733
5734
5736
5736
5739
5740
5742
5743
5743
5745
5746
5747
5747
5747
5748
5748
5748
5750
5750
5751
5754
5755
5757
5758
5759
5760
5760
5762
5763
5764
5764
5764
5765
5768
5769
5769
5770
5771
5771
5772
5773
5774
5774
5775
5778
5781
5781
5782
5784
5785
5786
5787
5787
5789
5790
5790
5790
5790
5792
5792
5793
5794
5795
5795
5796
5796
5797
5797
5798
5798
5799
5799
5801
5801
5802
5807
5810
5812
5813
5814
5815
5817
5817
5817
5819
5820
5823
5823
5828
5828
5830
5832
5832
5833
5835
5835
5836
5838
5838
5838
5839
5840
5841
5841
5843
5843
5844
5844
5846
5847
5847
5847
5847
5848
5849
5851
5854
5855
5855
5857
5861
5862
5863
5863
5864
5864
5865
5865
5866
5866
5867
5868
5869
5875
5876
5877
5877
5878
5883
5884
5884
5885
5885
5886
5887
5887
5890
5890
5890
5892
5893
5895
5896
5897
5900
5901
5901
5902
5903
5904
5906
5906
5908
5908
5909
5911
5911
5915
5915
5916
5917
5921
5923
5923
5923
5923
5924
5927
5928
5929
5932
5932
5933
5934
5935
5935
5935
5936
5937
5937
5938
5938
5938
5938
5940
5941
5942
5944
5947
5947
5948
5948
5950
5951
5951
5951
5953
5953
5953
5954
5956
5957
5957
5957
5958
5962
5962
5963
5963
5965
5967
5970
5970
5972
5972
5972
5973
5973
5974
5974
5975
5976
5977
5977
5977
5981
5983
5984
5984
5984
5985
5989
5992
5995
5995
5996
5996
5997
5999
6000
6000
6001
6002
6004
6007
6008
6010
6011
6013
6013
6015
6015
6017
6018
6019
6020
6020
6021
6021
6022
6023
6024
6025
6025
6025
6025
6027
6027
6028
6029
6029
6031
6031
6033
6033
6034
6034
6035
6035
6036
6040
6040
6041
6043
6043
6043
6044
6044
6045
6045
6048
6048
6049
6050
6050
6051
6051
6051
6051
6052
6052
6054
6055
6055
6055
6055
6058
6058
6061
6062
6062
6063
6063
6064
6064
6064
6066
6066
6071
6073
6074
6077
6079
6082
6083
6083
6084
6085
6085
6086
6088
6089
6090
6091
6091
6095
6095
6095
6095
6095
6098
6098
6099
6099
6101
6101
6101
6102
6102
6103
6103
6104
6104
6105
6106
6106
6107
6108
6108
6110
6111
6113
6113
6113
6116
6116
6118
6118
6119
6121
6121
6122
6126
6128
6130
6130
6130
6130
6130
6132
6133
6135
6135
6137
6137
6139
6141
6141
6142
6142
6142
6142
6143
6144
6147
6147
6148
6149
6150
6150
6151
6151
6152
6152
6155
6157
6158
6159
6161
6162
6163
6163
6164
6165
6169
6169
6170
6170
6171
6173
6173
6175
6176
6179
6179
6181
6181
6182
6182
6182
6183
6186
6187
6188
6189
6189
6190
6192
6192
6192
6193
6194
6194
6196
6198
6201
6201
6202
6202
6203
6203
6203
6205
6205
6210
6211
6211
6212
6213
6215
6215
6215
6222
6223
6223
6224
6224
6226
6226
6230
6230
6231
6233
6233
6233
6234
6234
6235
6236
6236
6236
6237
6238
6240
6240
6240
6240
6242
6243
6246
6247
6247
6248
6249
6250
6251
6251
6251
6252
6254
6254
6260
6260
6261
6261
6261
6261
6262
6263
6265
6265
6266
6269
6269
6269
6270
6272
6272
6272
6272
6273
6273
6274
6275
6276
6276
6277
6277
6280
6280
6281
6281
6281
6285
6286
6286
6286
6286
6287
6289
6290
6290
6291
6292
6293
6293
6294
6294
6296
6296
6298
6300
6300
6301
6302
6306
6307
6307
6308
6310
6312
6312
6313
6313
6315
6316
6316
6317
6317
6318
6318
6319
6319
6319
6321
6322
6323
6324
6326
6326
6329
6330
6332
6332
6334
6335
6335
6335
6337
6338
6338
6341
6342
6344
6346
6347
6349
6351
6352
6353
6354
6355
6357
6358
6359
6359
6361
6361
6362
6362
6365
6367
6369
6369
6370
6370
6370
6371
6371
6372
6372
6373
6373
6376
6376
6376
6378
6379
6382
6383
6384
6384
6384
6385
6386
6388
6390
6391
6392
6394
6394
6395
6399
6399
6401
6401
6403
6403
6403
6405
6406
6406
6408
6410
6410
6411
6411
6412
6412
6413
6413
6414
6414
6415
6415
6416
6416
6418
6418
6420
6422
6423
6424
6424
6425
6427
6428
6429
6432
6433
6435
6437
6438
6439
6439
6439
6439
6440
6440
6442
6446
6446
6447
6447
6448
6448
6449
6450
6450
6452
6453
6456
6456
6458
6460
6460
6460
6461
6461
6461
6462
6462
6463
6464
6464
6465
6468
6470
6470
6471
6471
6474
6474
6476
6478
6478
6481
6481
6483
6484
6484
6484
6485
6486
6489
6489
6490
6491
6491
6491
6491
6493
6493
6494
6495
6496
6497
6498
6498
6500
6500
6500
6501
6501
6501
6501
6502
6502
6504
6506
6507
6508
6509
6509
6511
6513
6514
6517
6517
6518
6518
6520
6520
6521
6523
6523
6524
6524
6524
6526
6526
6528
6528
6528
6529
6529
6532
6532
6534
6535
6535
6535
6535
6536
6537
6537
6537
6538
6539
6540
6541
6542
6543
6546
6547
6547
6548
6548
6548
6548
6549
6549
6550
6551
6552
6554
6554
6556
6556
6556
6556
6557
6557
6558
6561
6562
6564
6565
6566
6567
6569
6571
6572
6574
6576
6579
6580
6582
6583
6584
6586
6586
6586
6590
6590
6591
6592
6593
6594
6594
6597
6597
6598
6599
6600
6601
6601
6604
6605
6605
6607
6608
6610
6610
6610
6611
6611
6611
6612
6613
6614
6614
6616
6617
6617
6621
6623
6623
6624
6625
6626
6626
6626
6630
6635
6637
6637
6639
6640
6641
6643
6643
6643
6643
6645
6645
6646
6646
6646
6648
6649
6649
6650
6652
6653
6656
6656
6657
6657
6660
6663
6663
6665
6668
6670
6671
6671
6672
6673
6674
6674
6674
6677
6678
6685
6686
6686
6686
6687
6688
6689
6689
6690
6691
6693
6695
6695
6696
6696
6697
6699
6700
6704
6704
6704
6705
6707
6707
6711
6711
6712
6713
6713
6714
6717
6717
6718
6720
6722
6722
6725
6726
6726
6727
6728
6728
6729
6729
6731
6731
6732
6733
6733
6733
6734
6734
6735
6735
6735
6735
6738
6738
6740
6740
6740
6742
6743
6744
6746
6746
6746
6747
6747
6748
6749
6750
6750
6751
6751
6752
6752
6752
6752
6753
6753
6754
6756
6758
6758
6758
6759
6759
6759
6761
6761
6762
6763
6765
6766
6767
6769
6773
6774
6778
6778
6779
6779
6780
6781
6781
6782
6782
6782
6783
6783
6785
6786
6786
6790
6791
6792
6793
6793
6793
6793
6794
6795
6796
6796
6796
6797
6800
6802
6803
6804
6804
6805
6805
6806
6806
6808
6808
6810
6811
6813
6813
6815
6816
6817
6818
6819
6819
6820
6821
6823
6824
6824
6825
6825
6825
6826
6826
6826
6827
6827
6828
6828
6829
6829
6829
6830
6830
6830
6831
6832
6832
6832
6833
6833
6833
6834
6834
6836
6837
6837
6840
6841
6841
6842
6843
6844
6845
6846
6849
6851
6852
6853
6853
6853
6855
6855
6856
6857
6857
6857
6857
6859
6861
6861
6861
6861
6862
6864
6865
6865
6869
6869
6870
6870
6870
6871
6872
6873
6873
6875
6875
6875
6875
6875
6876
6877
6878
6878
6880
6887
6888
6888
6888
6892
6892
6893
6895
6895
6896
6897
6898
6898
6899
6899
6899
6901
6901
6902
6903
6907
6907
6908
6908
6909
6910
6911
6912
6913
6913
6913
6915
6915
6916
6917
6918
6920
6920
6921
6921
6922
6922
6923
6928
6928
6929
6930
6931
6931
6932
6932
6933
6936
6936
6937
6938
6939
6939
6941
6943
6944
6946
6946
6946
6946
6947
6948
6948
6950
6952
6952
6953
6953
6954
6954
6956
6959
6960
6962
6962
6962
6967
6967
6969
6969
6969
6970
6970
6970
6971
6973
6974
6975
6975
6976
6977
6978
6979
6980
6980
6982
6983
6983
6983
6984
6986
6988
6991
6991
6992
6992
6992
6993
6993
6996
6996
6997
7000
7002
7003
7004
7005
7005
7007
7008
7009
7011
7014
7017
7017
7017
7017
7018
7019
7021
7022
7023
7024
7027
7027
7029
7031
7034
7036
7038
7038
7039
7040
7040
7041
7043
7043
7046
7049
7050
7050
7050
7050
7052
7052
7052
7052
7053
7055
7055
7055
7055
7057
7057
7058
7058
7059
7059
7061
7062
7062
7063
7065
7065
7065
7067
7068
7068
7071
7071
7074
7074
7075
7075
7075
7078
7079
7079
7080
7081
7081
7081
7082
7083
7083
7085
7085
7087
7088
7088
7089
7089
7090
7094
7094
7095
7096
7096
7096
7097
7097
7098
7101
7101
7101
7102
7103
7103
7104
7104
7105
7105
7106
7106
7109
7109
7109
7111
7112
7114
7115
7115
7120
7121
7122
7123
7124
7124
7125
7126
7128
7129
7129
7132
7132
7133
7134
7135
7135
7136
7137
7138
7139
7140
7141
7143
7146
7147
7148
7148
7150
7151
7152
7153
7153
7155
7155
7157
7158
7159
7161
7162
7162
7164
7164
7165
7166
7166
7167
7169
7170
7172
7174
7175
7175
7175
7175
7177
7178
7178
7178
7179
7181
7183
7183
7183
7185
7186
7188
7190
7191
7196
7196
7196
7197
7197
7199
7200
7203
7209
7209
7209
7214
7214
7216
7218
7219
7223
7225
7225
7227
7227
7228
7229
7229
7229
7230
7232
7232
7233
7235
7239
7240
7241
7242
7244
7245
7249
7252
7253
7254
7255
7257
7259
7261
7263
7264
7265
7266
7266
7266
7268
7268
7269
7270
7272
7274
7275
7275
7277
7281
7283
7283
7284
7285
7286
7287
7289
7289
7291
7291
7292
7293
7294
7294
7294
7294
7295
7296
7297
7298
7300
7301
7301
7302
7302
7303
7303
7304
7304
7305
7305
7306
7306
7306
7308
7308
7309
7310
7311
7311
7312
7312
7314
7314
7320
7321
7322
7322
7323
7323
7327
7329
7331
7333
7334
7334
7335
7336
7342
7344
7345
7347
7348
7348
7349
7351
7352
7354
7356
7357
7358
7359
7360
7360
7362
7362
7362
7365
7365
7365
7371
7371
7373
7374
7375
7376
7377
7377
7379
7379
7379
7382
7383
7384
7385
7385
7385
7386
7388
7389
7389
7390
7393
7394
7394
7396
7398
7398
7398
7399
7399
7401
7402
7402
7402
7402
7406
7406
7407
7407
7407
7408
7413
7413
7413
7413
7414
7417
7417
7417
7417
7418
7419
7419
7420
7421
7422
7422
7422
7423
7424
7425
7427
7427
7430
7432
7437
7437
7438
7438
7439
7439
7439
7440
7440
7441
7443
7445
7445
7446
7446
7446
7447
7449
7449
7450
7450
7450
7451
7452
7452
7455
7456
7457
7458
7460
7461
7461
7462
7462
7464
7466
7468
7469
7469
7469
7471
7471
7472
7472
7472
7473
7474
7474
7475
7475
7476
7477
7477
7478
7478
7478
7481
7481
7482
7483
7483
7484
7484
7485
7487
7488
7488
7489
7489
7490
7491
7491
7492
7493
7493
7498
7498
7499
7500
7500
7502
7503
7503
7506
7507
7508
7508
7509
7510
7512
7513
7513
7513
7516
7516
7517
7517
7518
7519
7520
7521
7522
7522
7523
7524
7525
7525
7529
7529
7531
7532
7532
7534
7537
7539
7539
7539
7540
7541
7542
7545
7545
7546
7548
7550
7550
7551
7551
7552
7553
7554
7556
7557
7558
7558
7561
7562
7562
7564
7564
7565
7566
7567
7567
7568
7570
7572
7573
7573
7573
7574
7576
7578
7578
7579
7579
7580
7580
7581
7582
7583
7585
7586
7586
7587
7587
7588
7588
7589
7589
7592
7594
7594
7594
7595
7595
7595
7596
7597
7597
7599
7600
7601
7603
7603
7603
7604
7604
7604
7604
7606
7608
7609
7609
7610
7611
7613
7613
7613
7614
7614
7615
7617
7618
7618
7620
7621
7621
7622
7622
7622
7623
7626
7627
7629
7631
7632
7633
7634
7635
7635
7636
7637
7638
7640
7641
7643
7643
7644
7644
7646
7648
7648
7650
7650
7651
7652
7652
7652
7653
7653
7658
7659
7660
7662
7662
7663
7664
7666
7669
7670
7671
7671
7673
7673
7674
7674
7674
7674
7675
7677
7678
7679
7680
7680
7680
7681
7682
7684
7684
7685
7685
7686
7686
7687
7688
7690
7690
7691
7691
7693
7693
7694
7694
7694
7695
7695
7696
7697
7699
7701
7701
7701
7702
7702
7702
7702
7703
7704
7705
7705
7705
7706
7706
7706
7708
7709
7709
7709
7710
7711
7713
7714
7714
7717
7719
7719
7720
7720
7721
7722
7722
7724
7726
7727
7728
7729
7729
7729
7731
7732
7734
7734
7735
7736
7736
7737
7738
7739
7739
7740
7744
7746
7746
7746
7747
7747
7748
7752
7753
7754
7754
7755
7756
7757
7757
7758
7759
7759
7762
7763
7763
7764
7766
7766
7766
7766
7767
7768
7770
7771
7771
7771
7773
7773
7775
7776
7777
7777
7778
7779
7780
7782
7782
7782
7783
7783
7787
7788
7788
7791
7791
7793
7794
7795
7796
7797
7800
7800
7803
7805
7806
7806
7807
7809
7809
7810
7811
7811
7811
7813
7816
7816
7816
7818
7822
7824
7825
7825
7826
7826
7827
7829
7829
7833
7834
7834
7835
7835
7836
7836
7836
7837
7837
7838
7840
7841
7841
7843
7844
7845
7850
7850
7850
7851
7852
7852
7853
7855
7855
7857
7858
7860
7860
7861
7863
7863
7863
7864
7864
7865
7865
7866
7867
7868
7869
7870
7875
7875
7875
7876
7877
7877
7880
7883
7884
7886
7887
7889
7889
7891
7891
7891
7892
7892
7893
7894
7896
7898
7898
7899
7899
7900
7900
7901
7903
7904
7905
7906
7907
7908
7908
7908
7909
7909
7910
7910
7910
7911
7912
7913
7914
7915
7919
7920
7920
7920
7920
7921
7921
7921
7923
7926
7927
7928
7928
7930
7931
7933
7933
7935
7935
7936
7938
7939
7939
7940
7941
7943
7944
7945
7945
7947
7947
7947
7948
7950
7951
7954
7956
7957
7958
7959
7959
7960
7961
7962
7963
7966
7968
7968
7969
7971
7971
7973
7973
7975
7975
7979
7979
7980
7980
7981
7981
7982
7982
7984
7985
7985
7985
7988
7988
7989
7992
7992
7994
7994
7995
7995
7998
8000
8002
8002
8004
8004
8006
8006
8010
8011
8012
8012
8012
8013
8013
8014
8014
8014
8015
8015
8015
8017
8017
8017
8018
8020
8020
8021
8023
8023
8024
8025
8027
8028
8028
8029
8030
8030
8030
8031
8032
8033
8033
8034
8034
8039
8039
8042
8042
8042
8042
8043
8044
8044
8044
8045
8046
8049
8052
8052
8055
8057
8058
8059
8060
8061
8061
8063
8063
8064
8065
8065
8066
8067
8068
8068
8070
8070
8071
8073
8078
8079
8082
8085
8085
8086
8086
8087
8087
8087
8088
8088
8090
8090
8091
8092
8094
8095
8095
8097
8098
8098
8098
8099
8100
8101
8101
8102
8103
8103
8105
8105
8107
8108
8108
8109
8109
8110
8110
8110
8110
8111
8112
8113
8114
8115
8115
8116
8119
8119
8121
8123
8123
8125
8127
8130
8132
8133
8134
8135
8135
8136
8136
8137
8137
8138
8138
8138
8139
8139
8139
8140
8141
8143
8143
8145
8149
8150
8151
8152
8152
8159
8160
8162
8162
8162
8164
8165
8165
8165
8168
8169
8169
8171
8173
8173
8174
8174
8174
8176
8176
8176
8177
8177
8177
8179
8180
8181
8181
8183
8184
8185
8185
8185
8187
8188
8189
8189
8191
8195
8197
8197
8202
8202
8203
8203
8205
8206
8209
8212
8212
8213
8213
8213
8214
8217
8217
8218
8218
8218
8218
8219
8219
8220
8220
8222
8225
8226
8227
8228
8229
8230
8230
8230
8230
8231
8232
8235
8236
8236
8236
8237
8239
8239
8239
8240
8242
8246
8247
8248
8248
8249
8250
8250
8250
8250
8252
8253
8255
8256
8256
8259
8261
8262
8264
8265
8265
8267
8268
8269
8269
8270
8270
8271
8271
8272
8274
8276
8277
8277
8278
8279
8279
8279
8280
8280
8280
8282
8288
8288
8289
8291
8291
8293
8294
8294
8294
8295
8296
8297
8297
8298
8298
8299
8300
8300
8301
8302
8302
8306
8307
8312
8313
8313
8315
8316
8318
8318
8318
8320
8322
8323
8324
8324
8325
8326
8327
8328
8329
8329
8330
8331
8333
8334
8336
8342
8342
8344
8344
8345
8345
8346
8347
8357
8357
8357
8357
8359
8361
8362
8363
8364
8368
8368
8369
8370
8371
8372
8372
8372
8373
8375
8375
8376
8376
8379
8381
8382
8382
8383
8383
8384
8386
8386
8387
8389
8390
8390
8391
8393
8394
8396
8396
8398
8399
8400
8400
8401
8401
8402
8402
8402
8403
8404
8404
8407
8409
8410
8411
8411
8412
8414
8414
8415
8415
8417
8418
8420
8422
8424
8424
8426
8426
8427
8429
8431
8432
8432
8432
8435
8436
8436
8436
8437
8438
8438
8438
8440
8442
8444
8444
8444
8444
8444
8446
8451
8452
8452
8452
8452
8453
8459
8459
8461
8461
8464
8464
8464
8465
8465
8465
8465
8466
8468
8469
8469
8473
8476
8478
8478
8478
8479
8481
8481
8483
8484
8486
8486
8488
8488
8489
8489
8489
8490
8491
8493
8494
8495
8495
8496
8496
8496
8502
8502
8502
8503
8503
8508
8509
8510
8512
8513
8514
8517
8517
8519
8521
8521
8522
8522
8523
8523
8524
8524
8524
8525
8526
8527
8527
8528
8529
8529
8531
8532
8534
8534
8536
8536
8537
8537
8538
8539
8539
8540
8541
8542
8544
8545
8548
8550
8552
8552
8553
8554
8554
8555
8557
8559
8561
8561
8562
8562
8563
8563
8566
8566
8568
8569
8569
8570
8570
8571
8573
8573
8575
8575
8576
8579
8580
8581
8581
8585
8585
8586
8587
8587
8588
8588
8588
8589
8591
8591
8591
8592
8592
8593
8593
8597
8599
8600
8600
8603
8606
8607
8607
8607
8608
8613
8613
8613
8613
8613
8614
8614
8614
8617
8617
8619
8621
8621
8623
8629
8629
8630
8631
8631
8631
8632
8632
8635
8635
8637
8638
8638
8638
8639
8641
8643
8644
8646
8647
8648
8648
8648
8649
8650
8650
8653
8655
8656
8656
8657
8657
8661
8663
8663
8664
8664
8665
8665
8666
8666
8667
8668
8668
8669
8670
8670
8671
8672
8673
8673
8676
8676
8676
8679
8680
8681
8681
8682
8683
8684
8684
8685
8687
8687
8693
8693
8693
8694
8695
8696
8698
8698
8702
8704
8704
8705
8705
8706
8707
8707
8708
8710
8710
8710
8713
8715
8715
8717
8717
8719
8721
8722
8722
8724
8724
8728
8728
8728
8730
8730
8733
8734
8734
8735
8735
8736
8737
8739
8740
8741
8742
8743
8745
8745
8745
8746
8747
8748
8749
8749
8749
8749
8749
8751
8754
8756
8756
8757
8761
8763
8765
8765
8766
8767
8768
8769
8769
8772
8772
8773
8773
8774
8774
8777
8777
8778
8780
8784
8784
8784
8784
8785
8786
8786
8787
8788
8792
8792
8792
8793
8794
8795
8798
8798
8799
8799
8800
8801
8803
8805
8806
8809
8809
8810
8812
8813
8813
8813
8814
8814
8815
8819
8819
8820
8823
8823
8823
8824
8826
8827
8829
8829
8830
8830
8830
8830
8833
8833
8834
8834
8835
8836
8837
8837
8838
8838
8838
8838
8839
8840
8841
8845
8846
8847
8847
8847
8851
8853
8855
8856
8859
8860
8860
8862
8862
8863
8864
8865
8867
8868
8868
8870
8871
8873
8876
8876
8878
8878
8879
8879
8880
8882
8883
8883
8884
8886
8887
8888
8888
8890
8890
8890
8892
8892
8892
8894
8895
8896
8897
8897
8898
8898
8900
8900
8901
8902
8902
8902
8904
8905
8905
8905
8907
8907
8908
8908
8910
8913
8914
8914
8916
8918
8919
8919
8920
8921
8922
8925
8926
8927
8927
8927
8929
8930
8931
8931
8933
8933
8936
8939
8941
8942
8942
8942
8944
8945
8945
8946
8947
8947
8949
8950
8951
8952
8953
8954
8955
8957
8958
8959
8959
8962
8962
8963
8963
8964
8965
8965
8966
8966
8968
8969
8969
8969
8970
8971
8972
8973
8975
8976
8977
8978
8978
8979
8979
8980
8985
8987
8995
8995
8995
8995
8999
9000
9000
9004
9005
9006
9006
9008
9009
9009
9010
9010
9010
9012
9012
9012
9014
9015
9016
9016
9016
9018
9018
9020
9020
9021
9023
9024
9025
9025
9026
9028
9028
9028
9029
9029
9030
9030
9031
9031
9032
9032
9032
9032
9033
9035
9036
9036
9036
9036
9036
9037
9037
9037
9038
9039
9039
9040
9040
9043
9043
9044
9044
9045
9045
9045
9046
9047
9047
9048
9049
9050
9052
9055
9056
9058
9061
9061
9063
9065
9065
9065
9066
9068
9068
9068
9070
9070
9070
9071
9071
9072
9074
9075
9075
9075
9076
9078
9080
9082
9085
9087
9088
9088
9088
9089
9090
9091
9091
9092
9093
9093
9093
9093
9094
9095
9097
9098
9098
9100
9100
9102
9102
9103
9103
9104
9104
9104
9106
9109
9109
9110
9111
9111
9112
9112
9117
9121
9127
9127
9128
9128
9130
9130
9131
9131
9132
9133
9135
9137
9137
9139
9141
9141
9142
9143
9143
9144
9144
9147
9148
9149
9151
9156
9156
9157
9157
9160
9160
9161
9161
9161
9163
9164
9165
9166
9167
9169
9170
9171
9175
9177
9179
9180
9180
9181
9183
9183
9184
9185
9186
9186
9187
9188
9188
9189
9191
9192
9192
9193
9193
9195
9195
9196
9198
9200
9200
9201
9201
9201
9201
9202
9203
9205
9205
9208
9212
9213
9213
9214
9217
9217
9217
9220
9220
9220
9221
9221
9222
9223
9226
9227
9227
9229
9231
9232
9232
9233
9234
9234
9234
9236
9236
9236
9236
9236
9237
9238
9239
9239
9242
9242
9242
9244
9245
9245
9245
9246
9249
9250
9250
9251
9254
9256
9256
9256
9257
9257
9258
9259
9261
9262
9263
9265
9266
9267
9268
9268
9270
9270
9270
9270
9272
9272
9273
9273
9274
9277
9277
9278
9279
9280
9281
9283
9284
9285
9287
9289
9289
9291
9292
9293
9295
9295
9297
9298
9299
9300
9300
9301
9301
9302
9304
9306
9308
9309
9310
9311
9312
9313
9314
9314
9315
9315
9316
9319
9319
9320
9321
9322
9323
9323
9324
9325
9329
9329
9329
9330
9331
9331
9331
9332
9333
9335
9337
9338
9341
9341
9342
9342
9344
9344
9348
9349
9349
9351
9354
9358
9359
9359
9360
9361
9362
9363
9363
9363
9363
9363
9364
9367
9368
9369
9370
9372
9372
9374
9374
9374
9375
9375
9378
9380
9381
9381
9382
9384
9384
9385
9386
9386
9387
9387
9390
9392
9392
9392
9393
9394
9395
9395
9397
9398
9399
9399
9400
9400
9401
9402
9403
9404
9405
9405
9405
9405
9407
9408
9410
9410
9412
9413
9413
9416
9416
9416
9416
9418
9419
9420
9420
9420
9421
9421
9425
9425
9427
9431
9431
9435
9436
9438
9438
9440
9441
9441
9444
9447
9447
9447
9447
9449
9450
9451
9451
9451
9451
9451
9452
9452
9453
9454
9455
9455
9456
9456
9458
9458
9458
9458
9460
9460
9460
9464
9465
9465
9466
9466
9466
9467
9467
9467
9467
9468
9469
9469
9469
9470
9472
9473
9474
9475
9476
9476
9479
9479
9480
9482
9482
9483
9483
9486
9486
9486
9487
9488
9488
9490
9490
9493
9493
9493
9495
9495
9495
9496
9497
9498
9498
9499
9499
9502
9503
9504
9506
9509
9511
9511
9512
9514
9517
9517
9517
9517
9518
9522
9523
9526
9530
9530
9533
9533
9533
9534
9534
9536
9537
9537
9537
9538
9538
9542
9542
9543
9544
9544
9545
9545
9546
9546
9546
9546
9548
9548
9548
9548
9549
9550
9551
9554
9555
9558
9558
9558
9558
9559
9559
9559
9559
9561
9561
9561
9563
9565
9566
9566
9567
9567
9567
9568
9568
9568
9573
9573
9573
9575
9576
9577
9578
9579
9579
9581
9582
9583
9583
9583
9587
9588
9588
9589
9590
9591
9591
9591
9595
9595
9596
9597
9598
9599
9600
9600
9602
9602
9603
9603
9604
9605
9605
9605
9605
9606
9606
9607
9609
9609
9611
9611
9614
9614
9614
9614
9616
9616
9616
9617
9617
9619
9619
9619
9619
9620
9621
9622
9622
9622
9623
9624
9625
9626
9626
9629
9629
9629
9630
9632
9632
9633
9635
9635
9635
9637
9641
9642
9643
9643
9644
9646
9647
9649
9651
9651
9652
9652
9654
9655
9655
9656
9657
9660
9661
9662
9662
9664
9665
9665
9666
9667
9669
9670
9671
9674
9675
9680
9682
9684
9685
9686
9686
9686
9688
9688
9689
9689
9689
9690
9694
9694
9695
9695
9696
9697
9698
9699
9699
9700
9701
9702
9702
9703
9704
9705
9707
9708
9708
9710
9710
9710
9712
9713
9713
9714
9714
9714
9717
9717
9718
9719
9719
9720
9721
9722
9722
9722
9722
9723
9724
9725
9727
9728
9728
9728
9729
9729
9729
9730
9730
9730
9731
9731
9731
9731
9732
9732
9733
9733
9735
9735
9735
9737
9738
9738
9738
9739
9740
9742
9744
9745
9747
9748
9752
9752
9753
9755
9757
9760
9761
9762
9763
9763
9764
9764
9764
9765
9766
9769
9771
9771
9772
9773
9773
9776
9779
9780
9780
9781
9782
9784
9784
9785
9785
9786
9787
9787
9790
9792
9794
9794
9795
9795
9797
9797
9797
9798
9799
9800
9801
9801
9801
9802
9804
9804
9806
9806
9807
9807
9809
9810
9810
9812
9816
9820
9820
9820
9820
9821
9822
9822
9822
9823
9823
9824
9825
9827
9828
9828
9830
9831
9832
9833
9835
9835
9835
9835
9835
9836
9837
9837
9838
9840
9841
9842
9848
9849
9852
9852
9854
9854
9855
9855
9855
9856
9857
9857
9858
9858
9860
9860
9861
9861
9862
9862
9863
9863
9864
9864
9865
9865
9866
9866
9866
9866
9867
9867
9868
9869
9869
9874
9874
9875
9876
9878
9878
9879
9882
9883
9883
9883
9884
9885
9885
9885
9886
9889
9890
9890
9891
9891
9893
9893
9894
9895
9897
9897
9898
9898
9898
9898
9904
9904
9905
9905
9905
9906
9906
9907
9908
9910
9910
9910
9911
9911
9911
9913
9913
9914
9915
9916
9917
9918
9918
9918
9920
9920
9920
9920
9921
9923
9923
9924
9925
9926
9927
9928
9929
9929
9929
9929
9929
9930
9932
9934
9934
9934
9935
9935
9936
9936
9937
9937
9938
9939
9939
9939
9940
9940
9941
9941
9942
9943
9947
9948
9950
9950
9952
9953
9954
9954
9956
9956
9956
9959
9959
9961
9962
9962
9962
9963
9963
9964
9969
9970
9970
9973
9974
9974
9975
9975
9975
9977
9979
9981
9982
9982
9983
9984
9985
9986
9988
9988
9988
9988
9989
9991
9992
9993
9993
9994
9994
9995
9995
9996
9997
9997
9998
9999
comparisons: 49995000
swaps: 9989
execution time: 152
