554
2
226
727
671
126
920
202
788
391
497
855
538
504
129
588
782
636
347
192
679
593
76
141
547
295
765
631
393
212
794
661
690
741
479
811
49
555
402
529
809
767
60
780
534
251
73
791
19
639
792
966
970
389
220
830
427
994
344
20
676
793
137
41
798
957
301
983
696
666
721
306
733
81
800
213
808
110
848
784
376
432
575
780
926
245
795
235
699
711
46
831
943
623
360
117
348
908
806
876
625
264
585
328
842
432
682
950
69
494
569
652
303
420
756
695
165
174
244
239
943
429
372
563
710
268
995
284
78
17
617
577
159
569
205
855
37
304
437
563
208
5
223
237
398
22
996
810
867
548
997
950
115
629
389
540
766
618
102
917
234
589
983
472
847
74
475
843
443
566
149
583
150
232
127
233
695
258
522
170
605
699
912
117
67
277
549
608
435
607
332
225
379
966
718
486
684
389
733
249
295
813
814
622
746
826
925
155
632
381
714
659
823
535
714
950
187
161
265
193
392
101
658
685
844
144
113
919
51
686
839
339
324
290
813
326
617
217
981
607
972
882
817
528
164
492
454
447
815
556
675
835
97
177
12
830
59
518
492
886
199
667
23
727
888
336
117
441
278
0
650
65
510
789
842
862
209
798
666
875
187
146
50
84
963
575
998
542
971
700
220
904
565
231
847
760
13
60
650
891
214
682
257
373
396
803
25
433
593
481
432
589
211
432
79
614
898
347
756
555
831
862
227
480
40
973
493
282
417
0
849
154
588
53
470
871
817
256
699
788
889
632
501
892
307
225
584
309
289
817
785
616
189
97
112
499
85
275
803
513
975
259
316
40
309
883
437
292
121
670
546
380
572
769
725
281
191
41
336
623
901
845
202
561
296
953
636
501
488
787
925
481
218
262
866
545
621
977
97
471
544
148
36
925
863
742
780
921
964
285
883
134
617
459
435
595
148
337
157
34
500
643
681
335
288
703
580
178
751
611
128
644
666
531
181
210
373
212
621
265
956
512
493
446
154
974
944
120
685
413
974
917
102
709
689
261
204
578
448
631
791
726
356
391
882
385
823
728
851
855
221
307
364
359
691
44
859
948
252
654
527
938
267
691
33
846
338
361
650
114
609
468
875
452
346
36
902
361
960
699
28
835
984
469
401
141
320
668
833
855
893
712
390
699
888
847
617
170
936
870
669
323
395
100
44
97
973
879
905
656
235
86
509
364
738
458
989
951
609
650
840
309
365
241
150
564
442
206
59
189
631
648
227
794
114
596
368
763
59
885
191
801
61
190
817
230
870
759
53
351
296
641
835
408
248
88
771
946
180
356
811
59
586
836
495
994
387
16
987
765
286
368
972
433
321
991
77
709
690
750
982
404
115
318
694
165
388
830
529
912
339
180
372
24
94
476
781
927
225
523
864
283
643
158
708
563
755
660
613
389
112
340
514
344
741
109
94
472
43
416
156
139
9
44
331
367
703
142
889
838
552
786
124
632
742
442
995
659
463
178
828
137
93
398
455
647
691
729
647
85
835
875
392
510
44
413
355
270
593
100
695
435
749
560
330
409
306
216
350
990
498
876
246
983
868
695
623
877
40
95
300
616
174
409
233
486
479
254
33
639
655
260
115
344
947
338
111
35
189
421
671
887
222
624
240
25
811
131
760
199
144
450
529
77
840
632
403
78
359
41
240
552
63
473
273
444
222
700
78
392
17
435
475
291
465
640
974
373
628
990
484
448
127
55
443
79
231
531
818
170
135
250
173
443
723
855
245
584
947
970
276
221
259
504
510
197
327
360
571
405
476
476
209
981
666
666
438
756
565
111
275
799
691
935
812
541
392
875
299
970
108
927
389
142
806
630
156
922
651
469
964
414
935
410
345
137
947
295
61
462
7
174
480
904
311
898
384
234
321
399
528
638
663
288
884
431
960
883
954
212
281
795
204
164
968
426
874
905
633
929
725
371
745
301
550
562
680
72
965
974
748
457
806
806
504
608
341
188
411
746
282
642
37
262
400
883
972
930
855
424
173
885
441
85
447
929
18
687
401
252
744
765
491
884
610
56
753
588
237
905
460
8
281
381
235
705
43
991
400
493
244
98
189
6
126
145
804
253
542
758
862
459
404
411
171
700
456
488
272
336
912
721
863
807
980
427
816
505
682
220
709
119
764
860
724
257
207
259
973
181
727
353
139
528
415
124
944
781
84
113
304
680
529
378
96
221
141
280
71
25
40
453
418
492
381
673
222
458
689
72
638
941
402
588
5
977
378
187
373
779
