7065
3776
8590
8934
9324
2672
1286
8916
7309
9041
5999
8243
3015
1152
544
912
302
2231
7884
3055
4936
939
6105
3699
2359
3844
8792
6570
7927
829
6790
7904
8449
8513
9246
7236
3034
8438
8472
3415
6331
1414
3186
7760
6125
1127
5610
4573
5201
6860
8965
7797
7033
6149
879
1208
582
4962
463
2615
1935
6741
4486
7712
2523
9124
5461
9234
3292
7614
8600
2143
3496
7749
9410
7407
7173
5337
1270
3665
9376
4118
3087
93
6697
1988
349
8468
5871
8716
2636
2297
6052
2730
1843
8777
9004
8557
9494
7173
8888
1244
4617
4785
4329
3043
2321
5108
3139
7243
264
5072
6112
3175
5917
6268
6541
4634
8198
7788
629
7478
1907
7202
2440
2544
9136
7390
136
7151
7031
1057
8880
7028
9231
2271
7570
3763
1445
6643
7019
63
3013
316
340
4499
2517
3269
9048
4733
4718
691
3517
8037
2360
6023
8929
7483
7378
7411
7123
9263
1642
1641
3978
9258
1519
3455
86
4218
1856
2095
1761
4506
3792
1019
5441
6496
8329
4862
62
4447
586
8253
6954
4701
1023
44
5394
2431
2315
1709
6336
1729
1605
7859
6585
6434
7980
8212
2490
907
3159
4893
1786
3152
7950
5424
6267
4767
7215
1961
1603
4742
5310
798
7314
6017
8332
244
7695
6880
8498
7470
6435
455
8058
2945
6497
144
8362
947
1057
3419
3311
9601
1208
3445
8210
2416
9270
2438
4441
5547
5963
6852
9468
1355
4902
9638
8258
9477
1932
2643
6041
7084
5138
616
6590
7704
4199
9992
8766
5935
3056
6013
7738
4063
7761
301
4848
1197
3445
2969
9420
3848
8315
5999
1499
3063
2861
7151
5335
849
9085
330
7716
1131
3375
5910
2869
6123
2765
6958
1276
236
6619
1158
5197
1242
1656
5437
365
1165
141
379
7052
6435
4933
2682
28
7510
6921
1649
6749
364
8903
8874
1319
4237
8158
1429
6163
832
1705
3622
3575
9518
3894
4698
3387
8120
1089
2535
4252
2851
7329
1153
6109
5553
9247
3640
4533
6204
6783
6079
2282
236
7005
40
7767
4808
2709
5594
8796
9145
7646
3076
5091
7673
4276
2972
490
4283
9856
7504
2514
4596
2871
8014
8931
7878
1612
4047
2362
2974
5522
4462
5664
5508
2178
6102
5544
8559
5542
6633
7140
1659
3440
8093
8660
4882
6457
5216
2685
4871
8906
9037
8914
5699
7520
9975
3570
7030
7728
6530
2317
6671
9799
3761
6484
6887
9468
8873
3452
4983
3861
2597
3007
9546
3043
3571
2239
2172
2187
3323
5015
3218
6481
608
5569
2596
7875
6015
77
4069
4559
1557
2725
2227
7154
4157
5402
4186
8175
950
6201
5859
8744
3218
5760
9929
3051
315
5320
4428
8028
2417
2702
6894
9371
3727
6209
6923
5538
6923
3706
2134
9358
4523
4291
9183
5047
917
9782
8545
9165
1007
8163
9399
977
8134
7533
4558
8253
74
7153
6245
4369
8661
5796
753
8155
8028
553
3901
9746
3470
8604
1903
8895
9738
7453
4918
3337
6302
60
9039
8043
506
9149
8199
5044
9522
2680
1835
2891
146
6977
3531
5949
8012
8879
6077
7333
861
2282
4493
9862
5453
1254
1186
4632
1109
6279
8188
2972
9675
991
1721
2222
5257
9307
2008
8358
3004
3303
3221
6763
2088
4281
658
9637
7609
4913
2262
6621
9124
9083
4111
5923
3420
7933
7108
8908
5136
2387
1829
4598
7521
1749
1972
4665
2050
3202
8764
5803
3896
6988
8399
7152
2561
15
7006
205
4465
623
1778
4423
1543
4397
5224
2701
7742
2853
5256
3423
7903
6248
2118
8777
7076
2913
353
6128
5671
309
5050
8711
777
620
223
9246
159
8903
2708
2280
6791
8733
8595
7064
2248
4886
5562
9927
2007
9507
4931
1573
5318
1319
1890
6138
9047
6646
5431
5015
5454
3881
3043
2797
9828
2075
3015
7673
1688
1748
2839
4075
1680
4303
7198
1954
5741
4201
8348
2391
236
681
2314
4834
2761
7334
5725
4540
3006
250
1721
1138
2218
2449
2173
7698
4716
4077
7004
8534
9822
6026
5404
3642
9199
889
5063
5579
2217
5163
9999
3614
305
43
6207
3818
7036
4537
8076
8996
9166
191
5674
8037
8382
9825
8347
4650
902
7014
7058
7015
4807
1181
470
5832
5417
3374
8418
9190
623
8255
9865
4691
5529
7807
3334
802
1507
1779
626
6726
8235
5738
4095
965
7664
9502
3281
5768
8198
6618
2012
9970
6597
4787
2153
3802
8193
628
8770
2839
4917
3930
4732
8584
9881
5128
5397
5981
9762
1800
3539
9429
4952
6847
6812
4372
515
2012
6819
2289
4094
9661
6544
6090
94
7997
3641
2980
7564
1310
8124
8067
8862
3119
5231
1473
5956
10
6622
8719
9757
365
2291
3654
9706
8002
6372
9656
1034
8701
7590
888
8053
8162
3632
5379
6357
113
4122
7689
8638
2079
8612
7980
5789
1554
7139
4852
2798
56
1190
9948
4728
1765
6631
9068
1124
7127
5773
516
6923
7399
301
1666
8445
5263
5921
1
3261
546
513
2126
1913
9084
7294
6936
680
4056
8238
9379
3773
2136
5745
4024
4584
6292
530
4013
5803
7746
7545
2220
6313
8142
8541
4083
9514
6902
4023
6184
3900
9893
8513
6695
6244
9018
7949
441
5314
9924
9939
8546
7122
3484
4482
9032
4879
1375
3320
8011
5362
6343
3709
9429
6824
6325
4345
5631
7345
9628
8309
7501
4421
3005
7391
5991
8961
8987
8039
7109
3039
1946
8230
327
1988
5257
9327
9246
8162
3737
1005
2506
8878
2841
8972
4273
6780
8624
1380
8457
3142
9750
2112
6498
8796
222
5981
1203
7013
2308
78
4735
8371
159
6572
6996
4276
6452
2682
6992
3845
6167
9574
5856
1698
8990
76
5702
6073
9859
7605
3062
924
1318
6652
413
7492
1549
3361
4159
1619
7577
8055
187
3506
9223
2696
109
5417
9455
9864
9361
2205
9900
3078
4655
3283
6344
8511
1783
5539
8292
8013
201
776
9105
8317
6177
9427
750
2494
6734
7455
2846
4613
3294
6144
2309
8302
4600
5429
3263
8573
4325
5964
5133
7362
6619
5892
2972
3034
6104
7742
3492
9442
9735
2861
7579
1191
4914
3356
3331
6793
5557
2782
9431
6110
7370
4913
493
4418
727
8876
6439
6284
8064
8839
5388
3964
9801
3370
703
6369
7949
8974
8185
5591
4036
2399
536
2061
6676
3363
9042
3173
9239
7620
3527
9252
1989
1769
419
8713
8798
6083
3277
6442
9926
9779
1904
1562
5245
3353
2035
9944
2922
8199
9958
321
6579
4
4715
1492
7372
5676
8127
5446
7386
3812
6516
204
8610
2812
9356
8598
9042
3581
5924
2700
364
514
5387
5695
3147
5108
5709
114
7475
8157
1408
8594
505
2973
5962
5616
3228
5931
461
5024
8479
4083
7664
7978
3989
6894
284
4397
2359
2527
5376
1827
6500
4346
8737
6032
9750
4447
9233
6884
4573
7748
2042
4752
6954
1953
7608
6693
6506
2228
9136
9256
3069
8388
3761
3937
6450
9251
8966
67
9057
9053
1012
7382
5268
9053
9030
1104
9635
4143
3715
3298
6219
3184
8617
8302
7834
6657
2216
3447
633
6059
7997
4369
6902
7500
7369
1943
8045
6319
1870
2219
9283
6362
758
3111
5935
8337
8575
4099
6853
6136
9303
2736
1584
7589
2639
4465
4844
2500
143
5705
3757
8900
4567
511
3823
7406
6605
2846
7003
9350
6200
1289
9682
4043
5448
6988
1145
4680
1583
5309
8753
7357
6576
5937
930
2887
9955
7644
100
3580
8754
6928
906
323
7619
4230
7675
1071
3666
3147
1342
7325
8889
5473
9857
1011
47
4039
7350
8040
8155
99
2299
5458
3012
7819
6325
4043
3031
5059
7608
3741
2915
1984
7269
1900
8500
4811
8560
3715
7450
9889
1964
9606
3109
456
5190
2966
8127
4524
7403
1364
5638
8120
7543
45
3637
6720
2491
9923
4255
5194
7274
2236
8983
1869
1840
611
750
8049
8095
9917
8586
5254
552
8838
1167
3793
2035
3482
6972
2545
4298
5583
5541
5344
8312
8399
8649
2501
1753
164
2063
4518
6942
2044
4530
5562
1377
1820
4294
8476
5391
6129
1381
6316
5062
1697
9259
5904
4812
8656
2170
8232
2617
3199
9579
9103
5331
6591
1442
5309
6532
4195
9020
4553
6154
6322
8856
9644
5531
8108
6975
6193
2962
7716
5345
40
2858
9884
622
3962
6422
5407
1069
502
9227
6055
5868
3242
8443
1550
1845
4958
9327
6258
1658
2634
1568
1282
7485
9639
7826
3077
1742
8627
5117
2346
3633
4382
4953
7209
4059
1442
5013
4264
6665
431
8980
6986
4253
868
8565
3939
4358
8266
4974
710
6043
1114
4932
7071
3668
4655
4170
7372
4694
6902
2643
9670
4840
3682
9781
574
8166
2460
7724
8514
5762
9911
7912
254
9889
1681
4149
1039
7945
4310
7685
6964
4165
7695
956
6973
8595
8088
4375
8853
5131
9710
89
2892
7004
1927
4436
9613
5524
6236
2673
7839
1211
9985
7660
6790
7853
1494
8318
5977
8002
342
2936
9294
1452
2316
5018
5554
4829
4581
2285
5797
7410
9216
4627
6497
3183
9490
1785
3195
2456
2695
613
8307
7482
3523
2098
3638
3300
6326
6870
5075
6357
5613
6972
9946
643
5973
9842
4991
6693
2923
1489
606
5742
7167
1284
5049
8439
5031
3288
6221
3479
4672
4719
7811
3137
7567
5072
4690
7114
5045
3294
1537
742
9521
7507
1562
1262
6239
4714
6842
7536
4254
9766
3974
7156
2095
7873
7335
7318
6154
1221
7862
9428
5723
5697
5954
2869
8265
6697
3598
756
3879
7373
6456
281
356
2051
7508
2738
1053
5539
1991
291
6338
4528
7535
3623
5781
6286
7680
6513
9006
4836
5641
7444
2652
1248
3989
9275
9943
9121
8110
2133
4881
4565
9660
8001
8379
1071
2458
2306
7331
2868
4137
320
1258
9571
6158
1659
3636
8079
5559
8844
4873
7818
4476
1113
1064
1807
6496
7829
4987
6956
3878
9730
854
6010
5184
52
1385
5947
8994
5491
5141
6159
5125
748
4587
8611
9672
8261
6112
4535
8737
7947
8285
5081
9793
7066
7394
6979
4870
536
1530
1886
5098
4926
3290
4050
9416
3828
5412
5547
9054
4200
4936
9785
4750
8187
9865
5284
6927
1480
8493
2906
9041
2402
7663
4391
1966
648
4783
5552
2555
1144
3704
9244
6382
2702
8658
5647
2793
8342
8878
3940
5044
4694
2111
5158
6057
6353
4552
1819
7417
3001
6432
6190
5564
564
2882
4743
6710
4538
5553
3497
4916
9032
3337
7688
1590
7828
273
9317
4295
6078
1868
6600
3911
3039
3678
937
1466
4801
9404
9707
3465
2523
9740
5429
374
4023
7260
3213
3020
3729
6590
2723
4373
9006
5169
1928
8358
8375
6891
8330
4901
3569
9794
7885
9115
7866
8746
6791
5203
8129
8504
9047
5506
1314
5573
2851
9761
5278
111
8446
2614
9683
6729
7938
2881
9069
803
3007
8642
7528
4052
7408
6552
8865
4899
6054
3811
5064
4630
1459
7643
2996
4481
9765
5930
9587
1760
1182
8132
2284
5360
3548
5143
979
695
2377
749
8568
6996
4337
4142
8269
7553
7339
4659
8674
2965
4967
7205
3439
5958
4370
9460
3037
7083
7033
723
6561
9392
5544
9185
9926
4627
8461
1139
422
6939
1645
9020
7029
4568
5426
4094
8938
741
6049
6122
506
2570
7924
6836
1363
7518
8040
7698
1474
8826
4101
5091
8001
3929
9781
7980
241
5291
9843
3566
7583
7433
3714
9139
4294
4354
3927
8759
2594
2868
148
5363
9068
375
2769
1204
3559
2803
249
1786
6197
4001
1918
4989
3734
847
9018
9226
6735
8445
8548
3451
1571
9477
9739
8885
1361
4728
7266
7163
9161
2210
248
7744
3212
3423
6307
2921
9711
7368
6184
9440
8907
4630
1689
2757
8053
1687
4747
2111
2053
3837
7443
3184
5589
2292
1981
7479
5224
620
8953
7839
4068
372
9586
2901
1469
2184
9980
2199
4144
9521
7658
9943
4024
8139
569
7599
5633
9236
9804
1230
4327
2687
8580
4832
7129
5624
7948
6012
7120
4243
5407
5575
5078
9341
742
4391
149
7780
8642
3570
1917
9475
7570
6372
704
4565
7602
7582
4798
282
5056
6764
7689
6679
2604
4239
6308
3960
8939
8809
3965
9889
3816
2104
1971
3506
8632
1129
5430
9016
1400
238
3162
4192
7109
6954
5575
1015
904
9192
897
5741
444
5468
7006
9416
1965
273
5369
7333
3055
9298
4947
6905
6744
9156
896
7125
1467
7984
1541
9128
18
9775
316
9630
6311
4557
3985
2007
4271
4624
7021
3890
436
1602
5836
2984
2733
6074
8093
9637
2476
2218
373
9456
1667
2753
8737
4876
7044
3439
358
5976
6820
8521
3462
433
2764
7075
210
2471
6796
410
246
6252
9371
7860
4950
4393
335
4638
5779
7051
3445
9397
9321
5274
5246
7969
2152
7979
7127
2891
9789
9131
4611
8960
2349
6331
7319
1341
6174
8524
8257
7434
7105
6720
9334
1763
1375
7135
2823
2753
5967
2203
7007
4696
8722
3211
3468
7769
7579
2324
679
5368
7102
8646
2449
4984
980
4930
7948
5378
1704
6314
2116
6740
2690
9680
8856
2886
5309
8848
8201
7384
6790
3050
429
9687
8419
3175
176
3134
3198
8669
3433
5753
6573
5309
6276
4725
4288
6602
3441
3091
854
9572
9688
6732
3579
8546
4150
4590
1058
5150
8329
6885
2171
1003
5861
8501
8610
3233
5120
5491
4564
2121
6304
7987
1262
4340
3375
6555
2100
7781
7816
9191
3146
2415
2865
5350
8050
1657
7524
8482
579
3119
4060
893
8195
258
6025
3542
9601
1807
1327
9499
3969
7212
1905
5273
3445
7870
3702
1966
9524
8953
3765
4800
2777
9215
1667
9862
9163
7514
8326
1620
916
2820
1668
2468
6673
4483
9853
239
8549
5955
114
2732
5354
7803
9088
2335
3893
9921
461
8787
165
1033
8574
9506
1928
9592
5746
5408
4185
1976
1071
9016
1529
1188
1335
9726
1641
3763
9750
6308
6626
7713
5419
6520
9298
5273
7345
6570
1572
7455
6472
5740
4938
5625
5
4242
8249
2238
723
3864
6080
2087
9748
7139
3766
3010
3272
5136
5888
7269
6904
7352
1404
6399
368
2885
4510
8842
2887
9230
7588
4877
7340
1118
4535
846
8319
6003
5649
2228
3064
6739
389
2811
9304
9176
3743
2497
9547
4428
3929
9581
9175
8864
5079
4367
451
3574
2913
530
6343
1982
2394
4606
3804
909
9249
2907
8255
6106
1012
9744
9799
8643
4987
3912
6016
6588
5736
8326
3556
8583
9609
9216
4326
1727
2503
6166
6106
3166
7711
7654
5908
9039
7115
7320
3723
4686
2572
5972
2554
7579
9749
3220
8531
4669
903
1635
2336
4307
2373
1957
9784
6246
2035
9984
4890
7770
5056
1016
4744
3603
6813
905
5635
2644
1897
3933
1487
4595
1210
1421
9091
7033
1754
8500
6880
2805
5756
5119
6972
464
8297
1185
265
2987
9660
8899
8374
4356
4198
8681
7586
3592
2878
5503
2824
1554
4617
9826
9628
4818
6050
5387
2384
2841
6182
4182
8579
5920
2974
6673
9447
7880
6858
5344
3101
1819
8231
685
3695
2546
7468
2444
2298
4849
4263
7805
5142
2877
9439
9051
4340
477
4245
161
3043
5214
2172
3900
1694
6768
7282
1244
7189
3726
3914
1012
3207
1499
5944
7072
8361
776
4856
3462
1382
2402
571
8630
2258
5832
8431
8075
3212
5258
5785
8595
912
8812
9218
7515
1751
8106
1243
2580
2508
4598
206
5730
2411
9725
1523
4338
4583
1160
6796
3291
9064
3487
3822
8526
1792
8183
1148
3976
1321
3883
9297
1302
6029
8200
5354
2887
2384
419
3742
3997
3982
5174
5307
4237
1661
2247
3278
2103
1679
1193
8894
5903
294
7803
581
6921
2483
4463
3756
404
1422
6950
2578
5085
9612
8662
1353
3844
8191
1917
5742
4075
1264
8751
131
7051
9057
9692
2714
4961
6450
1021
4624
9638
6483
9068
3219
9564
737
4163
9634
2596
1566
7917
5759
2412
3009
2441
9907
5093
519
8046
9871
4131
1717
8552
2923
9806
5404
3007
9261
7958
679
7752
295
659
7811
7925
2269
5386
8971
4424
6001
971
5056
3270
2845
1047
9249
3174
9181
496
2749
4200
2694
8856
7634
8194
5559
475
2880
2854
4954
3257
7664
6287
6919
5147
6874
8042
6022
1655
8296
3634
1902
127
8629
4963
1551
6739
8080
208
1224
7591
1347
5121
1750
623
7995
2932
3323
1814
291
2323
6582
2286
337
7302
8116
6898
8893
735
4866
4776
1914
6820
5982
3842
7586
1450
9498
4179
2674
300
3819
9823
4399
2091
7988
8587
1875
63
5946
5331
2376
3612
3332
6506
3840
9744
3986
9884
6911
3720
6518
3152
9461
67
5491
7113
1036
6398
2352
7243
8058
4606
1897
1499
9683
7756
259
4416
3439
5642
1178
4133
2051
9652
8121
1760
1551
6962
6420
6220
9907
1226
2341
5699
3711
4018
9682
7976
6645
3283
8456
3168
9325
4809
4022
2208
3877
8742
5208
4450
6947
8343
6909
1
5769
8063
904
3012
4643
8287
1328
1928
6719
9863
4564
3237
8202
8293
9967
818
9299
9564
1619
4117
6158
3729
1285
4915
1176
4015
7333
6725
8754
5290
2185
1227
44
2768
8373
7387
6975
4124
4185
9730
1238
8692
4582
7419
8314
2162
686
6781
6425
255
3239
6206
9843
1419
3020
806
6816
1978
929
3614
2849
6808
416
2791
3809
4157
7397
9223
7032
6620
8722
5311
589
3285
6752
5240
2196
8010
5827
2939
7355
6607
696
639
2941
4794
9517
1341
7186
1546
301
960
2692
9349
4184
7305
1933
7977
3083
8974
6146
1955
7184
482
6342
3854
7733
2032
6076
132
1761
7633
8286
3248
5065
3117
9699
4515
8862
8126
7664
85
8223
3904
926
3012
9539
9236
3619
8184
4235
5060
2944
1863
5608
9809
4247
212
4969
856
7670
9953
4174
8227
7748
5030
4302
4411
3575
6474
7937
9851
1520
8958
3611
4608
8228
7113
4598
9901
215
2990
2490
1323
5847
3114
5132
2382
7938
5257
7201
6850
3029
3880
9117
9604
4035
437
9260
9341
4686
6754
6731
6249
9237
5001
7428
2086
7321
345
9525
8440
6957
7695
7900
1097
8954
4480
5633
6110
8333
8946
9392
7044
542
9339
2849
8617
8542
2001
9766
5848
1547
4848
9520
6284
8082
9738
9582
4869
6003
8168
7028
6265
7770
3423
84
4161
3407
9774
1739
804
5243
7267
2522
4994
6613
8974
8511
2102
5656
5166
832
9887
963
4119
2052
2536
7518
5332
9582
9426
6403
8313
1670
323
4000
754
5830
2072
8488
8359
7518
7430
5616
1569
6036
3838
7549
7510
8876
4495
3032
7680
7983
1238
6810
7563
2907
5232
8490
2749
1831
7776
4080
5409
3217
9707
2565
8444
6726
2865
777
4576
30
4262
7521
1950
3137
6766
4075
4998
2282
3480
3119
2971
2710
2433
484
5538
1801
7065
3035
1368
7262
4499
6044
7363
5272
5669
1676
2449
2425
7648
1416
7213
3182
4745
4528
5728
758
2246
7458
4499
62
8884
5778
3107
1642
1301
6724
3373
5585
2119
1542
5273
7029
8351
508
1684
7822
3221
5977
2741
6643
3865
2230
4369
6932
5907
307
6185
6838
1256
4616
8977
6332
1496
5926
6684
4894
8517
9214
7059
1321
174
4782
9108
8899
1513
4628
7335
3321
607
5616
9612
6903
8688
3626
9184
4082
5640
3613
6399
1334
2938
4015
8851
7384
4184
9549
9002
3543
1477
1560
2710
6099
7009
6310
3437
154
3444
7607
49
2203
1302
4725
346
8905
7194
4038
1087
5950
6075
8082
6180
7369
2239
1371
7949
1685
7400
3693
2577
9112
5753
6276
9514
1109
2662
7876
9672
7790
2244
8154
7765
873
7535
8429
2803
1933
6202
1151
7778
8458
3121
4182
4910
2339
7739
7089
7412
3001
5356
3177
5477
6645
4070
9975
2692
4465
2159
5196
5321
8883
7229
0
5880
1959
5390
7370
1132
648
2773
8457
3676
3451
206
6909
6543
9289
9715
7141
1516
599
4567
6694
6347
9795
3551
5748
3703
3564
3265
4848
7044
1886
3348
7310
7213
3385
6023
1714
2855
622
5790
615
8290
5846
8182
5643
7933
2702
4730
8394
4280
3522
4958
8566
9013
8677
6840
800
4936
4442
351
9782
4974
6211
1404
8024
6249
659
3869
2664
9161
9442
5720
1582
6327
2349
8621
3397
6491
9159
3172
1030
7997
7232
6165
142
8376
9615
6214
3983
9882
5247
1631
6880
6601
980
8361
4514
9040
7849
8261
9808
6438
6968
2058
7889
5152
5205
438
3630
6572
5111
4261
1754
3358
7139
2624
8483
7640
2246
7788
8580
5090
1183
7923
3012
1930
2072
5216
2047
5621
9199
9332
6926
1955
2917
6229
3749
9392
1969
7206
106
1686
5874
3058
7757
3392
6400
1154
6568
4250
1342
6014
6884
180
2750
7616
565
2789
8320
484
6451
8908
3897
1787
8087
1730
6428
303
4958
8300
7607
9681
9853
9884
6333
2238
8753
3590
1419
5568
8097
2448
7625
1921
7187
3411
8976
1274
2279
6111
7778
185
2292
4346
538
9457
5981
7016
8369
3995
7328
3095
6266
4427
6331
3218
7323
3165
5179
5717
4312
6478
978
1840
3438
8935
1748
6260
3128
8788
4622
426
8674
8163
6596
5091
4872
5816
3126
3098
3737
7342
3102
9638
4430
4823
9352
4843
209
8900
4478
640
4971
3536
9183
9996
3742
8806
6236
9770
3420
7124
8831
8219
5826
8311
4984
9834
757
693
9893
5626
4215
7210
829
8508
1046
186
745
5725
7954
278
2719
7548
9144
8409
1405
7290
95
514
958
857
654
4252
3884
3255
9065
4296
5923
6036
4406
9436
1886
350
3408
421
4288
1230
3623
1736
4880
5339
738
5687
6882
1245
4355
9247
9838
4828
6437
3869
6528
519
7348
2737
923
1056
9800
8618
5754
5924
1968
6369
9429
1192
8711
7874
9340
1199
8470
6549
4947
6441
902
8379
1658
6774
9007
3988
5896
2040
4066
9757
7412
4565
6368
2214
4191
4363
2309
2690
2657
6959
6613
7064
8286
3486
3025
9878
3477
5348
2437
4021
8677
3963
3249
4903
1516
2123
3922
4349
3214
8176
1277
7765
4638
7209
2119
9761
2348
4445
2356
4483
3147
9528
5322
2196
7086
3923
2289
4372
2350
1329
2457
6539
1578
1493
4680
9182
3500
961
5294
8653
2180
6170
8519
3162
2739
2711
5709
6452
86
9272
4983
8145
9405
9236
6243
7514
2327
1882
5563
7168
7244
25
3750
3612
6919
123
4718
8532
9069
3452
8201
7098
1758
2296
3638
2206
4775
691
1718
6276
1874
8370
6005
1056
4667
886
9267
3502
7263
6537
1748
1438
7763
1825
2304
8444
7806
2177
6183
5454
8436
1695
1525
2214
1889
2656
8990
4103
5502
447
7190
3941
9650
8173
5487
2981
4728
7059
2592
3987
2137
4515
7215
8403
2502
2684
5083
8783
485
1771
5000
5951
8405
5950
4375
8246
8719
8293
8753
2105
3307
5298
8577
2459
9948
1487
1163
4419
9401
2974
8029
7967
9113
1579
768
2674
5194
302
3563
216
8911
9437
9204
4315
3779
9007
1219
5598
2990
5242
3414
7734
4883
6862
8203
9497
371
843
5725
7998
2914
7708
3245
8612
3155
5559
5180
4207
2355
6572
2291
6573
6767
2635
8032
5510
9443
1587
2973
2434
9617
8629
910
4980
5146
1127
9495
4452
1851
4324
9576
7179
486
6288
2630
1031
300
8954
8631
4094
9109
6362
9833
5472
8188
1146
9263
2261
9657
2944
457
1349
1244
4521
4959
5846
6115
2
8219
640
6744
3408
6400
9885
3850
1791
5210
5196
9174
904
7315
5076
5699
8107
4863
9909
1319
9420
293
8667
8024
730
6635
2252
3811
2186
6269
2225
9283
2754
6937
5505
5278
9618
6074
3096
6722
6429
5662
8694
8967
6948
2550
8596
9345
7092
3579
7010
7765
1926
5703
3116
5621
8884
5687
9499
4458
4924
7531
3591
5997
5645
70
2298
3378
5085
9577
5888
2737
9933
9671
7355
4290
9220
804
9410
7732
6888
7791
4569
6891
3564
2073
4205
8852
3731
2624
7814
2262
3187
8349
3038
7814
628
2183
9776
3430
5447
177
3562
2396
3412
6023
157
2027
2411
9168
4851
9728
3484
1632
2880
6683
9554
1181
4880
5464
2811
7164
8944
3065
2627
424
6169
7442
4957
4974
4312
9008
419
3095
6569
3543
8485
3059
2145
358
7597
4574
698
8553
7571
5170
9881
1499
3917
457
8779
3942
9902
8013
4398
921
4431
9967
2109
596
4316
3040
3539
9955
5637
7790
1345
6133
2020
4559
7850
3544
4542
467
7243
3122
4114
6889
1592
3534
7551
2753
5730
1058
3859
5065
2437
6201
8829
6598
6429
8578
2388
8337
9848
3187
545
5899
7830
3371
9798
3630
5550
1587
1730
8850
3723
5488
7245
6473
339
6585
5726
1480
9319
3743
9980
8482
5734
9501
3456
4194
9837
9741
3018
7877
7161
2917
123
2865
8893
2540
2943
630
7439
9309
3245
4384
1180
9159
4327
8342
2844
14
5164
4130
112
9938
7773
8269
5192
5865
7725
2678
6081
6412
2449
5663
4732
2123
3606
5093
9145
5854
7058
5306
6994
1113
7843
2096
7220
8106
6292
5619
5304
4066
8782
2228
9041
1998
6923
2622
2525
210
1238
7175
2782
7857
8750
4213
6243
7915
3528
6330
9311
5586
6708
4989
4139
7995
2040
8902
2967
1118
6201
2838
7259
794
2729
2241
4684
25
8570
5001
5355
2122
2544
936
663
8705
7540
5722
5794
5431
8788
7684
7281
3695
9080
533
8413
5655
7408
3335
967
1431
8538
1906
7033
7273
2831
1166
3431
452
9389
9858
9315
4695
1119
9150
3008
2607
9624
6465
4607
6581
4654
4168
3781
6663
6643
52
1838
4849
2704
7190
1530
3592
6858
7754
6101
7139
2534
5773
5285
2678
5576
6269
1724
5436
8871
2060
4334
1216
2093
6383
2028
7320
314
9465
126
4831
1560
543
8832
7438
1018
7272
6611
9126
1229
5363
4900
1708
5648
4773
5386
2833
9632
9277
7673
1085
4748
6262
1171
4888
3096
1769
1726
5172
4173
9932
721
1546
9228
2714
8536
9136
1891
8112
2823
3076
8489
2818
6618
4008
3299
2744
2939
9242
7865
6440
7805
4638
754
9777
2069
4106
5740
8673
3945
4350
9657
1284
9409
4910
8163
41
665
6205
8447
1138
1176
4887
5119
1273
1611
8620
274
6986
3963
7732
1638
2081
5693
9923
5534
5296
6872
7099
7294
7660
1185
4888
403
997
5026
284
5232
96
2697
1544
3954
355
5132
2867
2005
13
747
4554
8272
5327
3470
4980
3116
4859
5949
2849
5842
2743
7230
9247
4818
3614
2777
3848
3247
6100
3640
7163
4535
1987
6122
5669
7057
7991
2423
4748
863
178
6541
3944
2211
4012
9448
7118
8142
2235
3009
8443
995
2715
5325
8553
7979
2555
870
2289
6129
1140
2695
573
9053
5126
9569
8856
206
3952
7195
5477
7136
8172
9574
7289
2478
3845
4510
7446
9281
4597
5932
3620
9670
4640
2872
3854
3709
8919
3548
6199
8269
729
3604
5767
4870
4109
6274
2758
6511
5380
5934
2995
7277
2334
5530
4641
1189
1004
7587
1983
456
4398
9411
5746
3453
8520
4948
3682
8989
4309
4079
4142
3496
4024
2723
284
1813
8571
8545
3185
6390
2583
5331
6649
5193
7406
3869
1460
1691
2472
5051
3182
9864
5896
2682
568
2622
7882
3844
5976
9935
1307
7043
3322
1252
4725
7942
5649
5854
4566
4689
479
6168
5068
9598
2652
8617
2255
4290
6758
182
586
6475
7142
9204
9096
8981
7835
7851
759
8684
9397
5494
6988
7067
6016
8054
6659
19
4554
6982
7392
2119
7523
2826
4087
4196
416
9105
7284
9422
8748
5161
7752
630
3324
6465
8625
8568
2509
4153
4597
736
893
1910
9611
3628
6306
275
2998
5997
506
593
8526
1031
753
8926
4333
7112
9577
1956
9571
1781
8057
5352
2166
6256
4244
563
6121
4998
2852
4269
8376
1525
8643
8149
429
1034
2598
6429
9298
888
2839
8946
5892
6021
2333
5466
1073
334
1418
1654
2270
1291
464
2759
4375
6589
2129
5885
7427
2948
6803
7114
5810
7581
188
1268
6087
5417
2191
1738
172
3337
8898
6142
119
1108
43
432
4807
6043
8407
2636
8106
9092
2487
6890
3231
4194
3800
5987
4242
5894
5229
275
4026
1775
523
3578
3307
7852
4465
1244
9784
9538
6882
6808
4953
2698
3744
8806
7716
9345
6246
4633
3483
8131
2018
9525
9970
2258
4397
9898
588
3456
8072
142
6945
8444
7270
3384
526
5432
1536
9800
1385
1017
7737
8309
9071
7705
7662
1103
3851
2215
9433
8883
1269
8285
3699
7132
2373
5249
3667
278
6419
1173
872
1613
3213
522
2974
9413
5460
6577
3873
6963
1619
3618
5947
1128
412
5973
9259
8766
8545
4782
7589
4315
8668
9206
991
4643
3660
628
5823
2426
4300
5610
4319
982
2482
9644
4618
6930
8801
651
3382
9568
2107
5632
3854
5606
7190
6100
7690
4457
2377
7836
9885
967
9300
5810
1339
3230
4986
6270
8309
9610
1340
6355
1363
972
9874
1894
6476
7542
3720
1002
5109
290
4724
6199
8500
6850
2368
8248
5071
3779
8952
2675
7398
3371
5777
1492
2490
2273
2675
8003
8600
7483
2421
4164
166
7186
580
3709
8425
9875
5151
3121
8289
1055
9826
8507
5665
3169
4941
4023
7342
15
3585
4058
4516
9402
3782
9521
976
3440
9996
7447
5453
353
6812
721
2734
4958
6393
1651
5845
5565
2297
9877
3998
1481
3450
1248
7371
919
5379
1443
8060
2195
7560
8610
6506
873
9353
3918
6337
6127
5432
7263
6296
3583
8901
8061
4798
9363
7671
6942
9427
4505
6201
7402
1472
5958
2991
6763
5620
2055
2580
9808
715
2514
3426
9041
9661
9579
364
3916
9393
7970
4683
2926
12
7162
9475
2317
5146
5637
3714
9266
4824
1739
4197
6164
8187
5625
2806
1087
2320
4325
4053
6020
465
5200
3970
1242
8673
8741
4053
1698
1540
5646
3626
280
5870
7157
9372
901
3383
2760
8557
4386
3015
1606
3183
5399
1316
8982
866
3393
3684
4166
3019
3361
7089
7569
3053
7873
9161
842
9558
6274
4575
4389
8648
9490
2434
5509
19
2937
7127
9328
8716
8338
645
6494
7900
966
8477
1184
4648
4627
6212
9662
6024
7404
2767
3337
7541
4971
5674
7215
2852
5234
3429
8748
2538
9358
2491
5133
2699
8668
5888
8816
7412
966
9190
6360
4256
9270
684
8189
3354
1899
9860
2432
4785
7897
4735
6364
3809
6923
2136
7543
2227
1827
3770
9352
6803
8050
8094
7826
8362
356
9780
9966
616
6850
6798
152
6959
955
9172
5936
319
2060
6567
6881
7593
4124
5590
6654
1555
9749
6822
5831
4279
3436
882
9019
9544
530
671
7480
6146
8371
2217
1149
7820
8283
9904
8001
5725
8904
9017
8157
9976
91
3954
2964
4950
5432
3750
2195
6911
2877
7081
5346
452
2672
8817
5834
2460
9696
9361
6097
6104
669
2851
2433
5573
4820
8464
4376
3086
3187
2047
5448
4076
8571
8153
5373
5707
1459
8053
351
7337
4632
1285
8957
9614
1746
2587
3802
5299
5058
905
7012
9697
9352
3668
7166
9254
3938
5428
7536
9830
5838
7355
2149
1516
1008
7215
2594
7436
4943
7094
3334
4854
6217
4173
460
8361
5703
7925
333
8498
9820
4922
4419
4479
4118
7105
3145
7748
967
766
5358
9337
5294
9471
2600
9310
9902
9
6964
2716
5056
3389
3100
7546
4004
3078
9410
2888
931
6913
7801
7724
5376
8985
8354
5751
1053
1775
6820
3522
3785
7987
5573
1434
7959
1313
3445
6229
3130
3930
3674
3296
2380
9838
4101
1976
1134
1187
6003
3057
4170
2821
7328
4037
580
6378
582
8620
1951
4928
740
7493
5835
6022
9802
2319
1180
1140
7072
2982
2487
7976
757
1117
5461
9933
3573
356
9306
2505
3108
3558
9631
8228
3000
418
6651
8113
1331
5268
736
3354
3213
240
6738
4540
9168
1290
4306
636
9341
7908
425
292
8028
3557
3360
5679
5088
7683
3532
3980
233
3629
5671
7762
9251
9319
6857
1281
5052
1810
2310
2768
6611
583
2049
2873
5468
3552
5742
3485
8448
9076
9892
1781
657
8253
849
7622
5178
9976
6136
1088
5461
1032
2278
2243
439
9414
4547
5439
8102
5641
3891
4823
6010
6991
6956
9536
5937
9957
2545
4939
7949
9321
7901
9709
6280
3081
7708
2472
9576
8839
6419
4232
269
9308
944
8508
5478
550
2300
3310
8020
9807
9740
5313
4711
4587
8311
3606
2500
9854
6978
5531
3880
7559
7479
7505
5686
4765
7028
7288
2524
8069
1456
6713
3252
9165
1576
2271
1014
7064
6728
6003
6619
2310
1077
2707
1980
6623
5063
3983
8265
5597
1940
9552
6725
3043
9014
5252
2686
1709
2207
4218
171
3877
675
9046
1199
9487
980
450
4122
1074
4395
6194
8318
1508
8434
5170
3902
6272
4318
9566
3091
9223
5242
4717
6664
9664
5263
1083
8389
9229
1055
7090
9866
684
9809
2149
5553
1670
6486
984
21
5079
7034
2991
1346
7515
1094
1553
9282
7346
2163
7320
998
2543
9001
8616
9206
5779
6693
6794
1823
2528
8729
3957
1643
7949
381
8631
7039
3574
7635
9413
6493
9932
9640
7597
4186
4976
8966
5348
7706
8039
4695
7601
6519
1291
5285
1749
9377
8671
5212
2597
3327
8428
3056
8101
1155
8796
6811
2019
5676
6674
9230
7549
2485
2132
8809
3360
2187
87
8710
8143
5371
2790
1936
5612
7482
798
1345
1814
1838
2776
680
1631
2410
6724
5162
4744
2903
8862
5407
8667
9901
4720
1629
3365
8833
260
5842
6622
3064
868
2426
630
7658
7968
1137
8238
514
5851
162
128
6034
7011
7822
652
9187
2059
7081
9041
6665
4230
2734
6788
2021
8418
7810
7567
5877
1423
9958
9113
7030
1563
8710
2990
4873
3931
2830
7947
19
7368
9757
8344
7951
6803
4033
3442
6766
7318
3602
4372
6255
5817
6811
7105
8185
7854
8626
2337
485
3322
1817
3174
9592
2176
7213
121
2990
2667
2764
2070
3651
9719
9571
1889
7994
2525
1237
4851
9921
5641
3928
6389
9451
266
5930
7911
2797
8230
4833
270
7269
1863
4447
7448
1555
7670
36
2733
2011
978
9278
9156
8547
4877
9275
5471
872
3444
5935
5684
7405
7609
1217
3704
2147
8110
5711
9178
1220
639
1763
5610
2856
6029
701
3636
8171
7587
6751
4093
8518
9143
3736
7048
4890
8030
1928
8950
7947
9148
1410
4696
9625
1640
8287
8114
8265
6680
1887
3645
8690
4397
1851
4745
1524
2061
6486
8318
899
4505
722
4397
7602
2523
4766
1688
8457
142
4029
8922
5257
6362
6370
6836
9126
7674
6615
4037
2003
8396
1453
7910
9276
1572
4142
9807
3068
1261
4990
5705
79
8462
5408
5521
8034
4884
4485
342
6855
97
2767
4319
6692
5937
6691
3068
8203
6901
6093
4791
7732
2991
3070
1430
3878
376
3664
8961
5684
625
7498
5594
3988
5492
206
2318
9660
6550
9472
6502
7446
1899
5554
1370
7442
5366
762
211
5673
7340
4421
7259
8447
6868
8660
7300
9091
3581
1301
3313
3793
1804
8973
1301
9622
2256
4384
5238
2131
1555
6563
9213
3546
9824
6761
685
8949
5932
9818
478
1719
5603
2674
7861
1194
863
3317
3762
9703
8375
3536
8757
2629
2786
6587
5501
7976
7494
9738
9631
5866
1410
6915
3119
5976
7556
9450
1950
2243
1735
9175
3729
7303
861
4281
3273
9960
1749
7220
3716
5704
6778
1878
7136
6021
2487
184
7815
5775
8618
8512
7052
7063
1492
1235
2944
6387
5274
1591
4384
1967
3356
1622
7663
9885
5808
9102
684
957
8234
8694
7808
5623
7497
9323
5046
8229
769
3929
1367
8862
5136
9221
1617
1405
1359
6119
3283
5136
1800
9173
215
5132
8927
9130
8845
78
5358
1861
6448
4684
3536
222
4552
746
4698
7443
1147
4377
8657
1777
4608
8394
5452
8558
3778
1696
8631
4259
8237
9171
9024
2727
1224
448
4306
6599
9903
3646
2348
5810
4155
8363
1646
2768
6752
9301
1855
4162
980
8597
4941
356
2119
5990
3202
383
2659
4196
6655
1980
7297
4335
2472
867
5589
2622
667
1217
3912
7152
30
6024
5808
9741
6373
3056
494
8811
5229
9451
2179
9822
136
9447
7024
8039
7781
2556
7833
9005
3179
2661
1076
5928
8610
3595
6868
2393
4830
2093
4957
5432
2504
8060
2291
8566
5035
8339
292
1137
2424
3475
2734
5414
2359
7036
7918
4496
9131
7208
2230
3614
6320
4658
7754
3683
4643
8980
2328
4503
2542
1854
8577
6235
62
706
600
378
9523
3179
3302
9323
7860
894
328
5026
4221
6569
7414
9414
9286
8041
6384
1325
721
6872
9495
8644
6943
4066
9893
5851
1679
2984
4746
4925
8004
1390
484
9725
2002
5487
8746
6188
9685
8432
6741
9591
3390
8770
7771
2444
2780
4577
9210
253
6418
7177
4046
8110
7370
1977
5263
2409
150
8015
6266
1761
366
4867
6777
2051
8811
2800
850
9320
7247
2381
9689
663
1471
4713
979
5719
2047
4389
7416
4498
9656
2843
2659
2358
936
4204
3994
9285
3030
8104
1461
3836
1584
5254
5741
9600
5475
7828
786
7812
5414
3832
5944
1127
1140
6308
8751
7931
2500
4168
2398
9296
6534
4882
6028
2383
2301
4368
9290
2931
627
1814
400
4177
4957
1595
5331
5992
5325
5998
239
7155
1342
8310
8375
7196
5119
599
8614
8507
7199
2288
3873
4940
2129
608
5467
4702
1852
4585
9220
2039
242
398
9183
7141
4459
5702
2175
223
989
8738
6669
4122
4442
8795
3320
6360
3543
660
5434
9803
8484
3983
3827
1032
4332
3915
9541
3526
6843
6011
8827
7061
8983
6114
6822
283
5228
827
7893
281
8680
7701
3856
9805
9616
4778
129
2049
9501
3025
6336
1152
1911
6954
3434
7497
6812
1863
9453
9180
3996
106
595
4641
4868
2456
56
6040
6470
4493
2121
7130
1697
5786
5083
751
6514
2953
4549
7881
1911
8993
6476
5646
2556
9716
5817
7939
7508
9798
6360
1187
2709
9609
4528
671
6976
9171
5482
2591
1147
9329
5008
5479
1197
6277
7011
1093
1126
3930
2520
5926
5880
2472
2785
1352
2806
371
1780
7866
1784
2110
1914
7472
3240
5645
5638
3795
8588
6616
431
3717
7264
4539
1692
7746
1711
6074
5371
882
4334
8834
6063
6314
261
3467
6692
8915
3339
697
8687
1618
7469
9490
8838
9174
9146
1834
4569
3889
4798
186
3868
2301
8649
8895
1795
7520
9340
7982
3929
1770
7263
6389
7676
2747
6353
5389
344
6418
7469
5387
7710
4160
4550
7366
1345
9002
6591
7235
2110
2749
1225
3261
5221
7420
26
9904
8184
3381
2934
5204
8095
3491
893
7174
9541
8412
4737
3554
8162
1449
2338
9309
6934
8870
2167
1791
5327
9536
9659
6302
9543
3403
3666
8469
6750
7782
3479
851
3455
6934
6068
1376
2753
1326
8940
2027
6764
496
9608
1022
6358
6782
9692
7075
1066
7497
8501
6368
3923
603
6194
8605
1946
9872
6028
38
4922
8750
1780
9420
8396
9317
5639
4439
3668
2497
288
3014
8135
3357
3946
1158
2375
8786
1872
5232
653
2334
1604
3117
4754
2143
4232
5573
1914
4606
4732
6357
9662
3016
6884
2431
5460
1799
3157
5355
1468
832
3869
5980
5385
5686
8540
2941
5131
1228
5506
1354
2373
3511
6647
5322
7936
3313
7073
4170
1643
1786
3157
6454
6381
7561
8941
4864
1513
6865
4418
546
3676
9535
7686
0
6439
6335
1025
295
451
4494
7574
2099
7061
3801
5186
540
2112
3429
1648
2303
9090
184
7147
5611
6828
4261
9393
7698
6417
4197
3617
7280
8378
3872
6513
4888
7987
6028
5950
6873
8262
332
256
879
9762
7593
8009
7478
3031
9278
9307
3754
5313
5533
8675
9498
1647
431
262
7338
4655
6217
9638
8440
4167
3978
7504
2902
1234
3952
9446
5798
3334
3659
2612
6260
1982
9385
3649
332
7561
497
4356
365
2942
5979
6096
262
2825
6668
3742
3852
3607
7695
4886
1885
4442
8383
8953
5679
7785
4017
7629
4866
7528
2702
7398
6436
6911
9039
4126
3347
7417
2257
8545
109
7835
823
7975
67
2319
31
4334
5388
4877
2093
7108
7430
3381
5779
4254
9143
5995
1394
4200
4817
3023
1754
5658
6212
6839
6541
3650
9182
3740
2498
5316
4174
5518
4102
795
374
3269
9117
5066
1278
5909
7509
8484
2996
2749
4939
9956
801
300
7783
826
5896
9744
6595
5507
3704
4492
8121
3620
209
2454
1754
1762
2755
6090
2266
9296
3121
222
4473
2470
4149
2900
2061
4875
6509
5797
2731
8896
1379
5344
6964
5784
4650
5535
7244
583
4948
7377
5526
4213
912
5754
9402
223
689
7684
2377
1643
6714
9119
6312
2950
8022
4812
4280
9628
8852
4562
5830
6724
8015
5099
8253
917
4555
3359
6089
9848
6475
9819
2999
3227
1456
4509
8057
5951
3676
8398
9669
7216
4981
7228
2157
3438
2581
3283
5769
2956
7021
872
6880
7860
3562
4898
1062
2261
528
7477
3215
8955
9443
5180
9186
1386
9524
7602
7897
646
5160
7597
3876
993
3509
7432
8141
1554
5317
7276
6054
1406
2941
618
8814
6726
6504
7511
6419
5341
7132
8661
1826
260
8894
7530
7674
4197
7920
6782
2782
7592
2985
2166
1273
3396
6254
2344
6587
6406
2556
6331
626
5607
6119
9853
6452
7581
2508
9440
4312
1425
7155
5426
5333
2504
5648
9159
8946
4624
4089
3045
9149
1720
3058
6588
1831
237
468
7488
3596
7133
6588
5860
8480
9866
5615
2517
5317
4925
251
4896
2329
2099
4825
5377
9949
9145
5903
2825
1664
5135
2690
9339
7497
7628
1848
3395
4932
4607
8251
7827
4803
3853
5210
92
5558
8283
3962
6213
9494
6281
6857
939
251
217
1971
7974
7181
5547
1693
6195
9127
567
911
8451
3015
759
8591
5807
2754
6046
3720
2422
1957
7288
7498
4357
1319
2719
1338
3266
3178
4599
4218
3829
5936
9159
1652
3764
2778
2932
4607
2089
6955
1180
2372
9106
3387
3708
8219
6021
3175
9887
8558
7149
8614
4451
9151
5029
3927
9033
6293
7120
2086
2089
338
3955
1629
8592
5680
5984
39
3879
8345
2560
6640
1249
8358
891
9384
5824
5759
3927
3174
229
7778
7179
1241
5714
1375
5151
2218
8014
8479
4962
5853
8276
3188
8199
6150
184
6780
9437
3225
5544
6543
6186
2329
9482
2920
2675
8050
2392
9697
1483
6211
3092
3862
9413
1202
9689
3100
5015
1812
9041
5226
7453
6644
1245
2549
3719
2096
8996
9226
6465
8163
8074
7557
6381
7948
5100
9086
1870
3262
7110
5859
211
1873
9553
3824
1967
2151
6924
6491
8433
3288
7494
3788
2917
9694
4038
4233
918
1629
5767
2368
8174
1882
1683
7214
2907
1196
7498
6237
2592
6992
7807
5673
3541
6918
3647
4643
3612
9241
1279
4159
9362
7340
7730
9176
9453
64
9796
9588
1480
7154
9349
6146
1944
5921
7845
7583
8186
7885
5224
9400
9132
9835
2743
3193
8500
8453
4723
1620
2033
3758
118
6014
7868
8467
5208
5907
698
6733
7322
4681
193
2596
1923
2322
9732
1373
1173
6540
4797
3155
2187
6067
215
2244
1090
1078
1429
5810
9152
4294
273
4970
5013
5930
1989
1745
6893
2640
5856
3850
4574
3822
5350
373
6117
3126
5222
306
9879
8760
7897
5730
4934
8706
7620
5838
2931
6163
3050
2801
8379
6909
2002
1984
1135
1704
9744
6507
1748
2483
1490
2027
4467
53
361
7098
2205
8306
6370
8915
2319
2921
8832
7294
7294
3722
7480
142
4512
6693
8377
4070
7959
6573
3078
2837
7290
3068
689
387
4913
6192
421
1379
9421
7283
3824
3336
5457
7832
9627
1652
4017
5857
8136
7612
9606
8942
3111
7383
9355
207
3396
9125
8600
4203
8417
8988
1800
8393
2220
6510
217
7387
2252
22
927
3851
6333
65
4373
9374
2134
6138
9825
101
1603
9230
5315
258
8756
8254
2746
2023
3761
8578
1715
4794
1384
4346
1743
9461
8117
7520
5423
4441
3837
5258
7039
3267
7510
1099
9068
5879
1126
7161
211
1209
4807
1705
1336
4906
6756
2214
2079
6255
2963
4545
9675
606
8607
1586
2753
8562
1841
7213
9464
2365
5018
8320
287
6381
8015
7737
682
7111
7665
2532
6331
1168
1639
6225
3897
1323
907
388
1520
140
5343
422
3412
7323
9082
9225
8403
21
3826
5497
6055
3260
1479
7358
6228
1550
8122
3838
7156
8595
1224
1551
1932
3359
4935
3402
7211
8216
9724
3947
767
4546
5751
6709
6483
5830
1404
2467
9209
8641
3662
3529
3760
537
7465
7624
6066
6362
2108
9488
973
7086
4962
8032
3100
4539
1004
5113
4097
8453
4140
6160
8001
2373
5936
6210
7292
7778
6234
7507
6743
4332
9784
7711
6216
1448
1140
7057
1789
8164
2970
5073
7866
1820
4545
8760
4957
2965
952
6800
255
3111
1327
1559
5178
6664
7583
5154
9794
547
4183
1373
1969
8
8644
9408
3266
5405
3340
974
2553
2514
3767
6791
6542
4865
2250
7341
2436
4372
9441
2884
490
2097
4840
7011
9390
385
183
6647
2233
1406
7048
7110
7611
7562
8694
560
7667
6956
9908
3090
5466
4198
3894
8789
9373
6434
9088
5363
2598
5962
5770
2634
6822
2231
4540
8152
6449
5778
3804
4390
3413
6470
9057
3554
5816
6166
2899
8916
5534
3482
2017
6466
9380
8757
1982
5919
4108
9298
8680
702
9253
1901
3207
2788
310
9198
9183
7595
3366
4575
338
3315
7131
3455
5109
452
7966
7695
5117
5390
6823
2266
9126
9969
4971
2930
880
8536
7486
1685
8214
3152
7254
1295
1596
4295
3006
3304
4196
6864
8467
6846
1405
7907
4015
1933
8089
5472
8831
27
6906
6452
5091
4993
6280
6420
6882
3971
1297
614
7992
4000
8318
32
8141
9556
1037
3096
1730
875
4960
8090
2155
3393
274
840
4355
1029
465
6555
4769
1916
5485
4168
7158
5137
395
8958
1215
9514
102
6380
4157
246
5555
1680
1934
2258
4127
8537
6567
1339
6087
3214
3681
1389
7603
1319
2814
2858
7665
617
726
3047
5642
9520
8530
6560
6418
9220
7908
7260
2673
7438
8481
5163
9369
8820
2988
7771
2100
8672
4833
7242
2556
8351
2906
6262
390
1845
8705
5984
332
429
2355
2960
1989
3246
6029
2161
6003
9018
7398
4397
6536
7472
4073
2419
7878
4417
1869
6052
9538
5071
5170
9838
6980
1074
3595
3168
1086
2788
4514
1100
9174
7852
3980
5146
562
6312
4155
1977
8879
3955
9594
4944
2430
7558
1368
8515
6348
5498
4116
5393
1084
5212
4417
5018
1299
5690
6294
8366
7087
5530
6341
8609
6117
2409
5445
2730
1718
2624
8911
7691
4861
5955
9826
4955
3959
7172
3235
5854
879
420
3268
598
3206
9098
5535
9283
140
4956
9104
7478
1469
5161
3517
8179
4267
9049
6706
5669
3315
300
4301
235
5839
6783
6995
352
344
4862
1789
1656
2069
8803
658
2902
5140
3452
3730
9707
7668
2619
1549
9050
4909
3511
1918
5046
7836
3007
9287
476
7775
9775
6282
9213
5705
4251
2465
1556
7491
2856
3722
8742
4816
6906
403
7671
8523
7320
9038
3000
5278
7804
2817
2302
6961
8214
4685
6271
1006
1152
2904
2422
6845
460
5865
9062
5681
3754
1151
6282
5950
1334
2751
139
693
270
6697
4651
9037
4417
4518
4094
8064
8338
4047
7480
4191
2924
9341
1041
5667
4079
1656
6469
3889
5193
3198
809
8505
2625
531
72
7179
8396
7743
4059
1175
7202
6185
2487
2032
7706
798
2879
9547
9698
8509
5786
4698
4507
1378
7408
7295
97
797
7167
1871
9577
9038
3018
4390
1699
80
3920
7520
4286
6335
682
7899
5882
55
6606
3927
4505
9866
8593
4246
3711
9470
6522
9622
5033
9777
5649
7000
4554
361
5526
2764
9936
6253
1293
2187
4980
8633
8951
4256
2256
2338
1069
7428
7852
3783
9605
7590
7329
9807
2471
259
2878
6085
9209
5639
2505
7101
7239
2512
4701
3026
126
4282
2641
9661
6023
6909
4762
4068
9825
5600
9911
6749
4487
5752
2281
4845
417
673
1622
8785
7926
1575
9987
4152
6574
2417
9214
5179
454
9947
8014
2474
4397
8047
2050
8613
5851
576
7670
3475
8018
5602
6501
9842
8556
937
7576
6316
7860
2508
3004
1731
5472
2165
5921
9337
1692
1321
9662
6302
6050
5455
3346
1398
6357
7086
3334
5190
2222
359
7935
4843
7485
8396
8687
6056
8753
1051
5642
6554
8386
9500
3030
7225
5995
2627
188
4589
1270
9761
3388
1770
2400
333
2013
7306
4411
9915
4049
4214
7762
1943
1446
6529
1015
6416
9545
8064
7208
6468
4310
2058
3617
2595
8250
5320
651
3890
2345
6248
3233
575
1020
548
9763
7804
6050
5258
8435
570
9655
6168
3981
5460
9058
3639
7204
9844
3464
2705
1687
5669
9710
9119
1251
8791
7771
1779
6274
905
3308
9742
9489
8806
6178
2560
4831
2430
7478
1114
6913
6976
1292
1921
9154
7713
549
8562
7176
6379
4158
7036
3858
981
8694
542
7533
2827
349
4334
4854
2442
2152
3171
298
3514
5057
208
5480
6600
4732
4414
9240
8783
6820
3076
7286
2387
2419
2998
5702
2233
1280
8135
4091
4022
7443
4668
6739
7507
2820
5230
2970
2634
5634
4123
9231
1583
6463
1834
259
9662
1736
6362
1501
1917
8451
3302
5499
5597
945
486
3700
6979
2035
2901
1096
6621
3880
5947
6808
5155
9940
6727
9762
7820
4013
7898
9733
1018
9519
690
6195
6819
8048
4737
9172
1517
3773
6922
5207
373
690
5848
8772
4331
8681
4427
9837
2398
5338
9584
9170
7568
8145
4779
3235
4997
1358
6388
1456
4477
2773
2203
7821
2572
6917
3785
8705
6179
6070
6852
9950
124
5835
3359
9147
2199
1864
9196
6044
3676
845
431
243
8172
6256
2848
368
3001
1336
9180
4420
5950
9093
7705
9923
5676
7134
1156
5224
723
8850
4265
4178
5513
7648
894
3644
8538
1714
2733
2795
140
1492
2428
784
797
7395
9418
4749
9755
8432
4376
5780
6720
8307
9969
4219
1353
4796
2536
8156
8241
7093
3949
9657
2190
5716
7403
5981
2136
3837
4321
4493
5393
1779
3930
7725
518
5023
7404
8015
4016
4521
4458
3478
8119
5763
5334
5288
5140
4966
1431
146
9857
6228
2338
5638
1120
44
808
6992
3541
363
5452
9270
800
1744
7359
3981
7723
312
4570
7864
9660
56
6343
2492
6279
5801
3997
6655
5636
2558
9478
1326
1064
3361
6654
2878
3171
5707
3834
7546
8341
9538
6531
9739
1821
8172
4734
5222
3184
5394
3129
9886
7170
3312
2019
7979
965
6553
409
1667
6299
2984
2729
3220
4825
705
5893
8723
1946
1333
4853
2895
9644
9429
9193
2159
7852
1325
1994
3658
6345
9714
9404
3253
8487
598
4179
3718
1939
9784
9262
7352
1550
3929
9396
7879
4904
2200
89
5227
6298
5552
1117
8786
7375
2871
8642
3958
7392
9671
7449
7982
3803
9674
6328
2927
943
5470
6089
5683
4695
7464
1457
1058
3696
9572
4523
5837
9609
6923
5089
2794
8246
781
8902
9832
3249
5726
2419
3316
6718
1069
9005
9381
4520
6671
9647
3986
93
667
4698
2676
9252
1502
8485
1958
6982
4062
5170
9288
7520
156
7470
3202
8947
9715
3204
9638
4326
829
3904
1566
9289
8452
939
53
9014
3957
6968
6913
3270
3649
5273
334
3854
5742
8559
5462
3284
4859
7932
1388
1873
6784
2278
7353
5349
5363
4475
4125
4946
2551
4828
7783
9606
9935
391
3200
7848
1073
2261
5953
8510
8501
6444
3957
6201
7468
6562
4137
6814
5198
2511
7951
7873
460
8893
2258
432
7444
6671
2036
1833
8002
1707
659
3209
1795
7989
2011
6930
8741
8746
8437
8792
3195
6774
7404
2281
3885
3170
7056
5879
1020
1261
4435
8531
6034
5366
8289
4135
9752
2339
5102
7583
9649
3985
1623
3013
5748
5369
938
7529
519
7243
8113
5177
518
9162
4601
7330
4451
6724
2961
3651
3368
9260
1694
3563
472
3605
267
7871
1859
4429
3374
9081
4712
5155
9014
847
980
6007
9600
383
3145
3709
8505
3493
8955
3950
3326
745
1843
7099
8207
584
2550
3054
6066
9517
8912
8303
5027
2427
986
7023
1305
9834
5851
7477
6084
7083
6842
4707
9938
5482
1761
7780
4738
6271
6285
660
5264
6769
7954
4092
7566
7592
6828
1000
115
2829
6384
6023
2013
5808
5488
3743
8035
8053
5102
4138
5589
1949
2040
4048
8693
4860
5585
7795
3758
6476
2193
3169
8466
8190
7442
1450
3475
5480
155
5806
4887
8831
9258
8849
7646
2
282
8591
191
2432
9925
9606
4558
344
7330
6788
6778
4027
3183
3054
6548
0
1834
2569
4058
404
7273
9
9072
4187
1753
3124
3744
6392
1540
6306
4473
7556
2124
2708
8083
5295
3444
3774
4706
2800
5533
1569
9400
2634
6173
3625
4133
5486
3821
3328
7370
4839
8521
1886
2396
2870
138
1662
4211
3786
5232
7374
4098
4507
4937
6274
5217
7220
8687
2533
8565
5483
573
1885
5890
3774
6305
6441
4775
219
3757
9978
2247
3563
2152
124
712
1565
5330
976
324
9515
7556
5367
8541
2987
533
9149
8510
5396
8650
2015
8428
8219
69
2810
155
7113
3678
1522
1309
1450
7599
747
5317
1621
7064
6696
8714
35
7411
8078
7575
4222
3059
2787
911
183
197
185
7357
1556
9673
5745
2890
3204
2618
9229
40
5121
2791
1095
8715
3793
5158
5367
5319
424
479
4197
3333
1981
5028
1851
3903
3911
3520
7270
730
4404
845
1625
7860
5527
4160
862
9859
1868
255
6426
2701
7848
8930
6828
8198
1234
6135
2402
387
3335
5872
2119
4989
8063
4823
6157
1393
1690
4513
6691
9525
70
3808
1363
1317
9185
2019
9963
683
6997
1144
7573
6189
8788
4130
8197
9728
2385
757
9119
5099
8921
6894
6003
8294
3468
6224
3446
9425
5148
5289
4302
4833
3457
9139
2042
8949
3446
4278
7547
6407
4659
1099
1698
702
2120
9019
1800
6511
7651
4965
8996
4548
4367
5327
5756
4597
2537
9876
4492
1363
2383
7084
1260
2468
2904
7945
8961
2520
1882
8125
2898
5834
3404
7081
4085
1442
7384
4113
6134
7911
6108
9131
819
6290
7518
5830
7671
9389
7802
4247
2145
8106
7321
4750
8368
33
5183
7543
9293
8609
9265
3180
8517
2200
7714
8728
6338
1150
953
2519
5701
6187
1344
1322
2722
7544
3674
4726
5607
6275
4322
3996
3914
7884
4493
7747
9679
2332
9036
5584
6579
9606
3088
8248
9576
6246
3209
8076
8620
3429
1405
5747
9624
4271
2674
3286
1459
1227
3704
6533
1409
7433
9382
9223
8699
7499
9583
4462
7068
746
5808
8761
8293
5641
8122
2131
6093
3174
7174
2025
7225
6557
6986
4568
9460
9367
4374
6388
8507
4399
571
3574
8952
5237
185
1069
5864
636
5667
4949
9499
6254
3618
8725
3160
7839
1378
338
2618
1678
7997
1937
4315
8088
8034
2858
5308
2871
2866
9320
5742
3784
8935
7933
5664
5898
8673
4546
4821
8690
8990
6987
2321
1964
5908
7993
7200
6028
3630
3962
2387
3074
6290
2459
1928
1835
2315
3917
1108
1652
7576
7653
3600
1946
2352
9198
382
7789
7168
425
4374
4883
8546
8804
4897
3880
5291
9417
209
2483
4978
4573
8043
9796
6808
5577
9218
106
2616
2469
9057
6593
9629
3280
7877
7704
5306
892
1381
7329
5610
8951
7855
897
4261
5940
3680
2807
2731
3880
3807
2714
6976
2112
8726
1306
164
3903
2078
9257
8190
5366
7799
3315
6916
7580
5233
2743
6490
5405
8041
490
564
4367
7203
6929
5450
303
4561
8268
3895
4266
7213
5923
701
1496
6425
296
874
5682
2352
8747
9279
9988
6088
9340
8066
2590
2055
3275
3266
5844
7279
3500
2162
9510
2840
4135
7749
3370
664
859
6132
6708
2705
8994
5838
5991
7751
768
6957
4294
364
1621
1969
4867
8474
6962
4427
489
6493
728
1032
3685
3483
2124
2824
271
3296
1430
4922
3335
3066
2025
982
9994
4333
7325
2998
1891
6868
7368
6690
1374
4342
6603
582
1656
2801
2680
9186
4738
1957
6546
111
9572
6991
3661
3913
127
9008
5636
7373
9115
9658
9433
4480
9423
9847
6471
713
1838
8309
3875
812
9966
6674
3633
4052
5669
5008
5043
6396
348
2165
7772
2139
3685
1489
5635
7818
4537
7501
4083
2
2074
9645
1791
9351
5303
6001
4291
5659
6750
8238
2005
1632
4811
7188
6298
5374
3311
6011
9878
2541
5932
223
6875
6688
4669
3461
1922
2558
9058
969
7048
4062
5416
8070
6431
8766
359
2480
6614
256
4502
1138
1267
2178
1849
5967
3244
3960
5242
3047
1221
7065
3942
1960
339
8194
830
4462
9087
746
4621
3497
8871
5652
5769
5033
5390
5386
9075
6377
2579
4445
8153
9413
5344
9670
2027
361
9177
2151
4666
3911
3412
5443
9852
724
3512
6902
845
608
9213
2146
8287
6081
5379
4568
3506
347
6143
8575
7838
7294
1488
1188
8237
7467
3312
1615
9862
8948
1206
5437
8660
3088
8760
4047
8725
6295
2333
9167
9438
9600
3072
9642
2108
7637
817
9790
9717
8415
6246
3121
8653
9236
8639
7915
4581
3289
87
6226
9949
517
9366
7792
8138
5237
1780
1075
6243
3509
9431
6240
9861
2257
4253
7861
3815
7464
6613
8026
8279
6666
7224
3427
6611
414
2549
5461
3956
4643
5226
4642
2693
6353
591
7059
8289
3274
2780
3857
5114
7698
3578
7951
406
4168
5383
2504
6564
6400
5059
2544
5517
2447
1416
7450
6213
9842
4806
5526
4560
2507
8380
2884
817
3066
8755
1802
5758
5700
8836
8589
2431
8898
682
1215
8662
9272
34
4086
5912
5904
7535
9653
9417
9826
8074
3273
6982
2787
5894
226
1852
6552
4865
1964
7670
6853
871
2809
1699
4870
8705
2797
3334
9352
6379
6149
8855
5317
5650
2516
9495
4763
6828
876
3873
9320
6066
1909
4283
3012
2712
2046
4748
9739
5998
4077
1975
4646
8415
516
7126
6276
534
6690
3746
9658
3808
7011
5182
3956
5804
5958
1236
8327
3871
5481
9639
357
2181
6258
8488
8347
4770
7644
467
2954
6022
4252
2361
9520
1150
7216
9529
2419
4455
4307
5768
90
9342
1695
6336
8
9955
8767
964
5478
5996
592
3025
9371
6038
9124
1231
5866
310
8418
6215
3481
2861
3613
7520
5577
6218
6815
5442
519
4329
1906
1323
6926
5257
1452
607
5366
1595
1012
8554
6125
4887
9765
9537
6992
8841
2798
8135
8519
1112
1267
4795
1610
9927
6083
8031
7204
3237
5047
1571
1043
1663
3444
5632
9352
4949
1053
4897
5713
6473
4233
7131
6560
6179
92
4317
6264
3202
3108
5906
2308
4398
8003
9891
3812
937
4131
1802
6868
7380
6155
6338
8315
4093
8589
7178
1501
3333
9065
648
4589
3920
6209
8090
1683
8758
8714
3063
8198
9510
1516
9556
1270
3530
4022
5283
8616
5782
4305
8598
1759
7642
975
6465
6531
2391
640
3854
6705
606
8673
5577
7567
7316
6433
6940
1450
6514
8673
6917
4718
7144
8840
4002
3009
4882
4672
6431
8124
3874
865
6423
1783
8493
2567
9382
8672
3106
2530
1951
4296
1188
2282
4089
9178
9417
2349
7316
8649
8988
7015
538
3525
9405
7037
8480
4729
5255
1830
5995
4116
434
2854
1328
6418
3071
4743
4196
9062
5825
1655
5922
7686
6155
4649
8891
8195
5060
1832
9591
4676
2583
335
2505
6574
8695
5438
9937
4418
2768
1818
7131
9651
249
1972
3797
7378
709
8404
4142
9768
1736
1970
1802
6751
6135
6384
4130
5661
3192
4679
7528
8398
2553
5277
6904
3309
140
5856
7354
9824
4768
8946
4499
1757
3435
8481
6667
1084
5059
769
8426
7818
5868
7624
588
6086
6875
3173
8788
3037
3705
1966
7644
4781
7316
9317
9114
9399
3439
