207
448
314
912
509
712
983
809
519
187
744
825
122
517
118
718
178
756
257
668
372
525
227
871
662
627
870
658
915
795
190
210
835
878
881
731
702
348
875
508
177
825
487
897
49
751
895
53
812
977
636
474
408
694
569
319
707
802
130
821
89
653
650
549
828
486
690
857
406
184
733
30
546
830
768
803
136
54
271
912
935
696
866
342
4
586
807
935
273
953
881
986
674
646
351
589
632
650
95
279
672
87
304
561
94
965
759
832
50
790
145
163
933
559
680
763
189
419
745
83
772
117
410
141
711
618
176
167
642
416
958
32
929
591
98
155
353
331
601
991
900
891
3
760
180
145
713
318
287
966
307
271
96
409
254
148
966
52
2
349
94
884
922
330
988
627
557
735
175
667
449
58
682
993
519
60
414
163
9
378
293
903
888
224
89
418
931
121
291
722
969
205
752
353
727
767
950
126
765
865
876
633
195
830
191
619
434
396
545
768
893
549
747
234
629
624
243
539
219
737
705
431
57
649
220
931
266
107
386
310
24
453
884
426
612
807
151
559
343
995
631
149
887
904
166
371
638
765
274
673
677
359
437
838
325
239
54
431
950
427
997
965
656
215
867
833
391
816
439
919
124
813
582
309
357
506
730
710
951
346
443
807
194
552
859
916
499
450
258
488
415
331
858
232
42
260
829
627
440
214
651
337
331
6
552
100
899
285
714
327
219
291
344
553
840
248
717
470
989
495
580
563
369
975
422
267
770
598
927
931
371
780
470
791
697
962
835
343
451
94
995
577
8
124
446
980
266
58
42
302
504
736
320
923
705
290
108
818
308
131
955
94
413
656
789
926
786
790
969
25
403
128
888
946
648
602
97
395
468
299
932
673
431
586
866
396
178
961
425
385
427
390
558
662
105
803
627
698
209
548
936
870
878
161
413
668
408
847
222
18
523
47
599
347
768
706
39
867
873
823
201
420
517
923
404
90
11
812
341
511
892
938
107
115
905
442
600
788
683
801
951
366
786
553
776
112
45
219
585
891
880
793
343
39
996
326
786
723
680
501
390
569
597
195
909
356
823
290
98
47
335
690
185
467
13
862
779
412
99
697
765
185
541
627
951
310
845
972
890
231
802
179
155
900
913
331
620
716
572
115
954
959
158
184
441
492
481
322
587
747
486
808
271
864
531
616
606
52
955
735
386
18
32
929
735
171
627
230
739
623
276
138
274
561
93
919
569
869
840
944
580
776
681
380
348
980
47
709
232
511
524
957
732
367
163
549
79
716
545
201
678
961
188
418
870
401
216
41
231
402
680
69
291
953
338
482
486
978
427
158
152
649
394
977
565
874
641
696
518
641
413
974
497
479
798
400
523
307
634
147
829
392
357
229
812
744
379
508
210
685
45
111
947
615
146
327
698
312
949
513
745
616
348
755
896
277
553
424
844
234
649
882
145
891
177
499
570
202
337
400
773
818
465
971
148
70
655
259
781
948
435
634
308
275
538
939
790
142
670
565
246
356
223
505
485
365
378
516
58
956
583
457
953
948
625
646
568
736
63
41
516
610
447
600
266
711
570
306
129
430
91
276
509
115
721
956
295
669
283
387
631
656
211
579
588
55
3
566
338
282
900
310
946
79
70
734
647
936
450
348
660
330
659
169
972
341
250
591
409
428
257
46
262
203
47
626
848
600
682
397
471
552
755
820
2
687
763
65
896
314
996
69
699
317
890
135
751
508
32
358
289
912
358
607
954
609
376
275
843
642
459
775
538
181
40
145
954
668
307
701
473
729
765
514
202
163
868
315
43
414
909
701
138
133
864
634
872
862
90
864
79
18
208
626
56
31
871
712
285
484
648
205
205
73
112
877
245
377
190
217
804
165
54
665
591
846
715
188
835
910
249
335
546
211
287
656
508
833
771
85
182
947
704
358
680
470
779
180
345
138
275
108
109
302
943
908
278
87
601
185
952
700
72
395
950
153
139
445
611
62
65
165
107
852
710
156
856
299
320
746
832
315
80
673
595
869
635
572
498
292
560
357
251
342
524
408
225
737
345
191
624
28
925
698
431
939
935
82
182
238
948
723
239
847
287
996
281
38
792
868
407
323
91
299
687
726
665
418
6
534
172
208
200
237
163
770
990
541
830
549
416
281
275
467
978
690
974
104
660
149
8
112
320
661
374
232
688
810
611
229
152
765
160
796
575
166
735
471
3
205
951
33
650
82
577
967
621
425
977
730
95
301
168
77
3
152
422
199
483
764
613
510
117
769
81
49
56
716
524
863
