483
180
317
55
726
260
189
914
138
819
90
829
218
506
626
806
312
966
690
439
487
569
83
497
651
244
590
462
356
307
547
792
665
941
767
648
424
454
476
462
164
546
578
890
784
465
851
798
856
826
524
16
432
877
360
383
219
400
343
505
997
373
859
646
676
687
507
837
521
496
920
97
645
232
876
376
246
532
75
904
473
360
786
838
441
330
908
989
637
53
356
823
296
486
444
882
850
415
516
890
868
590
998
759
337
169
557
515
824
608
630
874
789
158
479
598
951
622
517
158
540
710
777
387
249
34
394
647
30
880
814
922
486
372
153
346
532
80
193
134
888
809
600
991
529
792
312
700
605
715
69
976
668
432
387
290
131
677
33
193
244
391
597
762
82
174
375
760
706
505
642
422
901
347
84
507
98
993
527
395
728
734
712
230
793
830
365
776
811
771
444
420
176
55
166
469
101
391
522
827
775
384
590
102
201
385
728
411
746
845
682
840
348
203
988
549
943
828
940
880
364
456
880
853
854
141
764
25
826
357
711
281
615
810
40
412
256
921
294
225
407
409
300
414
132
198
276
495
602
79
890
503
3
496
537
614
714
132
395
208
310
978
282
789
414
275
412
306
431
398
451
571
163
24
418
19
524
499
499
410
798
802
693
793
11
302
339
893
416
600
960
886
708
52
694
515
640
958
543
708
194
883
66
220
388
327
303
928
793
62
798
80
816
745
536
426
753
600
257
293
868
958
366
720
257
509
489
847
25
527
635
991
84
742
9
24
812
296
527
220
815
27
160
751
554
681
904
789
280
328
937
26
42
545
257
106
784
594
933
302
278
610
471
847
657
105
50
707
25
386
750
569
345
918
23
850
105
613
680
950
957
779
853
696
70
894
422
888
566
15
87
835
809
668
212
96
655
601
274
809
493
71
857
620
859
154
717
333
33
2
948
51
739
30
666
572
132
567
111
69
182
913
499
849
487
17
120
69
199
530
405
86
662
147
267
152
475
461
999
469
758
627
944
718
583
307
571
448
88
587
394
886
605
393
316
798
700
348
974
507
463
593
766
303
927
618
544
395
714
457
185
996
53
173
481
499
285
543
846
2
438
76
771
526
639
238
735
829
205
657
530
213
899
711
331
591
443
441
364
486
431
627
439
136
400
59
874
840
208
974
685
85
194
846
820
562
239
227
216
731
228
781
856
169
214
819
694
442
648
172
300
920
979
768
484
564
652
441
511
311
612
515
181
101
505
797
355
734
241
692
275
922
710
211
757
456
805
88
676
676
425
805
611
131
901
330
933
828
254
884
404
276
942
892
298
438
709
70
771
501
970
172
508
95
448
183
388
761
115
898
16
689
930
115
389
940
614
374
110
660
816
551
790
573
178
244
503
628
851
549
441
372
142
113
726
439
20
30
466
270
973
940
584
677
654
711
175
30
397
232
603
800
152
479
64
84
795
966
10
43
400
413
304
279
760
957
734
677
680
283
625
980
799
428
494
437
259
367
220
758
244
780
424
13
176
959
710
517
493
664
653
304
294
266
612
266
69
285
216
989
22
691
783
334
788
900
223
139
996
415
576
688
255
901
432
653
102
819
973
21
478
108
381
294
146
384
409
464
160
646
208
635
212
745
464
801
616
842
335
501
733
697
367
823
555
785
312
686
556
184
464
408
151
367
453
353
361
4
571
661
269
130
793
276
396
178
310
433
768
728
665
998
90
660
406
88
548
707
36
419
640
409
163
978
479
941
179
21
165
434
935
879
786
702
273
234
620
801
567
417
495
459
363
994
63
225
936
391
725
126
952
448
612
443
466
246
351
771
953
958
620
741
872
592
256
806
258
403
630
18
798
319
179
999
735
622
760
462
257
935
202
495
583
449
166
953
810
697
214
547
76
528
608
433
419
780
390
134
889
961
536
794
335
844
301
160
842
52
737
263
998
637
936
619
238
346
681
175
102
775
805
897
984
336
383
195
498
217
758
81
33
922
653
588
743
655
547
650
119
282
630
583
858
157
851
724
329
920
64
346
674
787
163
227
257
297
443
430
883
761
564
493
960
138
552
340
769
274
921
208
228
67
203
698
241
554
334
735
724
142
113
501
155
882
682
76
930
958
154
158
770
64
45
612
472
131
191
71
481
1
802
248
339
611
524
133
879
561
718
256
771
951
327
341
452
159
790
191
696
893
47
960
385
988
820
324
94
562
461
401
612
506
451
453
1
702
965
307
177
830
126
515
985
57
190
629
841
151
684
602
407
506
213
791
454
255
118
783
254
996
