9591
9257
5488
5626
9581
4176
346
3337
6924
5497
5596
506
4476
5873
3232
8060
8029
1604
3656
3014
5276
7048
9787
533
8548
4647
2497
9213
4785
9175
3242
7054
8304
2407
2712
8757
7587
4328
5165
9339
272
1349
1678
1854
7433
7553
1511
9770
4390
6444
6217
5204
8382
7569
414
4451
7509
1247
5661
1291
8671
9074
953
5639
1699
2526
7300
8883
4091
7895
1793
6867
5079
8447
3270
1875
6369
8045
9312
4123
6843
9862
1025
8079
3604
11
3860
8817
4074
7135
6913
3635
1034
8627
8780
7117
579
2112
1688
8935
5976
2257
6041
3780
1812
4250
439
7947
1591
1304
1710
2242
3487
919
4259
2858
5554
9226
3057
82
1511
282
7648
6200
3733
3310
2807
4323
7043
2212
1593
5382
1743
5753
347
6161
3722
7259
1509
4618
8080
6952
8279
9956
7685
2562
3875
6521
411
2257
6088
4857
9713
917
2895
4111
8613
8071
1326
3916
6841
4459
1161
2691
2051
6517
9913
3360
2431
7012
3669
3782
9360
3919
9100
9795
1507
5851
2581
4882
1076
9366
9054
4109
9786
4355
1120
7724
1885
6274
7876
4478
296
9355
3951
3107
2233
9191
4920
8741
4150
6092
1082
9329
1369
4675
3124
4229
8652
6167
3902
935
3184
2780
5911
1391
887
3913
9753
6322
7538
947
1438
8509
5396
2152
1164
1802
8213
9349
4395
5266
2578
9332
6792
2575
9106
9014
8226
3708
6932
4857
4657
316
2052
3238
7110
2244
4636
4777
2574
9846
9831
2990
5344
5691
4177
7669
9366
3564
8042
7681
9672
6924
4073
4226
1187
2038
2189
9373
9961
5134
3887
7461
7698
7575
9539
4393
8049
2097
3789
1610
2001
1292
7521
9926
510
3709
7619
8134
8288
4044
8732
5536
7745
8632
8670
3002
3440
2215
2383
2060
1086
5950
7361
7376
5782
6842
5490
2297
2666
856
9311
5341
4200
919
6355
7841
219
9384
3709
1840
686
4431
8576
6454
8811
905
7973
6831
4914
7673
3691
951
8005
9601
3806
6910
160
3193
9092
8154
4966
6015
4404
2761
6246
188
4114
337
1116
5599
6853
9286
2420
5016
1242
7416
7226
4083
657
2661
8253
5998
6981
4274
7986
265
4250
9314
5716
9481
222
624
9465
3257
6129
8943
2591
3855
8513
3388
3733
3958
446
3916
8103
4204
8877
5959
418
5434
248
2993
6677
3483
146
337
1416
715
4345
8208
8118
6430
6244
6111
8486
2059
1147
5173
5352
2739
4005
2612
3002
9585
9852
8327
6154
4527
8062
5258
2038
6754
637
4758
3423
1444
4422
6344
5772
2284
3023
5276
6699
4684
6904
2123
274
9607
1876
654
2948
6413
1442
4686
5599
9892
5843
3434
5778
5860
7344
1412
6715
2959
7396
4665
2334
7020
8132
9674
162
5119
2528
8875
9222
9174
2929
6728
6785
5250
3010
5119
5399
1152
283
2942
7143
5491
3848
2986
8753
4832
5864
4105
5397
9414
5073
2828
1431
6504
7537
1437
4158
5144
576
3745
7915
3553
4465
4985
6631
1377
6807
3467
7846
4161
6372
8984
9063
4947
4605
9274
6797
9543
857
8668
5128
8490
2984
5574
5612
443
8624
9779
3684
8603
3075
1633
2799
7073
6877
2980
5128
4823
4025
3063
6259
3060
5906
3904
723
2743
8871
8783
1033
9661
7064
2323
1992
6495
6989
5577
3411
8443
4374
2641
3895
1420
3565
2079
2629
7753
5576
3547
5847
4840
5514
1302
5028
7997
2265
8218
5807
6499
4346
1612
7978
8997
3384
64
4024
4553
4356
3881
7343
7625
3654
2156
876
5328
2146
6815
6913
5422
3478
6900
1034
3224
8640
4892
8493
6319
4444
3290
6671
8219
298
4613
4803
9811
2126
4728
941
8908
2721
5738
1957
2684
309
4022
5863
3273
5846
5270
3527
7267
4924
1873
818
6539
8701
8462
8000
6223
1999
531
7414
1267
9003
1007
9352
7021
2925
9408
2891
588
3080
3729
7368
1222
9287
5572
3692
5245
2942
5576
5644
5150
7630
4087
2246
5094
9895
415
1155
8368
776
1147
1401
431
7586
2765
4973
357
7370
3098
9669
8142
6877
4578
9420
5404
3775
1770
7422
2559
7772
4664
739
5424
6511
7306
6153
3067
337
6228
9289
2951
3128
8244
4796
420
321
5827
5383
6431
5593
587
1665
3380
3477
4319
997
9713
449
8012
7187
5139
7749
6826
3376
3232
1076
8190
5614
4448
8382
8176
6999
8264
7302
5843
6179
7444
6749
2678
8121
1585
1805
5575
449
196
6322
5279
8888
5962
1954
8029
621
93
862
291
888
7536
9152
1415
618
4712
1252
1431
5568
9303
4003
3901
6897
3829
4843
458
4391
2749
3434
9793
7322
977
297
9635
3687
9003
3030
9667
4000
9634
4425
3206
6606
501
9720
5481
4993
7367
4950
6718
2920
1511
1062
9284
1147
170
925
3729
7365
8151
9461
1711
688
9615
6958
4673
5257
4968
2928
1985
8482
292
7979
471
2342
1394
191
8071
9687
6241
3655
3928
7331
9980
3648
61
4773
3351
8168
7250
5240
7925
7634
5012
438
1299
22
4748
6623
9524
4180
3066
8933
5945
2025
5259
1940
3885
2794
9271
8303
8170
2429
1225
9685
268
8936
2092
3107
224
4673
6222
9923
7257
3588
1939
3058
6191
7779
345
8031
5827
9543
4564
5983
4964
4421
1509
7853
5031
940
5275
3454
4951
1019
646
3955
2649
1600
9876
1993
6202
2826
9259
9530
8503
9920
8306
7254
9769
6714
2908
6732
6955
4349
6945
6193
8473
2757
9226
6900
8743
3754
6313
1848
7579
6517
4723
3392
6360
4828
2411
5962
2344
7305
6941
2050
7732
681
5251
4903
3523
6640
5943
2330
2750
9737
534
1810
8012
4379
3581
8109
799
4104
3299
65
6105
4415
5827
7905
5388
9473
6004
8779
5469
5296
7670
1870
5636
5828
9835
8056
5971
1495
8128
3278
1025
7648
2791
5797
9025
7677
9395
1629
228
5865
8574
1901
9895
5677
8426
4185
602
3987
8450
192
415
8069
3725
4770
9227
4740
6031
7487
7548
4373
6459
5402
1415
8581
6792
6573
9165
5741
5903
9718
1305
6449
6446
8159
8217
4227
7709
7148
6134
3573
9355
3293
1665
8411
6355
1186
4252
4286
3729
126
8643
5628
6810
6053
6293
7469
8653
7103
531
4929
8661
4222
2851
1269
8632
6252
2865
197
175
6830
6691
9179
3569
4309
1719
6709
3790
4291
7580
421
2614
746
6922
8738
9956
1216
3391
6779
8042
6383
3206
4732
5386
5177
3558
761
7613
3064
6660
8311
1540
2947
3718
6522
8890
8541
598
5609
178
9176
5711
814
5809
5239
1447
1001
7690
961
1016
5972
8451
1633
3548
3617
4465
9673
4613
1104
9620
2215
7623
2973
2961
8560
2355
8726
648
1561
8432
5066
6481
4965
6776
3580
4056
8137
9724
9415
6434
8795
389
5483
9739
184
7416
4294
5390
5380
4837
1279
9984
3772
8077
6475
2681
456
9133
6162
6784
8189
6619
6107
8674
9791
9740
3524
350
1731
4255
9502
688
7458
3274
8821
7608
9369
6399
6702
4822
1613
4746
6393
1637
6349
4026
8629
6129
528
5065
4499
9942
9565
2746
9458
8822
1529
6142
841
6999
7674
5667
4724
7735
3226
2266
4726
2764
5160
8035
7853
7148
1417
9607
9234
710
12
1218
4927
9548
1978
6635
2652
8158
4348
561
8274
2531
3159
6211
1792
5030
8290
8044
4380
6795
2184
9898
961
3245
1513
4442
2918
4325
5787
5073
9040
4329
9694
2425
8830
7486
7468
7718
7185
7980
3423
9252
5871
1981
1181
8591
4669
1424
7663
31
3849
7409
3935
5934
7354
6429
351
5878
3167
5748
2551
7212
5652
2672
230
7763
9876
7596
2090
6703
136
9011
8858
9399
4733
5447
8656
7014
5843
4106
5140
7998
625
7932
2820
777
4118
7985
4960
9197
9739
1870
3617
4171
6437
2416
6618
3525
4982
4570
4630
7114
9763
9945
1649
7423
5103
4053
355
8827
8406
9350
4151
9583
2679
5024
1161
592
233
4029
5774
1922
622
3382
7950
8723
5876
7149
6716
6754
7448
570
6374
8154
3782
1424
2903
5886
1211
2428
9834
3299
4539
7897
7898
3876
2623
4066
4484
2310
5350
6565
1470
7690
3468
368
2913
3256
2392
108
8225
4686
7263
3042
1021
6868
934
398
2050
7578
6132
1055
2266
2465
9526
1591
2129
3747
557
9749
6057
7521
1762
4029
7859
6503
7961
8097
9326
8349
8787
8351
9996
7229
5469
6182
8367
9275
566
1429
4708
1926
766
6178
2837
122
442
5076
450
6704
4
7598
8938
7187
4480
4169
6675
686
4025
3596
4201
3927
3561
1146
6675
5251
3607
7081
49
7717
7723
8426
3121
7894
381
4234
3618
5122
9196
4500
9279
7757
1594
7424
2637
3488
4900
4732
8512
372
2288
5222
1655
7514
3151
5203
1320
5428
1554
6479
5526
3523
9080
4274
847
7327
805
4522
5042
1868
7535
8443
3470
8255
4418
2304
5637
6013
4468
9324
127
7388
9570
8546
6907
5065
3145
5997
6768
4677
5152
4189
2
5900
2498
1007
7168
5843
7722
8423
3163
9710
56
3148
6289
1179
9600
6785
6054
6958
6513
6348
9668
7610
1091
6052
1289
8089
1370
3116
1455
5608
3063
7238
2586
6130
2957
6822
7658
9463
1841
4964
7999
9529
9994
7277
4524
7811
5320
4135
8165
1623
8914
3247
3426
4674
6759
8689
2918
7805
902
4531
7497
6979
3401
1871
5568
7994
8332
5514
7167
4320
4460
9286
1989
1940
5850
1776
661
7357
3918
6599
4485
6027
5864
7482
5119
5672
3362
9340
3093
1947
4002
3944
6881
3529
3372
7322
2058
2568
4388
49
5315
4801
5392
5696
9662
4433
795
1291
7470
3340
6806
100
9818
3471
5066
3618
2093
9969
7193
9098
8234
5076
8674
7869
2748
5150
7490
8862
8380
8415
4200
3966
5356
318
7505
9846
5664
1204
3730
2320
9676
4709
2532
6419
1112
5510
2138
9033
8657
3775
9742
1806
2137
1423
8041
6871
5006
4630
7297
4493
4824
9684
5724
1509
1884
379
9155
3869
1982
5459
7715
212
2627
8314
7932
7238
2804
9173
1388
4804
926
7720
7606
2348
1063
8526
4108
7354
9275
2022
8588
2683
2116
1482
1221
3705
984
2877
9595
504
5532
2496
6528
331
4263
4336
4323
8244
8785
352
3813
9799
7722
9359
3573
5913
9959
5286
2446
202
8407
9344
2838
5644
691
4102
6583
5055
164
6214
379
7483
2127
3647
9296
5097
2459
5660
4075
4271
115
7083
1448
4406
1351
4088
7328
2761
8941
5291
1523
1867
6389
154
2629
5397
8522
8044
7925
2524
8020
4524
9880
5499
4442
870
3365
7218
5540
8561
6697
5451
6399
889
5306
6660
4314
3703
3817
446
7134
6432
1761
417
8346
3911
7484
1738
6220
719
4564
1490
4507
5906
7319
8188
1905
3127
7139
3258
8166
7219
9073
9692
8440
1535
6959
7063
6839
8897
2053
2366
5004
4858
5705
2272
346
5339
3838
1229
7981
9365
6423
9414
126
9164
2730
6640
3512
8838
2799
6101
517
5894
1432
7223
8210
5376
1818
7554
2226
216
5225
7405
5006
6972
9826
7548
2601
5754
833
3509
7105
1983
7827
1052
3009
862
9030
8638
2692
9305
45
5990
7189
7758
8416
6064
5506
4417
2544
7416
2894
8498
5831
4142
4229
2251
8238
9608
458
4793
1992
9555
60
3684
5852
6920
1144
3580
7440
6999
8744
9954
8784
5875
5049
5856
1422
9306
4746
6134
5908
1582
7072
1874
4837
5221
3735
6811
8049
4298
9858
8826
4615
6333
5123
7270
7636
4942
8983
8138
5002
7121
4793
5269
13
2622
678
5310
3207
7225
8336
6834
4250
8441
7948
9548
7605
8039
583
4015
1232
5956
1525
3299
7762
3399
2265
1114
5906
6418
1889
1613
9802
9168
9609
9784
9415
2541
416
5774
5645
8369
5704
3898
5112
3819
8054
4036
6685
8423
4905
4204
1758
5947
4903
4455
8893
1412
451
4931
7224
5991
7675
136
2178
5798
542
8156
7267
9122
9179
7011
7877
9943
1604
6146
735
8937
8817
6398
6783
2393
7793
8630
3728
5268
956
3226
3564
2488
2404
134
9274
6883
6921
5727
7160
9018
2075
2264
116
7794
4458
8369
436
1887
5514
5789
1286
5479
7107
7359
5649
9970
5044
6161
298
1297
2007
4864
6611
7047
2320
2551
5341
8360
383
5206
8303
4445
85
78
2543
9377
5571
8556
3276
2828
6765
7568
3470
985
7070
3994
3493
7189
8325
6080
2655
4295
3965
7085
6262
5334
2811
665
7941
1052
2352
305
986
6597
7134
5203
5975
5827
5384
5785
8979
7970
1585
6895
8158
5011
2487
6082
8449
5447
56
3527
2499
3450
7474
4902
9865
4361
4921
4465
2357
977
2177
932
9823
518
1708
907
9473
7516
9869
3626
5259
7094
2235
4925
8935
8313
9009
6141
7736
5531
3266
220
3756
2541
2394
1133
1600
1411
3599
627
4738
8716
9846
8564
113
6306
6595
5753
6752
96
6616
9941
1706
715
2638
8303
8848
3742
4210
8174
6622
8982
5974
513
1307
6230
2968
1032
5327
4856
3536
194
7391
1761
547
2916
8819
6480
5797
6434
5049
3715
2107
2461
5955
9189
3406
5833
7003
2872
6572
2938
518
491
424
3690
6262
9480
6322
7050
1434
5053
2353
8003
9584
2004
8012
9559
5947
4209
8840
9497
6575
4648
1484
3798
6665
9977
5120
510
9836
9737
4996
9091
9334
1150
2509
3357
1073
438
6234
5831
5045
7141
5908
6490
2715
8297
6708
8115
6380
9931
1583
9332
5591
101
6252
6756
5122
4202
4647
6979
360
439
9134
2751
369
8404
3207
3052
7407
3622
9300
6419
8228
4868
5551
8410
7457
6852
3760
3276
3066
2610
94
5044
8885
12
2594
827
5393
3133
7015
1388
3011
7028
2941
1040
9947
3072
2925
6268
6709
1146
1782
563
6395
1727
8310
2184
8937
8473
7012
3572
4185
9113
7386
9136
7276
9330
2209
8176
8649
1253
9380
316
1072
3605
3526
3228
4408
2134
5136
8224
1622
5207
6258
5177
5871
409
6443
743
2804
9163
4580
2160
6252
9316
246
8586
3360
5404
1996
3509
7808
5735
6083
7768
515
8590
637
326
6187
3307
4821
4621
3751
3074
7902
4203
2946
2279
1572
3821
6761
9328
6083
2517
8633
2968
134
8679
2039
8668
4264
608
5385
8725
2023
980
65
1907
374
6867
3034
659
8785
6742
7819
6157
5148
8972
2345
2460
5588
9276
8394
6346
7127
8982
1027
3096
6751
5722
930
7383
5081
2868
3560
2390
900
7123
9566
3752
3317
8437
296
257
8183
9073
8391
5117
1872
9728
5289
5885
2495
2328
3051
4927
9106
7623
2494
3064
8372
3192
7223
385
3970
5909
1105
6891
9887
4362
4573
4753
4989
3969
3769
1449
1996
1376
5823
1878
2080
5787
6964
8829
9610
2070
1553
7057
2265
8300
9806
9229
4985
5141
2522
9294
3513
4199
9688
5595
8218
28
1827
2993
3444
9452
7377
9935
2579
6935
8422
2139
3390
6721
9136
2480
9000
4122
7119
7973
7727
4345
9095
1834
8066
5733
606
1313
416
9743
8928
9559
5995
8687
3907
6206
124
3561
4116
6472
6880
7963
3712
9394
2095
6775
271
2811
3565
4904
9434
3615
5482
3442
4253
9620
452
9563
4952
4448
2716
1135
7311
3845
5830
2725
2754
7179
2441
1068
7367
8312
5143
1760
3330
6734
1607
5839
6214
1537
5246
2307
502
2211
5932
1532
9317
9966
4738
3643
7275
6830
2225
4685
648
7576
5645
8370
5203
1499
7745
1817
2636
3570
2445
6746
4192
7330
6122
1647
5802
9862
1517
560
4246
9109
2810
3450
5969
4637
4480
8411
6908
6574
3922
7788
3007
9589
806
5051
6443
8643
8054
7476
8856
2794
6900
9244
2477
2836
5787
538
3245
7775
9424
4194
8590
5865
8711
8352
9494
5524
4738
8509
126
5877
3301
592
2488
5007
4564
4772
5485
8104
6317
9394
4575
9812
5299
139
1053
2214
5327
4852
53
5184
9787
3631
9523
690
3065
1874
8904
8695
1901
3414
9494
8344
3484
6397
1912
6459
1484
1185
6798
2380
602
9509
9237
4502
6219
5931
7013
6605
4170
6066
7365
2379
704
8792
473
5862
9762
6724
5643
8571
5556
6201
4920
1369
8412
3992
2849
9052
8241
2325
6529
7844
1697
6147
1119
113
3282
1423
73
9341
1792
4678
7824
4919
3941
3524
6243
9319
5591
7306
9044
7571
460
1211
7558
941
5800
2243
792
1750
3879
6693
6907
3412
5814
159
6703
6171
2363
5996
7180
7274
101
310
4220
6069
9789
3445
8742
5803
92
2777
6837
8595
7975
1488
8951
7848
7110
5812
1777
3454
1906
7460
7808
4255
9884
5821
2250
5111
698
7861
7299
9144
6444
5844
364
9211
221
6496
2677
1364
1621
8595
531
8512
1131
7131
3005
9006
1752
5822
1216
3591
4551
151
5683
5211
9256
9377
4916
6250
9011
8127
4161
3499
6362
2726
4275
2140
7688
4088
8453
2007
9429
8398
2194
830
9147
9777
4284
2899
5731
5301
4057
2950
744
5618
4120
8283
5150
3408
2418
9847
9179
8510
6363
9879
1555
3007
775
1581
8818
6834
569
5576
5602
2605
8935
5727
5708
1510
6186
7435
3451
2285
8097
4430
7084
8376
9060
787
2753
6828
4134
3090
453
5078
3796
9680
4891
1604
971
4881
3503
8178
6870
6956
9357
4516
3252
90
5632
1789
2840
1097
5843
1338
6858
387
6292
8350
5771
294
7319
2603
8870
1584
2038
1994
3057
2985
7797
5303
2099
157
9011
716
9519
5572
2973
2199
143
5968
829
2459
4556
4499
9905
9089
89
8138
4886
9864
7520
5625
7122
2976
1348
6404
1520
7775
2966
3192
230
4813
9667
2676
4083
1363
7897
9863
5605
6235
4666
9863
8295
771
6858
9947
4423
6420
3827
3814
229
3098
8024
4769
3607
5935
9958
7603
6953
8712
8117
9487
322
7083
7246
5226
4274
9211
7688
4984
1432
5826
1803
3139
96
2251
485
3174
7242
4553
7258
8972
3141
2791
2758
6016
6633
7436
7694
5040
6549
3050
2421
6179
4717
4308
4922
9188
6469
9530
8239
4651
9355
9826
2052
5142
4462
7109
4866
4841
9533
8851
9972
3663
9899
2115
1343
6027
3134
8507
9890
3904
2150
1385
3624
825
2235
8748
4442
5942
4639
7618
4354
2707
5122
846
3099
2871
4388
4613
1732
678
3494
2742
9651
4147
7081
2036
3382
8406
5464
1761
2308
262
5602
7816
402
8259
9167
5991
5858
9106
3828
824
1766
6934
9601
7802
8978
1575
6407
1952
1264
4930
1511
4902
5693
7069
6630
5836
9840
149
2348
7249
2506
3062
9020
972
2200
2486
5198
9433
4390
6046
6328
2047
7039
9878
4075
6010
8959
8140
4986
5642
7433
7969
3349
6551
6788
3680
4819
2655
3408
4956
334
6910
615
2645
7960
6729
6350
8246
8124
8743
3370
3038
8783
8700
4800
9224
4390
7731
7573
6474
2625
3655
1412
2615
3988
6478
5374
529
374
3619
1579
8878
6898
3774
4206
166
9307
6210
6055
3015
1085
6835
5650
5108
542
4227
7645
6001
2932
3783
7063
4723
176
218
7700
2872
7463
2654
9821
8435
2034
5082
9780
8369
4187
2452
2709
9885
6648
1836
2824
6924
6836
7059
4610
7783
3064
9415
9596
6099
5001
1020
987
734
5435
4984
2094
8535
1492
5099
3239
3338
8907
824
8848
4312
1582
869
1311
7903
1315
5947
2596
3115
4406
9018
9167
7016
8562
1805
5054
4099
2203
7349
1172
7692
7495
4740
9542
8698
9037
8169
1086
8139
8389
4067
5394
6566
2543
1267
4416
8224
7264
2066
912
3303
8328
3660
8379
4813
8062
6776
2265
2165
908
726
8534
8835
8551
8676
1134
2883
6887
3148
936
9242
6997
8557
4751
6384
8514
7172
3051
2562
4324
3206
5295
131
1195
9709
1819
4794
3170
8494
3089
5020
1521
9347
6309
5991
6752
3481
1933
6488
4950
4728
1736
7609
7694
5706
5739
7451
6171
9626
2902
8427
7986
7403
4918
9204
5030
3954
7779
7906
2658
7937
3625
4462
8350
5808
6324
7179
2036
3770
6981
7627
669
4274
1698
1822
5669
800
4489
6681
4429
3723
3460
3647
2159
2996
6536
8031
2443
989
7239
8217
2880
4437
3990
2654
4615
9762
3913
755
7609
8681
1803
865
7809
9676
3929
237
8844
6320
2798
2703
8445
1018
505
929
2109
1142
9594
6406
255
5060
1084
4260
2898
8080
7995
2255
4544
6299
6935
500
9811
8395
6498
7886
3062
6460
1507
8793
4953
2337
9181
4097
7023
3996
1593
8053
4834
901
7599
62
1974
7706
6724
454
715
4531
2797
871
1548
1073
610
8065
2676
483
1742
1399
1616
4661
1235
2390
2400
3189
9866
5315
7959
2643
7576
4448
6097
8596
300
3051
3540
3859
8916
2195
7055
1685
4928
2200
8896
199
6462
9198
2786
1574
6372
5037
547
9659
493
9209
8627
9473
7082
1417
4904
6852
3482
1509
5711
2712
6036
5153
9005
3747
9985
208
7427
9672
1703
8807
2816
1489
719
4496
4208
5208
2408
2039
1986
546
885
7781
5112
5257
929
6966
407
8228
1779
249
6782
229
4764
7204
3940
543
3293
3153
4426
9041
1718
8072
8095
3171
5065
2170
7378
6893
4493
1672
5186
7983
7807
4174
2434
8016
9362
7264
8584
294
5943
3631
4148
4846
2072
503
5134
6521
8830
1128
8456
4196
8962
5983
4355
4754
2256
6289
8077
4408
2056
6196
3639
8644
9519
8281
1973
6507
4594
7385
5855
4590
2762
6235
1237
8536
6827
3200
2607
7671
3926
7564
5858
9332
4127
8704
5630
2800
2200
6904
340
717
8716
2062
1221
1863
6601
6698
5110
8525
6660
8151
4016
2464
1296
5778
2595
8503
9561
7105
5083
1403
9739
6590
8154
1654
5072
3871
2517
4259
3030
9428
411
7666
9822
7052
8800
4747
5505
9171
6216
3084
3405
844
8670
6272
3277
2087
2964
4894
9207
4320
8853
2715
5439
5972
2486
4381
8953
3184
4924
5518
5340
4952
39
393
5473
704
8923
9364
4379
3403
1263
5177
3984
4141
4462
9107
2053
3343
7419
2850
3273
1455
7266
2507
184
6465
3034
8670
4447
9319
7254
9141
7647
632
9866
775
7082
2575
155
5830
3803
835
1295
6731
7842
9103
1204
5691
8381
8829
8189
2726
7186
7315
9958
8941
7256
9434
9976
861
2934
6023
8920
8092
3379
1145
7706
3343
2125
8254
9364
5573
9797
4321
2333
7428
6391
7188
4100
2750
7463
8133
6060
9119
9911
3713
7301
8134
6805
6434
3222
6062
8833
2406
6214
6696
3548
1966
555
4822
1613
495
3786
2262
7277
4072
5548
7257
5570
8913
3793
543
1080
9436
2110
7121
491
6907
7298
1659
882
2462
839
4100
9845
6886
5044
971
9071
2779
5007
3440
2926
951
2800
9388
7543
9133
4000
2461
7463
7673
9824
8338
3669
8022
503
6560
867
422
1347
5135
3426
1985
368
7348
805
7101
7862
4763
6190
7301
1548
5376
9957
3242
7595
6330
2567
1731
3166
1445
8203
306
3781
8475
1600
2933
4185
2527
4210
8485
6090
5397
7963
3359
6852
7393
1222
9469
6607
1595
7774
4176
1702
3819
2262
2971
5263
2022
610
4319
3561
5029
5058
7407
8564
4239
7486
5615
842
2003
5885
3550
2252
1588
5648
6845
2679
3456
6299
7419
1989
5967
4196
8750
5407
5157
4228
3808
6064
8035
8634
7732
1621
6529
3327
3219
5585
7264
2964
8584
7149
3247
3447
4436
6044
2925
1157
2766
1437
2357
8937
8459
5002
1323
3602
2278
4093
6833
4195
6732
9714
7382
3348
9334
4567
3612
3366
6100
9023
2404
9332
8787
4230
6696
8581
6794
5664
3109
685
8807
6411
9411
8051
721
5602
1923
14
3065
8435
7748
2648
4402
4968
33
7157
1338
817
1739
9308
5844
5187
9422
5732
996
7770
8498
2410
5014
2122
3297
2254
8395
9315
879
446
9297
5635
4219
9050
6685
869
6801
9415
2472
9863
6042
8271
995
6969
3841
4133
1593
817
4850
8822
4000
2028
6753
9227
1034
5295
6291
5547
6334
1916
1805
8190
2046
2431
2952
8652
2726
9272
5742
2771
3184
7139
2548
7495
2598
8691
2659
2916
7541
6493
5140
6352
4250
6752
9192
3595
9196
8771
3649
3928
3637
6119
1
9541
7902
8427
397
5670
2486
1615
8269
5665
9567
5856
2035
5522
7014
5345
9189
4190
45
5339
8344
8580
5830
5163
3691
2095
2462
9913
2366
585
5267
1418
9070
9850
180
1579
3166
3806
2276
1918
3570
2900
154
5361
955
3378
8439
5833
3786
7718
6309
9534
8723
1832
8825
1312
4816
5051
1973
6967
830
5090
1421
4456
7576
9775
8611
8147
2031
3766
3057
8937
9635
1921
8755
8155
6768
5965
8558
8158
6215
7553
7041
9419
6360
4366
3062
1219
5769
4530
5269
3135
6118
4903
1846
533
5365
3353
2864
9798
2948
5716
2995
4261
6529
779
3007
3474
4406
4277
5343
9268
9168
1634
3525
1350
5114
3564
8498
552
2043
2329
8786
406
5960
3644
9106
8997
2503
4331
1136
2266
3937
3003
2830
5157
403
2535
5265
458
3986
7072
76
7808
1672
4782
8660
5314
1935
8949
3680
2564
2105
7059
2544
9536
2186
4437
3942
8813
786
585
5637
1025
7627
8174
1189
3869
5435
5896
5791
1223
646
1216
8203
1605
7732
3640
9588
1429
6394
2060
3557
2570
4376
6628
4643
8832
7886
838
2406
6128
5036
1272
2212
5823
9652
7571
3804
8146
5822
4995
1116
4460
3752
7835
1920
8071
4984
549
1704
657
5104
5815
900
9854
6780
5233
6190
6267
2282
2835
4964
7555
1671
6652
625
2234
9074
8205
903
102
3824
9996
8348
1646
2811
788
7534
283
2103
6665
4131
1707
9187
9769
5057
5300
7992
7630
8615
5109
7681
432
7510
4504
4247
7000
6144
6516
6536
2272
6491
8896
2308
5894
5474
2833
7347
8238
7401
2324
9878
1175
7530
2151
9337
1222
8225
9153
9377
6974
592
6402
9544
5954
560
7701
6274
1489
4501
6691
3498
4896
5932
9969
3487
2149
9491
1401
661
4671
6502
1254
3865
707
1602
4776
2980
2226
7975
8152
3211
2646
8303
5910
9457
4875
4133
6526
9226
1562
979
3272
3677
5856
9069
7295
2964
4158
4180
1225
371
4234
8184
2805
9635
6722
1277
3700
9034
4320
8
8205
8073
6233
3414
6964
9458
8080
7993
3941
5011
632
2752
1626
9331
7254
706
8413
6328
2853
167
3623
963
4531
3603
998
9737
1208
8832
173
5710
3638
3639
7381
2160
7500
8042
8721
4797
8053
2161
4368
8354
8398
1823
4924
7874
4341
9328
7055
7535
5197
3825
3061
6760
4445
3164
668
5950
4008
5759
40
9556
87
4680
1731
2948
4867
1087
5857
632
3791
80
1730
8907
1361
7571
7777
2381
4865
3178
4105
7948
1866
214
8184
4198
6062
1526
7435
5016
2103
4206
5352
6609
3383
6592
491
4776
6688
5193
8008
2694
1536
170
8687
578
3365
8833
3310
3368
4414
7412
2368
4341
8657
8506
7011
8177
3321
6502
8824
601
520
3457
8579
3831
3978
3490
465
5489
1770
8732
9018
123
8701
4628
4156
714
4348
8542
3479
6359
3920
8483
6151
5915
3190
6049
2860
3117
3010
6111
2821
9685
4255
3403
3803
4556
2596
6962
3434
5586
5139
2876
4042
5804
907
6609
7420
968
5357
1420
4719
590
1275
3242
6419
1109
8044
5727
6325
4446
4253
4806
3000
7889
8306
5762
7557
4211
3033
9205
7337
4545
3871
2876
6461
6155
2204
8310
7955
9776
7162
6000
8732
1745
9699
1758
8054
6117
1080
3847
1635
1273
3038
6222
9317
977
6690
1336
3253
5456
8845
5503
8594
4240
9251
7138
9943
7614
2070
6486
9014
1109
2567
766
2112
3125
9276
4722
5398
7792
3949
1327
826
2065
5369
7803
8174
8137
662
8675
1470
9959
597
2083
90
5891
6147
3201
9371
3384
4635
5222
8679
6732
9497
2602
2064
7197
7131
5515
6246
4617
1440
8105
2285
7050
2626
882
873
5900
8607
5125
3846
1468
1715
5077
1108
7759
2370
5164
6927
7821
225
8025
2108
6488
468
4087
5552
1932
8882
1452
603
1109
7252
7211
9009
920
3661
7350
3209
191
3252
3875
5647
1876
1004
1338
8468
9064
9844
4376
5269
3793
9946
6227
9353
3854
267
7563
883
2937
8742
2393
2232
5832
7774
9351
8394
6719
1118
1787
4275
2789
6087
8801
7230
8449
2132
1173
2318
8306
4815
5210
4930
8616
9884
4825
8832
5058
8003
7097
4495
6837
9131
3943
625
7301
1474
8098
8220
1923
4361
1814
1002
7555
6268
5300
6198
9721
8831
234
3127
5104
6212
8692
570
2022
5642
1102
167
2520
191
3700
4758
1285
693
8953
5642
3505
1699
9120
8635
9353
2034
6859
6498
7549
520
9869
8317
5119
2482
622
3330
1847
3065
8395
624
3648
1079
6103
8065
2803
6452
4674
988
6222
6425
4563
6216
8496
5093
3781
3978
147
2301
7724
1295
7319
8318
2035
6421
551
9999
3844
5587
2506
8306
6067
7578
8905
7273
4295
5443
8888
9765
5381
8535
3634
1609
2954
910
9765
4365
4901
1551
6295
7999
5520
3926
3380
9843
6777
1731
5973
3163
289
4879
9503
674
464
8922
3429
7555
4322
6912
4122
6631
4210
4602
343
5162
7634
9712
7285
8431
2292
2924
2392
8650
3272
4409
809
7579
5779
2219
7022
1899
9608
5321
5847
7486
6741
9685
6856
5608
7949
5020
3326
6381
909
7320
1984
433
4382
7682
4276
1502
3286
1253
6954
5635
9482
5183
7897
3257
4
7153
9572
881
4909
4469
8985
5625
6344
2814
8822
6686
1851
7675
2872
4044
810
1094
1905
3760
3138
5369
3157
5902
1150
3024
8498
9502
5434
6825
697
9394
1090
9384
9309
2675
1509
3287
7207
6104
284
6667
643
3896
9489
6690
2379
4119
6893
4248
4910
6141
5490
3784
3357
2068
6738
2143
3746
4208
5258
1229
4685
6169
5007
3941
2332
4323
4899
5364
4118
4015
6436
7646
1924
3018
8530
1971
6332
7907
9754
4705
2140
1706
4051
611
9712
3908
7892
2935
5328
7147
4353
4030
4424
6546
9136
3548
7125
6823
7868
6383
6617
4881
5638
7116
9196
6856
3762
4949
15
6339
6101
9046
1869
9309
7305
3807
8129
7009
9514
7372
8766
2341
5008
3664
2239
387
1482
193
4988
5217
483
5548
4453
3698
1108
9945
7726
4598
3798
3177
6311
2716
6226
2172
5911
104
118
4543
5621
320
9494
8498
2610
6832
9581
2392
1238
9501
2479
6583
9813
2647
3693
912
718
2951
7363
24
6304
5176
4209
8773
1418
3650
5412
7636
4637
5409
4193
8487
991
8788
1661
4444
4207
9297
876
9352
7344
1702
3540
9060
5509
299
8621
3949
5671
4388
4343
9999
3174
9282
3384
604
3993
3560
4193
7781
7731
554
8763
75
2853
5954
9187
8512
7802
1741
6288
7479
2034
9442
9821
2970
4654
2387
7591
2505
9621
1532
6564
4576
7906
6328
6830
434
9707
7378
6443
7106
8845
4553
3946
528
7353
4669
3116
1856
8149
5414
8477
4198
9488
3797
9038
7869
7382
7841
3552
5816
1964
419
6414
6976
7945
3710
8663
8235
9218
453
6071
6510
1520
3873
7042
2505
2159
8714
3244
3057
7397
6050
5079
9643
7277
337
3434
7891
672
2443
5003
2364
96
5790
7193
9906
6496
8184
5064
1452
610
6661
1673
1598
4542
261
9718
3098
3932
4428
6823
8406
7615
1556
5892
3241
7822
6701
6983
4510
2464
1444
3660
7115
4612
785
3817
9676
6154
9674
1524
728
6209
9125
6133
9958
7501
9851
8970
5224
6644
4056
8673
2852
4566
1727
981
2276
2311
3803
2087
4612
8763
736
3288
6169
6956
1279
4209
2128
107
1656
6400
8644
1009
3738
6895
5465
2256
3734
6386
9238
3259
9106
3709
2480
2670
6777
7088
4368
1051
2527
2336
1895
9331
9330
3843
9848
8894
7373
2007
1715
5431
4918
3791
2210
6566
6231
7531
1309
8251
9690
7411
120
5556
8253
881
7644
3099
3413
1432
4626
3455
2990
8532
7099
1790
5104
1375
4974
1724
3982
9005
3209
434
1544
6374
3784
3669
9217
4573
6516
6322
9035
2561
418
5556
1485
8575
5884
2113
6902
2738
8477
4455
5756
1593
3462
7006
9021
1491
3806
1786
4119
7161
4918
2208
6739
9319
5866
5874
8315
5641
2147
2009
8396
7823
2409
1438
7975
7788
1846
2405
1634
3441
7414
7846
1036
9665
986
1129
8029
2080
4060
4894
331
8445
6173
3638
1001
7001
3242
193
8250
6355
2749
885
947
1473
4128
8711
7487
8653
7788
5754
7660
9113
1359
2417
9842
2113
1356
2434
212
3388
1821
8810
6127
2494
1859
7095
4607
4301
910
277
9793
6910
7480
5144
9987
7372
5563
5747
8088
7428
3939
1395
1272
4351
3822
2300
7715
3133
6256
2237
3078
9930
8356
1010
22
4816
4860
8406
5145
8954
4873
4995
4917
3663
134
5992
8336
5619
2367
5638
3062
8614
8495
166
4137
6135
7447
1866
275
4121
7274
5087
9511
3519
645
5436
3349
2791
5548
8457
5596
2129
1295
3151
5497
1323
6140
1752
6302
1450
7022
1475
9407
2119
8404
2598
5653
5283
7756
384
9717
4728
2733
2074
3339
8958
8644
1817
1503
4935
1894
4116
2762
9112
5013
4540
226
1092
4814
1772
7473
550
5647
2414
1060
8251
613
1848
4799
6329
1763
2033
5710
6320
4351
8964
2438
1788
8022
8464
7065
2548
2032
1385
3417
1874
862
2559
5076
8479
1280
648
3901
3674
9539
8701
1019
3301
3287
5166
2379
1021
4895
9459
5473
6820
2
2848
6988
8700
9630
9507
2023
7330
6620
8829
9035
2676
9902
5851
4674
704
6357
6353
870
3915
3312
178
5352
123
6542
3854
4653
7410
900
4312
5555
4311
2538
7266
3505
2706
4448
4663
6204
1380
7311
5797
6486
7681
218
6102
9120
9179
8946
9625
3888
6924
1416
5522
3518
3888
5854
8922
3705
9868
71
4164
903
4863
9309
1262
9305
163
5265
8048
4940
9520
1244
5636
1772
3486
8964
2161
3475
5364
843
8214
6079
2018
2066
5088
3170
1895
3226
4424
6499
7520
443
5596
226
1678
5021
7032
9224
530
9364
1265
8348
7640
8121
878
9731
6366
9122
1139
2687
6975
4052
7787
6984
704
1439
5297
440
3157
2792
6491
5135
3473
1908
1636
535
4009
5311
7733
3714
7300
5933
1903
2544
7026
3304
711
8669
8901
888
5006
2839
9456
3232
1340
3517
8922
7173
2041
1058
6623
8762
2744
4977
8820
4118
912
3259
8340
9063
4823
6364
5180
144
6429
715
8352
5262
1363
1776
4040
7080
3223
544
9690
3477
8925
9635
7525
3767
6699
2375
1751
5925
6465
333
4860
1078
7635
3313
147
6969
3812
1032
7503
3714
6481
4242
6119
3631
6887
2654
6410
9544
2641
5133
9443
1333
8579
9918
8356
1049
108
8089
4210
1676
8443
5175
3613
9399
8578
9742
762
6952
1295
299
959
5654
4268
152
8299
4318
7445
6685
127
3899
8146
626
7389
213
3920
99
3035
4560
4672
9292
6628
9653
9115
1540
5612
5950
9120
6486
8333
8538
2284
1513
8547
5984
9493
3906
3712
1585
2595
4624
332
1894
3963
6981
9117
9992
5786
3396
6527
1695
3482
4581
8113
3010
5540
2022
1516
8477
5474
3900
3072
9617
5055
8871
1724
4229
782
9587
5434
8106
5588
1210
7573
6572
435
8407
2072
5588
3107
8134
5172
4234
9471
1064
6941
2136
8682
2658
9250
8074
8556
404
9303
8514
3709
3095
9968
6151
1468
3536
2877
2958
4556
2369
2141
4913
4156
4495
224
7835
657
6830
2205
9462
9683
9848
4844
3771
7409
8956
6593
2040
6865
2995
853
7504
8
671
7651
6349
7058
796
844
2864
6607
120
8680
5305
5339
2175
170
642
8744
1966
7870
1317
7689
4313
3521
4558
1853
1497
8477
6828
3718
8829
1488
7041
1990
6209
9128
3544
2582
8780
3613
4326
6786
8787
7098
7897
6787
7659
2234
7741
7882
8524
7707
4605
7734
6384
6274
4247
6195
2795
9867
3016
2543
1205
4090
615
90
7074
2227
5390
3385
5379
8690
5234
1959
6214
2680
5059
1849
6520
7716
1119
5548
746
5689
6530
9470
1121
7521
6840
9045
1031
7678
4146
1120
9200
1240
327
8152
4791
761
4210
402
5366
5601
3721
1332
7221
9110
398
5873
4681
2907
3646
2371
7294
3516
4934
5492
7551
2723
7878
1369
2338
171
3934
236
881
6431
7556
8436
8706
2733
1176
4275
2057
8940
9327
9996
3827
9623
3275
8398
7555
1013
9724
402
4282
2998
5759
5821
4047
1725
2372
2946
766
8213
9102
3991
173
8433
5284
1378
2793
3923
8036
8545
4559
7272
8567
995
2310
7423
2704
2501
8202
1780
5550
4477
8596
3790
6128
9644
1828
8849
9688
964
3297
1184
2488
4519
7303
6307
105
295
5647
7168
8907
751
8524
5481
3767
429
2433
4355
3232
5818
5521
6334
2935
9304
8142
3125
4078
6839
6659
6420
1908
1619
1581
7457
6223
3886
1012
8505
360
3669
791
1608
5968
2594
2357
6611
7233
126
1752
2358
7359
1424
4172
7957
8141
5991
6030
7393
9323
1216
2319
442
9149
7492
7784
459
7080
9344
7175
8022
6789
1314
3959
1149
3592
9902
6110
3386
8698
9707
3855
4124
9137
9452
5472
3359
6034
1598
6151
2070
2429
7195
4029
8887
6471
8873
9860
5795
2837
6835
3653
3536
6468
945
2434
325
8005
1526
9482
6642
4325
5398
5322
6538
6059
3154
7185
2718
3035
6242
3756
5239
552
6445
4592
7551
5030
1816
3767
8284
6092
3241
6145
4698
6568
4982
5835
7476
6333
3583
5213
8847
1944
9061
5806
7907
5776
5701
770
8455
6204
5109
7315
424
7934
7002
7789
9333
9421
7300
6867
7482
160
7718
272
6119
7878
5878
984
3437
4003
861
6045
2644
3125
315
5757
6092
4757
7786
3880
1838
3816
5325
9007
7597
4741
4118
2600
9455
1025
9953
30
1234
6070
1904
2773
2941
8834
8147
1596
388
8700
2499
7195
4615
8785
5356
9164
424
9068
2309
182
887
6677
4893
148
7964
7936
3716
7508
3967
4838
2355
1051
1351
1521
9
1765
1310
7680
4339
427
5262
9035
8614
2413
7578
816
1452
4063
59
4267
9865
9153
5430
5509
2025
7141
1510
8739
3801
101
555
6896
8894
2045
2862
2821
629
6932
5855
8788
8520
8008
9662
9892
1194
823
9059
4406
8256
8746
586
7542
2267
364
7918
6253
3846
472
1041
243
3064
5808
1813
5058
8983
6538
7962
3382
1962
7957
5029
4145
6536
9241
1641
5067
2162
9357
3828
4630
2906
3170
7065
1663
4975
5980
4917
6032
1702
9632
2624
2547
7574
9353
2578
513
5104
2277
6368
6009
9674
4652
9538
3852
4726
2113
5746
4820
3139
4097
8834
2789
5600
5113
4506
8364
6744
7620
7309
7028
575
7569
4408
8055
6295
4275
8790
8994
4815
9970
3075
929
2777
9791
9723
3417
1638
2388
6813
3556
7777
1674
5041
7959
2597
9652
5603
3648
9947
2505
8220
9259
5908
5535
780
3348
5631
706
2294
7174
5815
6117
9815
1138
4860
2943
2372
6412
1037
5014
5679
9455
3903
7930
3413
992
6045
4455
8600
3343
4460
318
7076
8442
3593
8398
5024
4861
225
4860
7171
6084
8620
7169
5681
3617
8727
7714
0
4056
1549
555
5803
9895
8370
981
9698
4675
1244
23
8892
6126
6814
984
9498
4645
4802
9410
7321
3030
770
5826
6484
8878
1234
8604
6036
5968
5582
2812
4293
4626
1132
2935
7350
1538
8878
5328
6876
7158
4374
2230
6179
2192
7382
8827
4275
1424
1955
31
5707
8355
4549
442
8780
2794
7086
4505
596
5285
8436
160
5526
9790
1949
3966
2179
5123
9446
9406
2887
8011
8608
5226
8866
8457
247
8458
6161
3998
8720
1913
7912
1337
9343
2760
9599
6410
2130
2060
1558
3380
7358
8611
8854
6176
1828
3780
6294
5998
159
9604
2374
5671
4204
7573
5084
8590
7334
4345
3881
6964
6686
6644
5222
811
5476
6175
9920
7442
628
8329
7374
4239
4479
9288
3067
1292
1541
7101
8612
3016
2316
550
3583
1165
9824
8749
21
6737
4279
4813
431
3750
9584
5892
9913
5213
9463
7332
1493
440
215
164
94
556
3421
5588
7015
7253
4196
2718
8128
2083
6099
791
340
5107
1471
2404
690
1624
6222
2426
5750
7496
537
3774
2004
3059
1213
8219
1808
6766
2815
4513
2012
8830
5897
6698
4863
7104
8566
9737
7407
1862
6341
412
3659
6251
3469
5648
9831
695
6974
1635
884
8142
6991
8804
5131
2834
6474
6390
6902
4489
5792
7412
9644
2730
858
5647
1847
2593
5469
563
8116
466
4473
9320
4774
1690
1663
4019
4423
2736
9052
924
8028
9179
2182
9835
9715
7501
7425
8796
1916
3389
8943
8769
7697
307
2562
7351
3315
7244
9039
784
5587
3373
1265
8415
2394
3076
535
6131
4406
6089
1675
3035
8545
9668
4288
631
9967
2073
2983
4671
4068
8798
9022
3133
5103
1485
1318
4837
6983
8180
9151
7541
833
7738
9394
615
7739
828
8779
4131
1288
5333
2336
4401
9576
3213
1315
4909
900
8504
1840
6627
4339
6095
4579
1658
6443
1980
4921
1693
3063
5950
3329
1156
2657
8045
9520
1921
2845
1671
1613
2758
2498
4377
2687
4436
2134
5849
2705
7183
9988
6352
2511
8925
6029
5925
8449
7357
7192
3029
7217
9172
2199
9454
8873
6194
8856
1690
1710
596
308
4154
8851
9762
216
7208
4348
8488
5213
9950
3856
5026
4374
3588
585
9345
3909
7236
7724
7082
9899
250
7487
9518
4795
7112
8108
1188
5753
486
1201
9073
7236
7494
5936
8554
8524
8694
8218
2529
6802
3390
7491
779
12
345
6754
6610
2017
1984
1384
3014
9591
1026
8730
9358
2742
4896
8444
620
9656
3044
444
6687
3344
4770
7208
4930
709
2919
6286
7873
6313
6622
4286
6428
6234
1058
973
9396
9332
3069
5529
9123
6464
9246
404
264
5374
7897
3679
7215
9226
2953
5492
3375
6910
9425
5792
9677
6500
8992
6123
9519
8502
9474
4821
779
2388
1299
6591
2780
2337
4062
4259
9030
2395
3988
9122
4785
389
6056
5640
4850
4355
6199
9613
9608
272
8822
9226
4305
1359
8851
6118
9789
7869
1389
2669
8842
2591
4896
4252
5454
6286
5688
2875
6004
4731
4615
7463
589
9952
4241
587
9879
1493
4260
2058
8236
4140
1254
9148
2657
7594
9847
5971
319
9138
9509
7864
3391
7967
1149
6583
9661
1581
4095
7540
8943
8373
6283
9912
7375
7300
6616
7852
3908
902
6436
9600
8911
3332
1621
3881
2129
7383
8365
9813
170
3624
3836
6108
7100
4295
5983
7381
5678
4275
9655
3618
4156
7020
9045
9497
4604
6627
769
1471
635
3866
6089
7811
2550
7549
6102
7781
3349
477
3771
3777
9569
6277
8487
9164
7671
6203
489
9562
4420
9925
947
601
2176
7300
3703
7085
3751
7138
6943
4873
2130
9252
2489
391
5781
1819
1038
4564
7697
8253
6916
6059
4377
7659
841
4764
2594
6895
1520
6793
7300
613
8584
7341
4957
9234
8696
9625
6917
5781
4455
8556
1068
3688
8311
9311
719
210
7026
1722
4233
7053
4492
5078
9702
9312
2312
1232
4323
648
3447
4839
1505
2632
9626
6706
9881
2281
2649
9969
3609
7919
4973
9070
636
3659
4631
1119
4856
5574
2756
1756
1633
6113
2551
2023
715
3238
3366
5261
9421
842
6306
4695
3472
9089
5357
1485
2374
6094
7968
360
8344
214
2852
978
3928
4048
638
4061
9925
8779
424
6380
4253
7340
1146
546
733
994
1928
8997
7299
3592
7125
30
8596
7766
9781
7825
1690
6724
3872
4675
3717
493
5298
8236
3827
9547
1775
3243
6154
1397
4532
7424
9425
2530
3800
7194
1087
680
6978
6638
6715
9622
5748
9120
1970
5786
533
3569
9768
5648
8573
3382
6181
2663
5801
449
8737
6977
8014
6494
1162
8824
7658
7995
1585
9720
7030
6292
4613
8940
2823
6683
5240
5256
8308
4737
3470
1169
4978
1427
7027
7076
8075
2916
1756
8618
6462
3939
8677
4118
9616
7449
5066
3895
6927
5873
1410
5089
6582
7316
2693
1682
8573
7344
3918
8132
8968
7588
1163
2270
3440
3387
2065
1735
5183
3874
9037
8696
2773
1352
9237
4044
4087
5681
5629
8488
5687
8934
8950
1297
8318
5901
5088
4526
38
6673
7600
8379
133
6894
9069
6806
6547
9019
7333
1626
5948
6452
4844
8326
3633
4306
2116
7738
8617
7706
8808
4541
9397
4559
1778
5021
5682
2756
5101
3604
1431
5842
5876
3587
925
8034
5945
526
655
4216
6146
9379
919
8477
6222
521
1944
2695
4470
7729
3834
9495
1102
4827
3215
5790
9018
7272
1940
1613
3869
9863
3140
7272
8861
9231
3318
1925
3955
5464
5623
1927
958
470
2882
4082
1559
5363
5020
2442
5791
839
9388
5405
1892
7046
1895
5817
8499
215
7130
4267
1879
77
2000
3893
751
180
6404
3355
5534
7033
7024
1435
9436
7318
8467
6038
8874
3593
2882
975
8051
192
741
9551
8397
9171
7746
5683
735
8525
2471
5475
4077
3928
4000
9743
6478
7669
6553
4568
7439
4213
6110
1656
7216
727
1774
5087
2283
7182
5421
7387
2566
9022
3432
3475
750
6484
6436
4912
8739
6431
3263
6824
435
766
2184
8985
8830
3702
3963
8751
4873
3168
3268
1906
2110
6030
5509
95
2112
7656
4739
1248
5532
3768
2074
1787
507
6221
5312
1588
1956
112
887
4112
5534
4065
4412
6135
3267
9980
8605
4309
4560
3150
3960
6685
7690
6446
1326
9930
346
6810
4470
9764
7577
831
7645
4107
1974
7428
6876
1827
3316
6724
8818
3565
5473
1094
656
9437
7665
9787
1747
3501
602
3811
6124
7118
2919
7628
8604
7797
5280
5176
8059
3578
7393
7913
1527
5929
8054
2188
9354
466
1240
9728
6932
2643
977
7585
279
8960
2588
9813
5938
4572
1160
3170
9253
5463
7515
7530
4323
6468
3251
2069
246
5510
5736
1034
8652
1990
3229
1129
3246
1140
293
2599
1458
4151
3362
1126
4262
9602
6360
4000
6909
134
6993
513
8583
8990
4169
4767
440
571
8634
4199
2090
6876
7282
580
1854
3305
8495
1118
3214
9468
7725
733
3342
7629
3991
9689
8353
8137
3497
2848
1240
9038
9862
882
3653
2326
1221
9581
7758
6941
8342
8560
157
8752
2723
7518
5475
212
4258
3713
7820
6448
8550
6199
5918
6889
116
7934
1164
2200
1588
9208
8648
5321
3742
43
8340
9299
8419
1416
7305
3919
7166
7669
1937
8935
6831
3337
5566
28
3399
4852
9902
9539
2035
7977
2742
110
7983
7704
4011
6147
1403
4140
8271
4411
1435
6318
4313
1369
424
1940
1981
5060
9508
8010
6379
5603
9722
9099
6644
1669
9620
7068
2214
7610
4967
6933
136
3505
8537
3597
3121
750
8291
5601
6756
6279
8321
320
3381
8252
1638
4534
7343
8145
7356
3
526
330
5721
104
8567
8386
2173
4829
9112
1687
5272
4401
42
1189
536
5423
7107
4093
6800
5434
9512
4098
3541
6965
2207
5137
546
5714
898
4954
5611
1188
4096
623
9070
3298
1037
3144
7877
8747
2570
9696
3464
897
9327
8495
720
3988
7749
9269
2935
1772
2832
784
6410
8081
3194
3034
2672
2074
9723
6339
5524
2689
9347
8982
3726
3968
9034
5498
1169
9274
6110
3223
6221
6808
1164
8787
8676
9166
6987
6793
1402
2570
9185
8212
277
952
4217
6669
6692
7285
4700
9951
780
8078
3228
8787
6222
6915
5872
8541
8852
9262
7545
3810
2250
6618
9348
4789
6073
4002
5336
9228
2382
1032
7007
8099
666
4750
769
6317
930
3780
3899
1379
5463
2686
1295
7643
4496
3281
37
8293
4643
5067
4223
2212
403
3468
907
5048
2338
9349
8401
7012
9640
8267
9084
5425
1804
1959
5174
1774
2191
3565
939
642
1016
3559
4847
8368
8041
8334
6668
5734
9233
1109
4372
9762
5499
5361
1781
3152
6596
873
6570
5541
3562
8902
974
4465
9327
5926
9163
7573
381
7364
9665
3985
6852
796
9714
8520
7534
9357
6729
3171
3923
8511
11
7422
1800
766
6199
3027
1459
9315
3751
7921
1081
8525
9768
3848
297
1521
2581
5732
6289
4635
1919
84
894
3056
5674
6486
3073
9922
3409
6081
6124
591
2314
4110
6077
2342
7235
2387
3073
2166
6587
877
2282
7605
6542
2202
9515
4618
4505
3409
8112
7481
9995
5198
2826
936
1996
7998
7448
3442
2551
1859
9249
5383
9475
4
94
8989
8496
4165
3973
1432
7180
7262
5647
9122
8213
2954
3163
8471
5080
9966
4524
8111
1113
1796
3757
4504
2668
164
3413
2160
4095
7694
5414
428
2442
7366
7279
6152
2255
5964
4881
7276
5468
2535
2014
8087
9552
6077
5901
6074
3433
6113
2043
4675
4811
4362
7515
1285
5981
4028
1406
8128
1886
6422
7118
1763
7749
5271
7860
9850
6150
4909
8377
4101
9584
7036
554
8424
4483
5335
4468
5768
1695
3405
9999
4425
9671
7731
3895
3121
4756
5595
5862
567
5559
3134
4445
7998
2790
1163
1841
9912
792
4988
8002
1705
7755
337
4534
9977
4834
8827
5701
3781
3341
6759
1309
3347
8352
8020
8134
9840
5382
5379
9264
4265
3502
4363
3944
370
9843
8902
1386
7749
4985
1548
7200
9674
6291
5034
5464
8287
258
446
7267
5
8472
3681
7466
8552
5611
9857
9500
7080
3844
2778
3858
5304
9655
3553
6675
3411
8189
7277
9155
9814
2941
9362
3014
6861
5594
4507
4179
7198
7366
4755
2003
7068
9876
1921
9321
1705
6522
8782
1643
1980
7061
6259
142
4186
5031
9923
1585
1460
2155
547
7936
7357
6137
6770
3144
3287
1189
6345
3146
7881
7330
7248
2265
878
6852
2073
6429
9820
1203
8189
1130
336
4715
8370
8570
2627
8609
5510
8055
4987
896
2971
4341
9985
1888
2575
5868
4282
1960
3510
8419
8932
5403
726
3287
687
766
1311
7852
4261
7977
6037
1371
1495
4636
8332
3433
7750
121
3710
3768
2747
1391
5499
8390
227
6567
2670
1683
8955
2583
232
9153
7348
5251
7068
5620
4402
6596
4774
568
3575
337
6904
1090
5655
2330
1331
3599
9959
5859
3294
6216
2807
1309
7254
807
5433
8112
1987
3107
9950
6565
3746
2184
1516
753
7940
3042
1533
2443
6322
2871
1718
5054
6651
1844
4434
8521
4461
4496
2795
5556
3115
4253
5765
1550
6481
9852
6087
6961
2785
9024
230
9143
9000
3355
3328
7062
8067
3077
5970
5158
5064
1852
1047
436
3250
69
9261
6383
3004
7887
8229
399
7561
440
1415
6773
2638
3034
624
8974
3549
9885
3993
7137
9215
5664
4885
6440
1100
6642
5462
5691
5834
1275
9885
9383
1152
4536
1148
6766
7014
3842
298
7528
123
624
7618
4664
3491
3891
3976
6777
571
6527
826
1239
9401
5098
9038
6058
8981
7709
9038
7852
2750
4487
140
6236
9130
1041
7460
8539
3646
1308
9709
2148
2182
3606
731
4121
3218
956
6132
3928
7566
9834
6828
2684
5740
1405
8992
2448
2959
5497
6780
3150
3879
9478
8681
3830
8004
2629
71
6922
4376
65
7602
4230
846
6977
2820
1373
3761
1786
5367
318
6907
9552
741
469
3323
7501
3502
9694
2705
7755
949
8101
5465
6267
4295
6233
8193
1384
4985
8815
5273
9397
2174
4594
8358
1283
5042
7592
2723
6335
7973
7695
7125
5720
7975
247
697
9342
6668
617
9773
3862
6877
6789
6328
1978
4635
7098
6214
6829
7936
9645
2019
2732
6212
3004
3267
4000
9561
5373
7084
4592
6179
3600
7570
7348
2359
3763
1021
8900
6975
3588
920
2542
4264
369
3576
3527
9688
3691
183
4953
3327
4633
9068
4410
9385
5513
2345
3613
3036
8609
2657
3554
5269
4
2851
1144
5785
1744
7176
9363
3627
6804
2261
3993
4601
8174
4029
1766
4419
7490
1431
8303
6330
503
5303
7955
496
8412
3195
2670
2433
7576
6644
1159
1725
4959
5391
1017
162
7440
5391
6271
2946
6427
441
3912
6294
7648
5068
6891
511
2211
7963
5076
1028
1739
1000
4587
6253
1434
8686
4470
8619
9174
6763
3221
8689
6118
7752
1259
1731
3497
8231
8172
3146
303
2888
9250
4018
5883
376
9770
1056
3936
8486
5371
9138
6345
9667
4998
9189
1205
6534
1561
1469
8735
761
5422
2437
1035
1315
3345
5939
429
1619
3086
9975
9315
5077
7608
4960
803
5924
887
8811
5855
4637
3049
1945
6964
108
3385
3851
5715
3414
6924
1821
9814
9922
8440
7116
5572
6500
8047
8309
304
4758
6377
6140
6892
4997
8369
2005
2187
3558
742
7395
4275
260
1921
5515
8929
2552
2726
388
4567
9763
2371
6685
3665
7306
9893
506
4613
4734
9530
3981
2856
9622
9026
9037
3453
1100
7471
9206
6936
3186
4219
5245
1953
5103
9304
77
4484
1353
1506
4515
9301
7216
7873
5090
2098
4565
3883
3444
5472
2102
5574
8798
4087
3335
8123
8479
74
973
6742
7845
8638
9610
4522
1436
4460
2049
4977
7267
8529
7173
737
8524
7618
1330
1755
8000
6509
7271
3836
6621
4315
959
8838
4462
9202
5531
3305
21
3191
2685
6763
327
9616
4452
2967
5332
9400
8639
9137
6945
5003
7615
3367
6916
6033
8701
2628
3323
7464
4101
2942
7530
7401
3358
735
639
6141
9559
4464
6532
537
9552
5217
8176
6340
7298
6454
1626
1369
2252
5884
939
328
4507
1289
4830
774
3957
5024
663
5029
4658
4116
6542
5087
4199
9860
5863
5196
5008
7157
5359
8115
4746
2429
5156
3660
9114
923
7441
7876
8637
2053
4597
1130
3421
4601
5695
5350
8445
9477
7384
617
5618
8626
5709
6192
653
1274
2424
3954
4073
6714
4554
4633
4045
5091
983
1597
9471
7771
5773
187
1270
6048
7970
9845
650
8604
2490
132
554
756
6178
6744
5513
8715
3308
3360
8742
3988
1127
4548
2902
5333
2938
7103
5600
3654
3677
3531
6037
6376
4515
2437
2426
3906
2104
143
5124
9399
4707
244
431
692
8665
8422
7019
6181
8270
8659
4291
1063
5448
2582
427
696
162
2010
533
5899
1561
3417
7888
3239
55
931
4015
2655
6713
6570
625
6268
1631
4650
113
2663
4016
2342
5052
7651
3880
3950
6459
2502
1903
8492
2988
4872
6966
2237
3393
4293
1329
1709
8373
6157
9292
6443
4710
1722
4859
5788
6452
4433
2130
7195
1572
2561
6317
4174
609
2169
7965
9603
7520
8054
3472
5050
222
8266
3547
2268
3320
3176
5623
9225
8150
668
5158
2112
6038
9880
8064
1207
1217
7416
9950
3306
8284
1431
7074
5408
5820
1019
337
9753
5222
4571
1935
1763
8499
320
2709
2796
5181
7849
6688
3506
4953
1417
8793
3382
4625
1180
1133
975
9564
7079
4585
5131
4028
6332
9044
4672
9347
1613
377
2369
5875
3272
8799
9196
6449
9744
5719
9008
2245
1724
3313
7708
5537
6729
9818
8146
7051
1835
9302
2074
9305
8544
5879
9507
6840
8421
7096
2244
2985
1730
9288
2225
2825
9809
7718
7481
2747
669
3765
9228
8820
9844
6412
7258
6930
8094
5021
4327
58
8792
9551
5994
3373
6569
4075
2596
1142
7366
5920
9966
4018
1600
7779
1260
3789
3291
6566
1790
2213
8202
1299
6420
9965
4246
4262
8241
7168
1934
9733
7673
6048
200
2492
6884
1114
8693
3737
68
4200
3922
3713
9779
9731
5386
4893
3846
3570
810
5477
4958
2419
9101
9446
8029
2933
1909
1091
9077
4512
8155
9382
6172
1122
4862
3825
3036
2774
6871
4870
3943
6995
5197
1887
7655
4958
9444
4026
9331
4813
6465
3589
3422
2250
5480
9538
8810
8383
86
5191
6506
2372
43
1973
4549
7587
5343
4610
2726
6836
4261
6965
511
5898
8077
8046
1678
9913
243
3743
4072
3074
8468
7291
8290
2732
4465
5770
6591
625
9629
1206
6756
1906
3648
9797
9975
2648
4654
7459
693
1496
3186
6731
2914
514
6275
3105
5403
1991
1625
5775
1688
7348
1816
6235
2686
5359
4651
5282
7249
9517
9341
2195
1958
317
5808
9370
6102
6037
3888
8711
1550
2647
2721
2266
4100
2335
7317
7214
4548
9740
795
5119
2680
3032
8097
7193
454
9846
3786
63
4499
1271
3866
2916
4453
4937
8014
3305
3718
3949
9656
1252
2197
6803
3944
5513
663
500
6791
3336
4363
7036
7421
7314
3338
338
7090
5689
4781
9509
3393
3572
4441
6452
8825
2059
8101
4906
3501
6757
5132
1797
7195
3180
4686
6210
7370
3850
8017
1078
764
9762
3989
2251
1331
8637
1188
2437
224
1823
7368
9600
8262
133
199
7816
7725
7598
3018
5924
1011
4051
6123
9616
1389
7124
1740
6870
6427
913
5621
8857
3593
2049
7029
1277
7921
7251
3370
7174
7582
3055
7387
8795
2748
1623
5090
1575
8011
5423
5431
8828
7299
8934
8104
8308
2513
5536
1909
8757
8399
7506
583
5488
1185
5642
1681
5415
396
1736
9790
5928
2177
1052
170
5403
9367
1645
4941
2276
3351
4995
2850
5012
3617
1363
2181
5571
8139
5556
9947
18
6938
4306
5228
5552
4249
8047
1675
4187
6886
1521
7334
8625
9660
6444
2040
1314
5019
6060
5292
3811
7764
6270
7053
2034
3520
6972
6264
2801
577
9044
6019
4177
288
5733
9255
9789
7812
5221
552
3839
8052
2801
6133
6835
7060
6817
9339
9734
9500
1815
452
4858
8823
933
4157
9577
6662
3208
5957
4387
1540
8532
4720
5799
949
1965
1276
7322
1671
3040
2027
3462
6987
1900
543
2210
605
8848
2773
650
6238
4018
8375
5979
7155
2329
8037
6669
2838
8008
2014
6077
7642
1048
2792
5622
2941
3761
8719
2220
9942
4740
4634
8693
1229
4119
5833
9235
3514
6510
5963
5618
4373
7666
3756
2107
8668
4049
3531
2787
3908
8803
9833
7763
9591
8804
5837
516
1452
2018
4277
9046
4116
7093
695
9390
4383
4485
8630
5194
2879
8813
4720
5570
7653
2203
7876
3853
6728
4624
8401
205
1508
538
8201
4136
7614
6811
84
4660
4550
6374
1665
4638
6165
4438
4167
3942
918
9531
3082
2699
5569
9986
9578
3599
1842
8847
8437
6086
696
8986
2380
2129
7914
243
6434
9073
6948
4659
2209
138
8223
5841
1575
9686
1630
1325
7150
1202
5844
2732
5370
2953
8628
3777
4587
9691
9072
6164
6146
8042
787
9698
6863
5713
8234
8865
6313
1538
7788
622
7847
7818
5371
2117
8700
8434
4387
8540
7280
9045
8527
9213
9336
4409
8827
2894
312
8684
9763
414
3167
4348
5626
5886
3440
7091
4936
6937
513
9550
2475
6418
5468
2232
702
8601
835
8183
5175
5993
144
4211
553
6817
1418
2030
8474
2573
8372
2053
1359
2128
2800
4882
9780
6400
1185
7770
9928
9278
3950
394
916
4161
9874
5801
7004
1118
6352
5017
9102
5206
8803
2416
7608
1852
5748
3022
8486
1041
7605
5498
6649
8414
6554
6349
6691
3517
1975
1274
9918
5413
9988
2537
412
3968
7294
6111
1785
714
2679
8524
4893
6904
8461
6096
942
3091
8552
6682
3251
592
8125
6847
9715
1613
6912
2836
9819
8986
6454
9144
1214
1729
8488
4608
71
8483
3876
2672
5290
8289
8813
7203
2424
3748
946
6888
2849
2201
7324
4377
9108
956
6065
6104
2290
6256
8438
2537
1905
7897
2354
5542
5916
2870
605
3379
6104
8734
1175
6591
9825
2918
2357
3811
6466
5324
6102
6810
788
675
8339
9165
1918
4107
677
4874
9754
1564
8225
3456
6888
7615
3598
5690
4844
1481
5432
6101
5235
6101
1404
6080
6819
1213
2355
3279
480
4645
8524
1356
9162
3188
6242
8123
9060
5135
6829
4280
7408
9412
1972
2591
6437
8176
3648
2903
915
7869
7851
9148
9933
7500
3319
2311
4245
8602
5964
3149
4853
674
9321
3041
6105
3680
2796
9046
5115
6317
7980
4149
5446
8908
7523
1368
1836
2335
3146
3105
4787
3559
3900
2761
6346
198
7868
25
