4009
2034
9457
400
4278
4440
6427
8231
4072
9116
1198
4273
8002
4518
8698
5477
7743
777
6925
5519
7347
8830
4335
8988
7049
1852
2379
6462
5020
6182
7960
8636
5313
1730
4278
4169
7473
2417
5907
9824
9493
5904
1101
1369
2538
3226
5378
1002
1076
5751
7891
5389
6414
9174
8007
1178
8735
5682
7531
2753
7000
2964
5864
6198
7866
3109
6461
2425
9605
8461
6619
3232
3644
7901
8592
4116
1428
6773
4906
6165
6650
6195
9581
1579
1572
3754
6176
7962
3791
3547
8786
4433
8360
2178
762
6207
7399
5471
5404
514
5686
4143
5575
2237
4047
438
6219
8853
9107
5820
3080
5545
9895
2065
2785
6380
9784
8702
5071
7537
1055
1834
5715
4737
720
2805
5459
3275
3404
9796
8934
4489
3831
1578
9851
6378
3572
3552
1618
1010
3292
4977
3326
8171
2109
804
8706
9845
4719
5110
5337
6369
9666
6755
242
3974
819
4337
1288
8638
4349
2057
6639
4657
8924
8771
922
8396
6461
9054
5674
5613
2882
3177
6577
5805
2626
8912
6037
8906
4524
7798
9007
8160
1595
6427
5203
4052
1141
154
106
7725
6830
6546
9788
9055
4298
5439
8793
1045
5776
9492
7062
8522
1482
8151
1797
8836
9592
794
1884
3422
292
3713
5304
4977
2976
1285
1403
6526
9772
6868
8816
9754
9795
2114
8719
7719
6213
320
5852
6059
6640
1767
7146
6686
6215
3329
6285
645
2149
9541
4733
3942
938
9085
5302
4024
3908
7237
9325
8569
4697
3218
2669
1451
4593
4781
6830
2156
8240
8155
6871
6128
2657
8042
5851
5469
9326
9786
5695
5923
1099
533
3963
2182
2675
7021
4479
233
5995
7152
7453
9881
8978
9658
1092
3603
5498
5016
5549
1155
7504
5316
7790
2682
3670
3202
588
5819
6018
6022
8285
1122
2864
1439
4923
2961
8291
3044
5077
3801
3080
7786
783
6577
5899
9247
2314
5382
8771
9622
3327
6384
9880
511
6996
5740
341
2306
6161
5931
6024
88
3612
2502
8279
6918
9872
8044
205
1079
812
8826
6881
581
6760
6838
5927
52
9555
696
3136
7355
4679
8790
8941
6160
9982
7802
5473
9054
3134
4514
6004
2245
9920
2659
7379
7023
702
1435
629
5483
9642
1362
409
2375
4235
3660
6363
7230
610
7582
2437
1036
6764
2090
3858
7418
2848
5225
1214
8971
952
8419
6361
8210
2188
3710
1866
173
9289
2929
9968
7170
8049
7876
8996
916
1612
3830
1850
1890
3597
698
8774
6908
6127
703
7276
931
9182
3627
5840
2524
5746
7539
8203
7393
5493
4490
7887
2661
1638
6771
2450
1329
1382
7588
1814
6639
720
2249
9465
5170
1366
7682
1464
2384
2998
5723
1454
1358
7547
9030
3579
6614
192
8534
1072
9975
9839
6170
8518
6377
1288
7621
3518
4636
2189
5094
5587
204
1754
9641
1835
9107
9506
3193
2829
1979
9268
736
6013
9390
5181
3836
9555
716
9942
2992
3385
8024
174
7300
4675
4832
1107
4458
1752
4871
5546
639
6095
1696
5710
5737
373
9065
6661
3171
8058
7042
493
4738
9484
3896
7702
6787
476
5731
7513
900
1084
3688
5302
8331
4777
7387
6236
7079
4438
8406
6848
673
6334
9230
5185
7614
4779
248
9250
8548
9060
5432
4294
438
3408
8257
9498
1406
7610
2078
4508
5847
3453
3195
8330
4500
1086
6385
8117
655
8473
5372
1189
4178
2468
6523
5365
9852
7936
6596
5806
2000
5213
7825
7234
1408
7405
2715
255
3826
4817
625
8724
3644
9839
6981
4127
8193
3845
7891
6852
2888
9527
5535
6955
6565
2917
5274
8928
3494
3560
3888
3006
9564
8123
3970
5525
9220
2326
6331
7559
4641
3205
2737
2163
1736
3687
3049
5609
4392
2098
7223
4765
8275
7476
897
3846
286
9701
2991
7350
9537
9240
642
3203
4347
2192
6382
5844
5781
4383
8597
2008
17
3674
449
2175
1215
984
1741
1628
3579
9609
2560
4642
6743
899
5368
6876
4785
1976
3615
5305
6752
5876
4973
1652
2400
1218
1289
4689
7416
2765
653
148
9652
8788
5765
1740
2324
6023
2915
6396
6912
158
6979
9065
3158
3401
3046
5599
7746
9122
4653
9727
3913
6975
1140
883
689
8915
6200
5027
2384
5524
1574
47
3056
5239
8322
1804
1628
4407
4545
8620
6154
1589
467
9126
8373
5338
3440
7700
9333
8855
6174
7227
3773
8941
4764
5590
5458
873
6479
1467
6499
2599
742
111
2680
4823
283
9381
6315
5949
9129
7713
3981
5586
7525
4107
4807
5480
7194
1327
9487
171
5365
4546
1331
2163
7722
7375
7157
8678
2064
2862
5826
3467
8800
7686
9952
1288
6901
4730
164
1293
7056
7007
3646
9849
8524
6094
4498
4570
7928
5428
8211
7795
7542
9942
1133
9445
1712
7298
8479
4528
6162
6833
7492
5571
5639
1993
4397
4063
4307
3487
1244
7481
4954
8506
1711
3295
5580
3650
3447
3266
7166
1542
1749
1457
7190
9501
4400
6998
1507
9237
9077
2602
6646
8312
2027
2787
5217
6716
369
5022
2970
9769
2087
4552
1931
4645
7446
1766
1370
1371
7629
1044
9024
5483
2569
8442
985
3562
6016
6427
4167
7386
4202
9031
4850
7189
7596
3857
912
8803
1346
9434
9325
4091
776
9180
935
773
1638
5955
4345
6750
7046
9621
6354
469
4291
1907
849
2402
5920
8455
8752
2694
2737
3229
8138
1742
234
718
4201
3281
3587
2648
7536
7801
7220
3945
8690
9102
8419
3354
4878
1838
6855
4489
9096
6377
6903
7870
7108
4872
9429
5759
5777
2621
7392
5103
9728
8582
1370
593
1984
6987
184
5546
1320
5031
3855
1892
3584
4324
1105
2543
5228
7887
8435
1923
3397
8810
1386
8112
3558
6416
7490
2950
1632
7939
1579
8097
3258
7313
1488
5132
5465
9253
837
9398
9544
1162
4492
2929
2260
3403
8212
2327
1383
69
8463
455
7407
5102
8271
670
5338
8030
6684
4849
2736
7451
2916
6
5532
8196
943
7907
4856
563
6478
2990
9061
8805
9232
5651
7556
7030
9969
1444
1300
7061
1455
7819
3240
2839
5610
6362
4132
8247
9159
20
8308
9755
4369
3268
5769
6273
9757
5323
4817
1817
568
2935
498
1244
6575
6415
2562
9850
8650
8539
6902
6242
4902
6000
3045
9914
9119
3738
1705
5374
5142
9889
5585
1973
2948
1134
6694
5807
9019
4919
312
4266
6181
4374
3171
7860
8204
2888
6980
4107
3749
9057
8018
1744
714
5420
8283
3450
5250
992
9820
1559
2558
5023
5532
5533
4163
616
4005
7519
2224
3580
1184
6539
7067
1198
3645
1600
4364
387
2172
9357
8517
2520
891
2836
4524
867
8764
7549
9271
8194
1201
2775
6515
6848
9111
7161
9569
5910
5805
6151
4558
9358
9167
1264
1661
4914
1779
324
147
9859
2287
5603
270
4726
1333
4209
7795
6424
6669
4373
5331
2707
7821
1440
489
4776
2295
5019
5474
8588
2159
1770
4009
1440
9016
3373
255
5736
5834
6420
8852
4189
8545
7090
5716
445
1637
1067
481
528
8434
3239
4232
5046
8339
1321
2787
2428
1504
3720
7451
8142
2993
9500
311
4678
6542
1781
6885
418
7765
5829
2484
740
1478
9390
988
1987
6590
5302
9194
830
3503
5751
7788
8753
6648
1539
7413
192
6150
3668
3294
4016
5047
4898
1226
373
9014
9789
5315
7862
2168
7226
262
6557
4450
7275
344
8138
1493
9175
532
1895
2711
697
1698
6230
3087
4499
3045
8647
8781
1843
7329
8806
8100
3150
326
3505
9748
7225
7038
7815
8936
4951
9807
9115
5129
8589
1342
4504
5629
1841
7057
3647
16
4176
9726
6715
5821
6702
9925
86
441
9753
2086
5652
1212
3926
1169
1629
1420
2125
1481
7336
6984
1409
3507
1491
8367
663
3265
6928
3146
1624
6821
6297
3724
3953
8036
1155
3253
3464
2170
1968
2941
5529
515
6926
4579
1934
2957
6574
5330
2397
9176
3071
7101
7675
1206
249
1367
3678
2021
4549
337
9377
6230
6025
5665
2688
2713
2866
3643
995
4471
6586
6095
2248
4747
7801
4111
297
2606
9687
7626
8780
783
3983
3034
8041
907
5167
4039
214
3710
6765
3974
158
3862
5252
7153
929
9327
508
6836
6981
2193
5239
5633
6874
2435
6775
5265
1530
2890
701
2424
1439
18
2732
9123
5599
2967
8860
2577
1747
7488
7115
9691
597
7641
141
4658
3448
2860
1428
5891
8513
588
5228
3385
6114
5309
3789
4207
4984
1443
9331
8112
6090
2309
3738
637
1762
5005
2818
5402
392
9680
2962
9542
5642
3780
2569
1446
8040
4259
6384
1645
2171
1867
8524
2601
9510
9775
575
6332
6340
8685
5902
4325
1873
4780
2717
3356
2229
434
8758
5031
5835
3664
3864
5131
5327
7307
2156
9746
502
3704
6515
3653
4168
4099
1372
9190
2008
6075
6017
4813
1828
2830
9169
2109
3351
2780
5609
1394
2300
8522
8283
9722
5614
3718
8432
1677
9178
9778
9113
7130
9238
8751
8865
5823
5339
3495
4751
7284
1069
439
8344
293
5435
7575
5185
7322
6018
7736
737
9685
2412
777
4197
2824
1542
7333
8126
7664
8863
2348
7973
6114
4283
9997
5102
4784
5384
3933
7530
583
8793
3910
4902
7769
8941
5007
2289
8306
7812
4388
491
105
3832
8050
7305
7173
6774
1489
8598
4601
8480
1310
4963
7037
6907
5268
670
6587
1827
5271
2368
6275
1151
4284
7009
9083
2255
3880
7142
2199
9554
8276
7866
1441
9988
2074
8635
1093
1716
8350
7963
2235
275
4524
1672
9697
6200
4170
8901
4388
1057
4441
3366
2972
3316
9198
1563
9218
212
2295
4308
926
2335
5436
7251
9361
788
7716
7966
2971
578
6673
867
5770
9867
313
6007
4609
4615
4674
1911
1632
6789
5337
928
1094
9260
6782
313
1583
9680
9280
4862
6779
177
6001
8184
2798
2573
4261
6967
4605
3125
8172
9345
4891
9740
7258
5796
2896
1308
8304
6456
8099
8723
1336
5793
6452
7451
8546
5072
3593
3128
2646
1384
1314
5050
5413
2414
9643
4578
2817
8505
5134
3424
421
9609
7490
1995
5506
6981
3236
3483
72
7516
2400
5104
1357
1101
9932
5
4285
3282
4881
1550
9406
215
9255
815
5902
2169
2380
2919
6395
6105
3617
2969
6591
7391
8033
5963
871
6204
127
3783
7006
488
7211
8991
6650
2681
8480
5101
8275
4133
2973
8457
4219
911
7598
3299
7455
4429
3030
9328
8008
4170
8555
4322
8078
6503
2271
5904
2202
3533
3686
277
8726
5566
6489
324
5588
6553
9493
7449
6680
2187
9968
2266
4994
4723
9723
3628
9868
6414
8029
1874
4012
929
1585
6432
9382
1366
6701
6271
6962
8637
2653
2361
2965
2627
3661
6291
2031
7360
1104
8363
7056
3450
8303
1654
6519
4999
3633
1468
2537
2480
5123
4080
1946
5922
7173
9655
460
46
5329
7050
8433
9791
7976
7495
9486
2891
6267
2769
8030
3075
7619
4839
959
3541
9421
2834
7598
7425
870
9640
3562
6008
7630
3326
3623
2912
9196
2315
4978
452
1998
7623
1820
3640
6907
3042
5301
6362
4280
8785
1878
9685
9107
3651
410
8175
5167
5314
1626
3938
8604
2292
2820
1624
2338
4001
8119
9103
7162
2511
5102
8668
6361
8938
1174
6844
1322
7871
174
7125
6759
2055
2378
8635
596
785
8404
2238
3032
3240
9856
2977
4984
7268
2585
4309
2066
7228
7309
3428
6611
7817
8531
570
965
5829
7092
7662
1961
946
589
3470
2189
5528
2927
6008
3658
1446
6929
6565
5884
6042
6211
4207
7791
3675
4015
3428
9298
7107
1310
3027
9163
9275
309
178
2919
2382
9706
242
4188
2511
3190
2234
7965
1607
8297
5281
1257
9862
8085
9672
4608
2075
8440
4179
7283
3774
2937
807
9751
1771
1870
559
7557
6937
7704
6569
1010
3784
4204
5197
4262
3898
2094
9726
7339
9960
4748
6537
388
7893
3652
4490
4407
4143
1763
2814
5881
2769
555
6579
2548
7302
1200
6060
1415
5241
3632
1297
3066
3800
9069
3011
4301
6406
2024
8748
9036
303
6491
6421
2577
4262
3170
6401
9430
2619
5207
4471
2981
6568
1706
3533
1278
5530
5113
3279
5156
9789
9377
8031
8772
9808
4961
9959
579
5160
9912
3162
1619
1601
5611
6312
1218
14
8708
2624
5648
5969
8553
3488
5786
8263
7080
4759
1528
9275
9709
2444
8399
8570
7744
6216
3411
9814
782
4158
2285
4740
4082
2058
2421
577
8207
2311
3133
7169
3548
7499
5577
2408
205
8765
8798
3649
1243
4279
4022
523
6015
4678
6893
9172
1856
8830
3676
5950
7798
6955
3616
7086
7434
4306
9333
5955
6700
7909
5204
1843
4864
1830
6790
8129
2151
4723
6612
5339
8133
959
4109
3360
68
2850
1203
9487
8037
8774
6162
1962
7182
1618
4558
9289
9028
820
808
1883
8486
9287
7932
3400
6659
2581
6858
1138
4650
9525
7263
5913
8844
1893
3200
6173
4592
5139
4163
1710
7043
3813
4154
1664
1145
7369
9484
7435
4261
4502
5073
734
8864
9777
2185
5107
6697
3116
3850
2606
5562
9560
3349
9791
6883
1644
9396
4967
8694
3022
7042
9703
5726
3789
870
3123
2076
8945
9022
2902
735
2491
9444
3327
2079
4246
2047
3785
4647
3791
5017
5705
6573
2128
8280
8480
1935
4727
9116
4192
2939
214
7172
6252
6234
1940
1949
3944
555
4225
6087
4847
4488
7846
6022
6643
3111
9819
7218
3534
2319
7554
7515
5496
9461
7216
9374
1154
4882
188
2380
5854
2434
1568
6989
738
1868
1997
608
9457
8793
75
2493
1369
6499
7197
3018
7196
2987
8403
6918
6694
3367
2249
9077
3581
7510
7357
7017
6583
4033
1294
3689
1669
9761
1039
4545
3180
2359
7627
2997
9300
2955
8147
8771
4282
3204
4163
2468
16
2960
962
6991
7124
8722
4408
3419
3006
3318
7514
4318
5939
8017
9216
3030
7143
3209
2312
6371
5983
398
4964
6352
6901
5365
1486
924
3380
8111
9691
1689
8818
4090
9133
2160
3294
9604
7859
3839
8735
2679
3995
945
604
8117
9000
7768
6826
6753
9439
8169
8288
5703
2874
3556
9238
186
6735
2286
7020
3897
1819
8413
839
284
9400
6079
166
9921
2878
4263
5667
5693
2454
9334
8948
5393
9513
8306
2417
6139
8375
5141
6385
7622
4563
4165
3037
751
8795
5003
5974
8308
9510
8850
8274
267
966
3694
4545
6365
2045
231
5885
5838
3148
6849
5552
7241
3927
6648
9345
2252
8404
4621
9318
5277
1378
7368
413
7784
7558
3800
1573
4070
640
9311
3559
9483
4556
595
7330
9532
8405
2866
3444
9899
8820
5845
7380
6161
4182
5775
2556
5063
9995
6579
3381
8961
8890
9520
2714
8200
6147
9498
4558
7314
9341
8981
5722
7151
1949
80
5583
5571
2216
2796
7433
4939
9007
4152
5220
9598
1386
1099
6184
3090
7136
3724
8960
7303
6129
8209
7465
9396
9350
4803
7270
9884
9377
6266
7872
3388
8334
7210
4330
9797
7179
5162
834
2464
1572
8044
324
6579
3846
4622
4312
7086
8678
4892
2764
7442
7082
2656
1741
2351
8276
7032
1950
8408
2416
9937
347
8774
5523
8821
6296
3413
786
6463
354
4223
9589
5639
3479
4611
9280
7406
3729
66
1585
8967
6861
1926
7113
5232
5818
1983
9537
8637
4285
3595
8558
191
6770
8320
6910
7685
428
4217
8738
9663
3805
4268
1926
9947
9282
3252
5467
1215
3318
8976
1302
7505
9447
2263
8002
9318
3381
9958
5376
4661
7510
8999
3647
6279
5750
4495
7894
5470
7532
5685
8765
5855
1304
2634
140
1661
5673
8057
9675
6580
7195
7981
377
2478
8909
3657
1673
7333
4576
7464
4550
9766
3644
7314
8839
6878
6445
871
6269
660
1866
3819
9593
403
9414
6238
9866
9586
2191
7431
7476
7345
3540
7180
2445
9074
9492
8289
7826
9698
2113
9626
630
4067
8004
3423
4250
6087
9770
5771
6199
811
5387
5904
5656
2941
7227
444
1237
9036
9034
9040
2091
8923
4598
5634
2583
3617
3904
721
385
5728
6556
3392
5525
7599
3538
7682
268
7574
8865
1136
409
9766
4307
1609
9536
5507
4572
551
7569
5184
7532
6426
418
5733
6708
6051
4906
1950
6709
3615
8666
8291
6419
5310
5014
6304
329
4079
5649
7056
759
7610
7703
1787
54
1529
2163
1817
6747
9492
8481
721
5898
5991
5950
8707
8930
386
4651
2127
2774
7326
5601
2032
5708
9127
9502
1224
2094
5098
2461
344
799
9564
2356
7244
8087
4308
615
1970
5727
3558
3865
5765
4760
9725
6611
1978
1701
5092
7501
5670
2857
882
5274
1018
1659
4224
1248
5580
6086
7815
2276
6899
3821
7163
3428
511
9227
5790
1918
4530
3545
7986
3359
9247
2297
2767
293
4222
3951
8221
7173
5848
2480
9423
2793
7125
4514
5628
593
1408
8227
3867
3802
708
6325
1066
5949
9414
7078
1339
9854
8750
3918
7868
3956
7267
6594
5889
7208
4593
6742
2656
1879
1002
9712
4905
1842
6902
5623
8512
9477
424
1529
2537
5412
4912
4316
2414
9184
6070
2428
192
5065
4985
3219
8920
5710
1860
2055
9176
1697
3321
2654
9187
4582
7454
9884
6917
6329
4705
6749
6160
3950
1752
5278
5957
8980
233
2277
9099
9619
8339
225
4735
6405
7960
5340
8985
4753
2263
7628
486
6386
7834
7913
8663
9430
4905
154
1221
1474
9721
408
2288
339
6580
9380
3651
3343
8790
3220
4485
7370
2657
1640
1822
5461
1054
6603
3987
2640
7537
1797
8897
7568
8951
9469
8339
7388
1279
1004
8543
9937
6562
2237
6963
6870
624
6528
9319
4474
2648
6222
2543
6360
4660
4118
3600
2444
4255
1046
972
9248
1556
8437
6572
1984
7204
333
6473
9932
7347
5703
8246
5627
1504
2623
9582
5179
9872
6134
2373
6087
1541
4213
9902
5234
9552
2047
4969
6080
9488
6688
5590
3876
9493
2274
9131
4948
1926
1502
3005
9113
8235
4943
9550
4306
2424
6850
1668
1879
487
537
7122
5211
1553
5487
1605
1083
7432
1767
5837
3092
5140
4749
7622
849
2072
8718
9042
9761
4112
1331
7428
7575
794
9431
8588
939
9662
6138
5098
7294
7403
1103
2241
6427
2959
2752
4729
3096
4722
9905
8369
4396
672
8226
815
2379
3073
5197
5749
5756
3815
9728
146
8587
819
1317
4754
5723
8005
1788
1908
3315
3550
9418
598
9177
1875
618
9230
1597
4192
6050
9847
3596
5831
1521
8182
9572
4740
9573
585
8567
6846
5209
907
4137
604
1675
8438
9556
1361
7643
341
315
1301
8255
181
3755
6466
4035
8664
781
2040
8750
4181
1368
9949
9313
4319
2467
901
3688
8416
3640
6009
7587
850
5876
4439
8718
3450
4555
3958
3643
9906
345
7380
9650
6450
4003
479
2575
8826
2252
3564
5849
9022
5667
1383
7539
3053
6442
3399
3067
8672
9121
8813
7296
9740
4945
937
4769
1652
5893
9769
5937
5247
4930
7152
4374
6609
9639
6062
5664
7336
7663
353
2743
5174
5123
7848
7277
5893
5901
5424
9986
3916
1992
7133
9415
2221
8291
8711
314
1591
308
3870
9968
9151
4553
9675
8528
9767
7993
9316
9900
6552
394
2555
5787
5265
6491
5141
9666
2155
561
7202
8097
1576
7360
9582
2425
5736
9407
4275
2347
3672
7966
2968
2828
6135
35
3210
836
7382
7135
8645
5670
9180
2688
3470
9162
2819
5295
6753
1142
4354
7242
8595
4075
3096
3564
419
3564
4642
5432
4258
1433
8521
981
5979
9401
6923
9251
2992
6806
6772
7596
563
3970
5465
8181
6526
536
720
2291
7280
1486
8927
3451
6757
1766
7184
5986
6704
8915
4222
1507
6311
7784
2832
2335
2012
604
8222
8446
659
2778
1252
8179
1828
3349
4018
3534
9167
6409
9005
5820
375
4876
5046
6345
1645
516
2373
8421
5514
4546
4546
4195
424
6043
8271
5358
5694
4472
7733
8887
3110
8723
8746
8490
1724
3522
2332
4511
4533
976
3117
108
1433
2950
5930
775
5647
7081
7194
8696
4932
2525
1392
1213
9192
5320
7996
4424
8021
5697
932
8115
2892
1751
8106
3780
8094
5469
9995
9403
996
2787
2308
5688
5771
3440
5552
7305
2943
7947
8850
3617
9571
8793
7148
229
5659
9809
8938
3376
9142
6252
6734
1126
1931
2008
2009
4757
2462
5371
9010
2311
303
324
3910
2244
4112
4589
8780
2965
7457
9804
9507
7203
8106
5913
5131
9502
1876
7499
3453
3529
2068
4331
344
3315
1109
7530
2841
6880
4433
3390
6694
3766
3708
9975
5175
740
4637
4208
8673
76
537
5042
8241
4738
7229
5922
7393
8412
9752
2042
7690
4697
7508
4516
4982
9838
9551
4195
9072
971
5178
5228
9323
397
5757
6578
859
9868
452
2624
5460
5124
59
5262
9790
9986
9249
7111
2434
9828
3308
3649
5667
5907
4089
8011
5387
2140
5422
9077
833
7081
1966
4873
9300
6271
9591
3639
5671
1777
9036
2142
2665
7585
5482
887
6271
7398
6234
7259
4513
5194
4290
2341
4670
4554
2407
1394
1964
9953
756
1749
9632
3198
4608
1191
374
3537
1918
8716
7054
229
4518
3120
2083
5015
7164
6896
153
6548
6042
805
8402
1329
1903
9146
5406
9716
7299
9103
3997
5056
8758
8983
7281
9918
116
6540
1781
22
8423
7779
1892
7229
2633
8441
6039
5528
675
6412
8431
4255
3831
7046
3851
8189
3063
8020
2534
3204
8401
7942
8097
5917
1607
1855
1657
77
2927
3675
9492
3427
9796
7312
7197
190
4166
7165
2137
4651
789
1376
9829
7179
981
1348
4542
2931
542
2887
909
878
2579
3689
6541
9629
6957
7200
4506
1519
7108
7513
1928
8011
1033
9049
6477
5802
8243
2129
6924
4962
3300
6592
5087
2924
7735
82
544
9399
2456
7158
5828
1830
1951
3262
6372
2836
1419
6063
6906
8472
4824
6137
6420
2339
7580
7968
2920
8918
9523
5896
1365
5649
981
8031
2977
790
1377
3157
4180
3916
4233
4855
7248
7952
7417
8024
156
9957
7205
4608
5820
3356
558
9231
14
6815
2976
7402
4611
967
9947
3238
5095
6621
3724
2755
1167
8333
824
5695
3167
9335
980
3260
2342
176
8596
75
9382
1349
2110
263
7491
8143
2538
9535
7496
9570
649
1995
5488
4191
6030
3856
9784
1706
7405
1198
9294
9206
7695
1894
693
6203
9631
3529
1321
8058
2116
2268
3993
1463
1835
5736
8294
3317
6145
4429
118
7552
6266
9527
7653
6372
1649
1625
5865
8987
4236
3909
6753
9763
2042
1677
8297
3949
8780
5540
3372
5090
7246
5790
9143
592
3761
2854
4166
5570
998
414
7901
6910
7880
9777
9285
2312
3799
3141
6497
5764
9949
6060
1884
473
5374
3049
5697
1201
2769
7983
3973
876
1509
2421
9029
3908
6706
9686
8456
3099
5438
3381
3441
3168
6632
4014
3908
7569
2772
9272
5826
9834
6115
870
4931
4204
5631
1021
574
8697
5344
7295
6904
5516
7422
4358
4183
1253
2147
1132
3761
7746
4684
8007
6726
6921
5244
578
4454
9889
4365
7638
8129
4321
4836
937
5098
4032
4047
7645
5447
396
1214
9000
1287
3558
7452
6819
4192
1658
1416
7388
5940
9340
36
1991
6863
3102
4377
6625
8544
5598
9461
4580
321
7068
2082
4823
6917
5098
5732
1325
3550
3644
2591
3422
4280
5566
9027
5522
8357
3061
4357
3993
8357
6877
9051
6840
8337
226
4883
5023
1396
8283
6337
2646
3576
1824
8947
4132
4233
1388
3074
6290
7207
7549
919
7460
7709
7496
6952
711
8937
2170
4910
4345
4648
5546
4868
7969
2543
7802
9806
5519
4424
539
8579
6494
3719
5744
6953
6918
2680
5755
1916
1470
8872
292
2650
4255
9676
6745
2222
9444
705
6014
6263
9198
8193
6005
4756
2147
3727
3721
5934
8486
6991
3556
7618
9986
6149
5041
5865
5216
8840
7564
6102
6712
3827
4757
8444
3635
6328
9651
2842
2815
257
7141
3875
7820
1876
7747
4158
8052
1138
1572
9559
5512
9261
7865
7088
6021
3300
5190
4616
6901
4236
6273
9253
4737
844
4867
9121
324
9541
4731
4559
3179
684
6994
9960
4249
3606
6473
9958
7815
1951
5230
29
5401
3622
4638
3825
4043
9209
4692
8376
986
600
2655
7612
2335
1929
9298
444
2934
4775
9253
9137
9021
2487
2809
8409
6951
3066
9193
1953
593
4984
2556
3859
6076
975
9223
2329
8537
6759
3390
1453
8051
801
539
2960
6357
3660
6023
1139
2604
3891
4246
789
4423
662
5520
4009
76
1523
6185
4483
7268
594
6241
6639
2710
4522
5911
4093
7761
5539
1641
3629
9523
7513
4295
8356
2583
9257
454
8664
1483
4619
4608
9070
7935
1677
232
6701
810
4632
3243
3566
8118
432
3762
2787
7419
4909
9668
3233
1722
1569
393
4203
8575
2966
4153
3004
1162
6965
6306
2001
1799
3925
2248
65
8873
7567
3127
2697
6437
2874
8085
424
1482
9847
9203
2164
463
4619
3553
5912
9557
3044
3057
7467
7036
8186
5491
5485
1393
5508
64
7600
996
4500
5267
3089
1943
2624
2817
9826
5747
5006
3529
1573
7285
971
8519
3590
310
7368
5810
7958
6040
4305
9109
8848
267
7915
7723
6922
6608
3978
3571
1402
9477
4204
1923
2978
3087
7206
1769
1626
2838
4552
1997
5304
6154
5743
2210
5342
7091
4056
5483
864
2086
1356
1370
7760
2787
3260
6212
1704
6635
6090
8464
1315
8879
8641
3358
9657
9988
7779
5716
5541
9875
3885
1379
6373
9613
5976
8729
8782
331
9119
6624
5033
2611
8184
3252
3949
2535
4482
9313
6250
1303
5225
5082
351
3766
3032
4870
6937
7323
443
9605
2569
350
7712
3985
1793
1538
3354
8944
859
66
8978
6693
5877
4628
9354
2262
9612
5066
1519
5752
2628
1399
5723
8630
1986
7630
7219
7585
7783
6806
3396
7889
3017
1291
7797
8746
1183
5022
2009
9450
3384
5884
5347
2478
1881
107
6918
9956
3122
5585
9240
2396
7515
8095
5779
8055
3472
7723
5512
2449
2326
8331
2048
8524
9001
9757
5200
5554
6339
6036
904
1531
2939
8412
3352
6559
7144
4494
7247
3555
529
8880
6786
9792
7762
6996
1190
7586
6781
5952
4938
2732
3290
5774
2963
9672
6700
5321
3877
6508
2658
1688
3387
8969
3095
615
4628
2364
6023
4449
426
2247
4782
1818
7984
6346
494
2537
1639
9227
5740
6850
5757
6149
5112
1313
2339
812
4536
5203
5321
5646
9776
558
1144
4197
783
594
6043
1402
8601
6775
4971
5971
8381
8213
8566
8237
3330
2418
2299
9669
6339
6197
7685
5487
3171
7130
4242
1258
1919
5391
8206
1931
5007
5051
4369
7909
2409
3246
6113
155
1778
3876
8757
9836
5505
6243
9048
4461
4675
5091
5270
7220
9316
6589
6358
8864
9424
5484
1508
1206
9462
2400
5562
2615
8710
6642
3642
8765
327
738
9867
9028
2263
7564
7037
3845
8400
2841
762
8558
483
113
1868
4221
3476
9198
3877
2123
9090
3595
6399
6549
577
7628
6816
3382
4198
3143
5193
7489
958
5472
4923
8249
5052
5875
7735
5299
4301
2394
3905
7219
1097
5071
1920
2052
1160
3419
5940
8980
3742
5964
5796
1739
2773
8565
1012
8044
6069
1695
5280
1075
4211
109
6967
5007
3939
6350
5462
6761
3787
6060
7791
4642
3606
3617
4855
8924
8082
3529
3881
9790
8151
2306
7930
8059
1283
6256
9498
1372
7543
8237
3379
7738
4408
6317
5618
4712
2802
8672
8351
220
2384
929
5018
2942
5232
2780
2388
1209
8983
8764
9639
8879
6241
5761
9987
6554
6866
1504
4374
6892
2558
7173
8008
1960
6306
8804
9568
4441
9037
5661
8198
336
2766
9678
533
3723
8587
6914
1116
257
3051
1223
354
1434
3633
9422
84
8939
6869
1787
6285
8751
6081
2236
6064
3937
4373
4566
357
503
6007
5386
4238
4136
1978
8311
964
1117
650
7161
355
3685
7986
7328
1183
3555
9162
8539
9057
8578
1408
7859
6210
8553
5377
2004
9282
4538
6212
6342
5413
2772
1044
2570
5772
1432
8312
2624
1564
2456
6465
5781
8124
4875
7359
8857
5024
798
1232
6590
9437
1461
934
125
4840
3567
9636
1091
2304
8422
7493
5881
8789
7621
9
1937
9235
741
9676
9932
703
3936
1829
5176
1436
9639
9448
3767
3307
5535
1384
5131
1549
1573
3501
4829
7717
4355
9614
3405
1647
7018
4667
9651
344
7615
3625
1924
4248
2531
5146
8704
6579
4858
8121
8024
6487
4732
176
7790
9906
3626
8918
3860
1252
2761
8007
7990
7005
8378
7377
9188
4403
7082
2713
9768
2497
6276
4841
4790
335
6773
5302
6976
5930
1448
7889
3977
2337
8143
8474
5553
9899
4371
9212
6367
6696
1331
9722
2942
914
4904
7028
8606
6879
5465
805
7371
7318
3146
923
619
2748
1599
4932
6096
9562
8319
4338
4765
7197
2980
3995
1669
4969
846
9456
5136
7530
4199
2856
9255
3417
3057
3752
6526
3928
6636
9345
7569
9418
1204
4566
679
6130
1798
7096
7715
3526
8563
2640
346
6319
429
3464
3231
8240
3391
9830
5881
6913
5082
822
5142
8775
5769
5619
8313
5505
182
2098
5070
9058
2821
3372
9006
8230
7342
2389
575
5218
9720
3133
5331
1677
6321
1395
1200
5765
778
3041
6560
5839
5279
3416
7726
5535
3221
1817
9521
3920
6475
3468
9494
5648
5251
9425
3477
7931
2698
6865
2550
675
1091
3776
6460
5945
3106
7441
4287
8378
67
3909
9352
8505
1691
8290
5845
1701
2183
1996
7548
2774
5841
7091
5020
4298
1120
5225
1456
9430
9007
8670
477
9483
6918
2586
2122
5447
36
4582
8879
1973
1311
9879
7445
7298
3890
3688
717
8429
2148
7347
8125
9434
3305
6059
5254
4386
2930
2537
2097
4635
2448
8882
8071
7248
4566
2049
1152
3069
9580
3942
9699
841
5536
890
9132
6927
1127
6414
1851
5835
3712
4655
8233
3646
506
6216
9590
8606
9852
7605
6062
1582
1698
4703
2570
2021
328
2696
2738
1757
8510
3973
9232
9562
1227
5459
3184
2772
6638
1191
9059
3683
2800
3046
2099
8871
2101
4734
2097
3089
2178
8335
1882
4722
8184
2266
9336
4638
9406
404
3844
5291
2397
5574
6922
7836
3140
9765
9781
8373
2828
1481
7817
3242
5382
7228
3615
3288
5825
2705
9194
9760
8071
8798
5145
8523
711
39
8022
2207
5293
4632
4907
3421
9373
8623
2676
8451
4208
4020
8943
4437
7269
6278
8032
2259
9800
4484
9953
9047
7039
9236
8087
4365
7025
1091
688
8351
2882
5354
9400
9020
618
9561
8586
6837
8243
3619
8259
1844
5185
6181
51
504
2412
5668
7101
7457
520
5346
9022
7541
582
2525
7514
381
6563
9124
9489
7488
1374
5319
6449
1561
9143
6170
3141
3815
7619
6629
284
6497
8332
5771
2516
6500
4229
1413
6372
4618
4092
715
3401
5641
7928
4062
6552
7653
241
2469
3043
6723
7822
9905
9767
123
4778
8031
5217
8584
3056
170
4736
3232
7894
1403
2950
2219
2806
9950
9
7250
6406
3602
3654
1589
7177
764
4917
552
1471
9417
7959
8443
2503
2942
4524
3445
8085
8173
4545
4060
8863
7383
2166
8036
2849
9352
782
3186
8208
4067
4559
1771
2284
155
1770
1854
2958
8476
4836
9114
5121
8228
6163
461
3389
6353
8101
9147
7918
3175
5225
5367
5203
1326
9937
6081
9987
3942
7663
2556
9130
3336
2812
9530
3536
3291
3975
8599
4427
8800
3611
5919
475
6762
9914
701
3475
3117
1029
1777
6087
1986
941
4076
1633
7444
5012
6987
3966
3578
733
3982
7877
7825
1058
3572
8536
9382
3684
1621
7907
4605
4092
7019
9953
6656
7824
798
4301
7128
7794
7467
5270
9393
5682
4176
7820
6685
9348
4919
3928
1287
6972
9580
8008
6786
4166
348
263
3902
978
2924
5738
1559
2076
5779
3783
9402
6650
437
4097
2708
2702
7149
4542
4904
7451
4295
8809
6381
4053
9927
4387
914
7761
6153
2901
8047
7835
9830
2080
9
599
95
6117
9282
9983
762
2449
747
2314
726
1296
2790
9262
9084
5443
3708
4092
9636
5707
4360
8730
7777
4565
2414
2767
6522
3328
6028
8663
9622
9417
2683
6341
5155
3736
2993
152
5715
5779
9703
5638
9124
6208
4994
2870
6427
7432
2096
1850
7596
6327
6353
9721
72
1872
8208
1210
1811
6910
8444
1260
1248
8229
9191
7603
444
2230
3962
9708
9828
6161
9395
7426
708
8181
5420
5929
5741
227
377
4280
6738
8545
9470
1636
4752
4906
4986
1639
6135
1970
3653
2367
6665
1128
5249
3282
6205
1204
7743
703
3856
7711
3586
9201
9226
4434
3048
4653
680
1063
8490
378
5675
3612
1537
8736
4061
7766
6579
4488
2251
3281
5737
2964
6947
5829
6558
6888
747
4933
3798
6293
988
7553
5864
9527
1657
1692
7386
52
256
6952
2760
228
9083
428
160
3248
1123
6583
8748
3155
2307
6799
4701
1838
6740
3026
3329
8184
3242
238
6673
6658
2634
1292
7210
7864
8102
9606
2134
7779
4855
6457
6165
7163
9030
5990
5885
4346
2231
2915
332
2444
9554
2639
6293
7154
3583
5634
6543
4966
2621
7922
7622
8377
2736
4242
1755
3192
1525
1317
7503
9581
6162
1872
4344
7442
8847
5038
3325
5136
5851
1101
8196
9990
7997
5157
9637
2308
5704
8537
8955
4215
2889
5958
2247
719
9568
2264
2688
1804
1881
2284
443
1720
3750
4560
2530
5501
8795
9655
5316
2887
5461
7081
4074
3300
7335
6806
7201
3304
3747
1339
8905
670
1698
6365
3305
6328
7952
1187
7292
9991
3751
8144
8924
4054
3814
2589
9737
9553
493
8757
7862
1859
2872
234
5089
7069
4214
9094
8109
1362
3796
3500
5918
6543
2635
5596
8464
8824
9907
293
3892
3198
242
7060
6023
7980
9990
1403
4129
7217
1386
4958
9063
8552
9032
3030
1694
7858
9580
1784
8253
4341
5152
9776
7469
5950
5369
6855
512
3859
6525
9811
3467
6291
2976
5693
2529
4094
1850
2318
1037
6913
6214
3075
8699
8489
9657
992
4708
4473
589
5681
3749
3399
6698
8043
3899
6832
4912
4032
6301
5324
3827
2594
1285
1372
9411
4255
2044
2352
7238
2298
289
5765
9332
5083
1926
3659
7648
7772
4360
1365
4974
9876
6728
1162
5317
129
9771
4888
8739
286
6122
1368
8887
612
4151
220
719
6941
2989
4661
9582
4131
3474
8674
9578
471
1740
8914
8447
9598
1133
4762
7123
2710
4348
5138
9255
7734
9041
410
327
2003
3709
971
9951
9295
7668
4280
2409
9691
6488
2674
1751
717
515
5659
4089
5630
9200
3362
6652
1178
7671
77
4048
9898
259
9941
3524
9598
1138
1723
6895
7283
1384
328
462
4917
5472
3059
5621
1438
4929
8139
8532
9757
9016
5908
1976
8641
7016
4367
6634
5572
731
9457
3880
7189
2003
149
5662
9165
3553
8814
3569
7108
993
2629
728
652
2128
2641
5639
7274
60
4676
6601
4309
902
5505
585
1463
4406
9500
6045
3632
4188
7658
2496
9370
734
1176
26
4440
8051
7095
5390
8311
8346
4804
1617
4854
4344
6262
6482
8754
3516
9409
282
9290
9249
9159
2560
8210
9103
3550
761
242
3854
6429
1723
6510
649
4287
5949
7393
9867
8778
1165
2898
4392
378
1421
5177
5850
7831
8251
1531
6887
1557
5867
1008
8763
9257
9971
6358
6040
9961
4466
942
3350
1676
1086
6548
4392
7873
4426
6509
1341
8844
7984
8217
2480
9419
2048
5047
9661
4678
5141
7416
1503
1701
7952
8171
9979
7035
6516
9592
3043
6512
5085
2649
1912
8205
6669
4177
1679
4753
8805
4288
3950
3088
3804
767
2468
1754
7311
438
7762
1498
1493
1070
2362
8949
5278
6880
1810
5666
2343
731
6181
7065
1389
2053
5830
68
7164
1609
1202
4658
1170
6127
2193
2778
9893
873
9049
4589
2557
5353
7119
9860
8639
176
2586
664
6823
6017
6758
7345
7762
6308
1042
374
9157
7175
1831
9299
7854
6447
3173
5593
1781
508
9403
1263
7678
2746
7858
678
7214
1252
4055
7978
726
243
2964
6324
8225
7699
954
3116
9559
5815
3661
9564
6571
4835
6092
2160
6376
6039
4075
2250
7042
1388
9055
2594
8172
1895
2149
2666
3142
7082
479
639
1216
186
2972
8523
3983
7179
8611
2104
8106
839
220
5839
9155
9389
4955
926
6413
6230
1114
8584
8638
2020
8945
5879
7682
6035
9957
812
7913
5009
2954
2087
7534
2538
9574
5538
2693
5915
4020
903
5185
504
7202
1090
3135
1978
1400
3314
5058
2000
4532
2985
2140
966
870
5170
5029
2403
7365
6754
123
1212
8205
6375
6407
8086
6566
5373
7127
5049
8082
9551
8126
2464
322
1099
932
92
7797
9214
5275
6152
8559
4079
6783
8488
8578
3320
6121
9514
9435
7134
2337
3455
523
9714
8157
5955
3584
2303
4634
1223
368
5892
1845
6416
5810
1276
8839
2248
7961
4120
1083
6243
6573
767
9181
6188
9463
7724
6385
6269
4521
1381
7949
1838
5608
6652
9109
4596
1064
2334
9681
5387
4082
7336
8140
478
9508
8410
4939
5683
4645
1748
9863
8740
435
3837
1034
9736
6299
34
434
9152
2741
6651
2981
1725
4553
1081
5538
7278
3922
1964
9423
8535
6429
2913
6645
2910
7389
6840
5572
4559
4463
7812
5363
1296
7685
9228
8072
2958
946
462
6064
5702
9457
5971
7196
3504
9666
7294
4905
4837
1313
2094
474
3265
3764
7298
5508
1971
8482
636
9334
4034
139
2190
3362
2250
3719
1809
5580
9604
799
6053
4543
8099
2098
8147
5558
3706
5845
6814
2286
1980
1339
5495
5173
9435
8508
2304
334
4914
5557
3720
3269
4702
8283
3045
1689
6615
2781
5392
7979
6476
6278
6378
9826
9372
4828
8157
1848
7425
6632
5405
1252
5447
9122
1997
7988
4699
2600
8589
951
510
9995
8833
1189
9385
5462
2174
8300
6330
2171
7853
5928
4236
9292
2130
7581
4053
4531
6486
6132
3849
3919
4784
6432
315
2667
2642
7900
4676
2844
1183
8211
9772
8183
8091
9467
9349
4365
3131
5598
6184
7029
3308
4663
9575
8148
319
5030
7121
6539
1777
1824
516
2332
9097
4982
1676
5610
3579
911
2585
9021
6170
3205
5744
8319
1434
6025
7336
6390
578
7284
6836
8334
2224
5388
1408
8035
5079
2479
3749
1799
7828
111
2455
1878
1647
7977
2701
6932
3260
5715
1104
4830
8352
2866
8652
9686
3025
4101
6501
9733
7943
6034
5139
9724
3998
4251
3853
9707
6957
2845
7204
2717
7553
5732
7206
7006
2595
7070
9027
3787
8552
4203
6508
1732
3863
9869
2967
7872
4597
4482
7919
4957
9004
59
745
1041
9226
9785
3345
4691
390
9219
6738
7728
349
2150
1205
8538
6107
2825
4929
2371
4165
9467
5041
9954
8210
5148
1571
8688
3226
7237
4012
9602
4967
4148
7305
4483
4568
8872
3360
2333
7093
4198
7285
83
4668
7926
8408
8366
6714
205
2172
18
981
6071
3331
9821
1974
240
1844
5451
6868
5440
7823
9321
1931
529
6311
8292
4476
8478
6926
3373
5742
9834
3598
8075
3042
1561
9331
5117
6740
2095
2535
3435
1357
4163
9269
247
1125
6848
8863
1190
1622
3928
7275
8181
1148
4085
936
9401
1865
4014
9438
7127
9333
3938
1748
6637
8674
5780
3275
27
1325
9027
1127
2898
7793
324
2349
6487
2165
4334
1448
9747
6758
1810
6230
2666
9551
7525
6160
4694
5780
9948
214
6128
7199
5251
1400
1451
17
2153
2722
941
5322
6940
3375
3274
1396
7788
2702
1646
3770
783
4386
2759
6870
945
6867
5789
1303
901
8082
7311
7873
5980
2585
3564
2686
9424
9921
1610
6787
4110
9165
4630
9550
6687
8340
2073
75
2465
5004
1794
9606
3894
9858
1750
2874
8185
5222
8546
4216
952
8450
6296
6820
5586
8955
3453
7385
5759
4689
3838
8556
3110
7457
1962
942
6031
2873
4321
3690
3734
139
8615
3071
6248
3275
820
7176
5342
1699
4187
7191
4931
8501
2229
5200
3779
880
106
4657
2866
9804
2683
6671
4150
7936
5854
972
6097
7635
7991
5413
7519
8207
9168
2376
537
81
3381
6035
2100
7437
6190
2390
4249
8015
666
1610
7106
2220
3012
7964
3325
8311
2149
7810
7952
6143
6534
7038
5849
2070
847
5456
8609
3756
6033
8373
9037
1562
5965
6926
8415
3898
7279
5868
6128
851
3322
4294
5698
5555
7377
4717
6326
2582
3295
2615
8025
9491
3364
3191
3723
9477
4317
7358
4302
4118
3615
3675
7639
6071
5135
3102
9860
7357
4849
1978
1546
8534
9899
3656
3913
4377
4677
5048
6590
6444
5167
3267
5350
9630
4799
3692
9994
7396
4069
1236
6491
3745
9293
8157
8715
9407
4177
8678
9750
8378
9208
709
2955
4779
2239
1700
9371
6659
3314
578
1292
9117
3448
4377
4154
4486
8536
512
5355
3496
4091
8646
4125
9762
5455
4815
303
4115
181
8092
3273
1733
2809
690
8296
8199
764
3181
3290
1619
2959
2686
5010
5486
4333
4575
8153
7869
8053
951
6705
5957
5587
6168
3159
2571
4362
8486
5061
5242
7265
4322
2993
1298
6887
5109
6661
7582
660
1800
2875
446
5453
4432
1861
4531
595
9655
3415
5113
1097
6373
6322
174
7617
3438
4189
8625
7666
9252
6370
1494
7479
5133
6354
8101
3559
608
8374
9122
6700
3513
5939
5752
9282
5500
8377
9503
159
9942
2376
8045
4553
8479
8239
6312
5256
843
1219
9192
5113
3439
8921
7179
6908
3489
8080
1459
8972
9913
4830
9882
2280
1364
6629
2277
4258
9159
721
2742
7811
9344
1905
6924
8568
215
3551
4246
2206
6004
4462
6692
5078
4699
9967
4286
404
5986
6592
7038
1098
5667
1122
9416
2620
5548
693
3498
1648
9412
2786
8462
8484
4024
9812
6316
699
2468
8324
3692
1861
7341
8864
6090
3450
8090
4120
8034
3267
4643
1540
8827
1158
5298
9237
5056
6652
2294
3607
1369
9936
1927
5919
4760
8262
8180
2583
1440
4725
8087
9491
8208
5538
5610
2895
3980
5307
7090
1639
2444
8045
6585
5362
734
9811
3451
7564
9831
3196
5143
2831
6567
6966
4341
3869
91
1421
8614
6141
3179
4074
4406
4303
5315
7402
3214
4126
5311
4812
6166
1089
3152
4502
8968
4189
8571
2389
1793
6635
7681
5695
3408
8465
9977
4888
336
8672
3288
6140
883
3370
8851
2623
4980
5053
2140
8175
5262
6833
6984
722
2763
7370
6593
2946
5444
9129
1543
657
1800
3749
4961
9483
7512
6018
7377
1607
2158
7164
4534
1785
1534
6306
6219
3751
8869
6417
4716
4054
7454
1804
2729
1888
2148
7765
3603
2612
577
3259
6004
4683
3156
3023
5595
7602
5009
5941
7269
7753
547
9252
5415
2023
5565
9801
6103
9479
910
8063
6202
499
5714
2755
8392
3899
4245
3239
5868
3282
1202
1685
8727
2870
2426
6077
7108
7274
5504
6093
8247
5553
1218
2349
8847
2217
7266
2564
1754
5154
5058
9882
8888
5818
3597
2250
9559
2886
7106
4227
4893
4782
4924
4621
1493
6694
3693
9907
4768
6933
6137
3680
7629
8628
9838
2970
931
1028
4402
8598
7770
7868
7781
4374
522
3406
6853
8694
6764
1413
2368
8975
3836
1486
963
4469
3424
1023
2049
116
3906
8
2304
3890
2457
1125
3422
2736
8070
9677
4017
8978
2122
2186
1819
5177
4437
2709
8460
1066
5737
9773
3569
829
8333
5636
7195
4035
1821
3479
9307
2148
9535
343
5433
3285
7169
4936
9267
595
8733
5542
7922
6606
5966
7839
2697
6389
9517
8018
9063
2026
8068
1121
1180
4433
867
1077
5079
6042
3569
5855
5134
7753
6714
8950
455
5438
1751
8962
5043
4854
4252
6260
6171
4942
1034
8384
1010
2767
9253
5992
8825
7818
8671
2022
1298
3712
2515
9461
8893
9311
5038
941
2174
8757
8344
393
9391
2258
9393
9287
1697
1566
3190
7899
4798
8900
9394
3584
1242
7754
9009
8188
4552
1950
9072
6831
121
9566
928
6984
6495
8820
9738
452
7663
540
9116
2516
9221
9316
977
4921
2097
5295
5695
8351
7776
6901
794
6403
8934
2507
9542
9731
4710
8506
2090
9376
1268
6655
2863
6994
1697
5263
7287
6601
7142
9044
7707
6619
460
520
9885
9999
8040
5420
3308
9396
7956
2374
8726
8318
2616
2758
9672
7455
7832
51
7872
5646
4279
838
9428
5143
1817
5778
5547
8303
1830
431
793
977
4490
4082
6472
4234
153
1178
5105
5614
4928
4650
426
997
8695
1134
7914
6901
3410
9756
264
4716
5975
6520
338
5819
2233
4051
4073
5738
9171
7809
6936
2108
8881
534
1910
9840
4408
8589
2817
9392
9846
3781
6539
4538
148
1096
9617
3369
8872
5416
3701
8927
2982
9368
9133
9233
9783
5365
8020
6719
2450
5072
7839
3022
3366
5689
7114
4820
7882
2472
6065
9136
7435
283
3771
4787
2645
5256
2240
1823
9053
8509
4091
4058
9834
6924
6458
2623
4100
6428
9730
3169
3445
1566
2160
7341
9085
8349
3866
6491
3825
6704
1972
7088
8483
560
8159
8020
1901
1793
8716
7211
1750
5263
2926
8754
9175
3765
1596
6567
503
4621
7110
2245
9826
6591
3055
9579
7785
4856
7241
440
579
9689
3951
7782
8562
3608
6731
368
1968
4312
6376
9040
5767
8992
4433
1241
9424
2810
4776
6366
819
8490
6051
3918
4509
2841
2881
349
528
9197
363
8640
5204
1462
3109
564
5483
8936
9779
9899
3010
2496
8425
1908
8692
4581
1498
8006
2537
3741
6786
1241
5755
4025
591
8609
8937
3310
7962
5847
2692
7248
2228
7718
950
5324
3291
1807
5683
6579
8956
2490
8
4447
34
2985
4464
5987
28
4346
2998
8643
5837
6826
628
5692
8045
1281
2793
9986
5933
2381
4970
3061
552
6382
4991
6511
1572
379
3934
2925
4776
6960
1765
1575
9816
4517
1488
4941
2907
1356
2443
8287
3502
7254
6402
6089
1761
4770
6820
4938
6799
6003
7829
6320
3227
7469
7154
7970
501
8204
6448
2282
7500
7393
8270
5180
4030
9626
6073
4567
8059
317
9853
7510
5064
6881
6664
8595
1679
2153
6523
602
2099
8125
9259
2102
4673
2790
9860
8842
5794
7734
4604
3310
6349
2018
9173
179
8873
5022
3708
5957
2320
6227
7503
300
9071
7135
860
3919
2507
7529
3588
3286
7661
4351
2334
7082
4574
2606
2712
1803
3070
5325
3960
2141
333
4934
6976
3216
3740
3363
6496
7899
8478
497
6134
5733
8601
7475
2640
7887
8761
7734
1826
5873
947
364
7955
8991
6918
7080
5586
5688
6397
6245
5638
2124
4722
7794
3218
4279
9868
4286
2999
8621
7305
1964
7636
5636
1591
7827
4345
7849
7421
453
7993
224
86
906
6462
4411
7645
5880
5430
5350
468
9105
8411
5789
3582
6217
3840
3643
7117
1443
2487
6096
2757
9783
7903
2845
5728
5250
3083
7359
9211
7977
9166
3110
221
267
5234
4274
151
6115
4264
2201
1751
4631
5994
2502
9847
3584
8493
4081
4370
4678
6066
9543
5687
1799
9898
2262
501
5603
2809
1367
3159
6423
6612
7513
4361
3428
1653
2294
9144
9484
6429
2804
5161
7625
6793
7386
7807
2954
8205
8396
9024
5386
1260
4902
8145
4926
4186
6145
2061
2155
841
2516
469
8706
815
970
6961
7514
5689
172
1540
344
552
5580
1598
7612
1562
9581
3132
3787
7684
8705
6442
5253
4555
1505
664
7363
3330
5731
4298
8367
6717
6875
8969
271
1236
2944
5527
4015
8675
3961
8544
5690
894
5428
2635
8341
9058
19
3424
7736
8935
1860
9316
6282
9953
9068
6480
4568
5510
8975
3664
321
7258
910
4295
5057
9925
173
9663
9576
8998
4368
1806
6182
7874
3761
7140
9478
6773
1233
3729
5460
9384
8377
2532
2444
6451
3179
3325
9777
2954
8266
5636
8742
2211
6946
4227
5852
6232
7398
9918
7417
1272
8357
7379
1793
4328
9287
1404
3524
4246
7497
1506
1700
1326
6691
3467
9921
9765
7459
276
8418
7827
1560
7609
5250
5150
1628
2593
5013
7121
1486
2167
6502
4315
92
5379
2014
6484
6778
4728
3155
4298
7137
3030
7723
1402
4567
9439
6123
139
7862
2295
6928
100
3356
868
7257
2253
1103
6197
5919
5058
6458
7343
9458
2484
6697
275
2578
8778
2125
7691
3783
7526
3276
1027
8381
1282
1240
6116
7439
8184
10
8763
3711
7473
171
6969
4399
9045
2863
5092
5615
2337
7326
5754
7427
3111
9024
4181
9568
7039
2677
5882
2899
3083
1342
3724
3839
3097
9419
6845
225
3025
5010
9829
8145
7278
6665
6971
4551
5018
656
7632
5608
4849
6590
395
4476
3768
9814
9711
5325
8214
5621
6312
8157
4496
6779
2436
8612
7699
8964
5407
1461
4010
9250
2151
2556
8672
2617
9551
4903
4447
7814
638
2782
4055
621
4855
9888
4570
510
4195
3627
4948
8946
3754
7896
3512
9512
6929
4337
1461
5014
2638
7119
1079
8094
5175
6948
3978
8800
200
2738
5914
8246
818
9542
8405
7632
209
7317
6786
1947
7926
4913
5627
448
8948
7575
2758
5095
7542
8089
6706
2263
8237
7619
5052
843
4087
5628
3968
6402
8362
3035
9901
6786
5761
291
4849
122
5565
1805
2836
8979
125
1584
5761
2963
376
416
5375
4254
1319
9024
1630
7320
3616
8165
6572
5131
605
4840
6071
4402
2954
9431
1453
9920
9837
1738
7903
800
2193
4493
7060
5450
9867
5247
6585
350
8733
9477
8983
176
440
3147
6685
5472
4652
1576
1324
7876
6795
2285
8146
2389
4876
1051
2669
7619
8732
7774
5153
6502
8590
8969
7061
402
3795
6735
2296
3349
2245
3947
8513
2305
1133
5581
3844
4577
8052
8018
8496
4841
7543
4942
4373
6734
8851
3641
6739
143
2656
2643
3165
5711
2667
9765
7581
8160
2443
9830
1809
4430
4820
2278
2307
9653
1930
9211
5286
8767
5869
6965
924
2286
4419
5136
4004
3971
8612
7526
1681
552
8063
4222
3334
1248
8633
8853
5886
2473
629
7895
3608
1435
335
9530
3551
5328
3475
696
5783
4832
8219
3495
5779
7111
7125
6662
7636
4949
466
1622
1164
2995
747
1810
5441
7501
2767
6173
6044
9936
2823
7719
8897
4945
682
4395
1338
8567
380
2040
7212
1094
8609
5050
8698
969
4576
1988
9992
3371
6690
6973
7736
8594
6634
5108
7632
3769
4702
6273
2013
185
8932
9929
2177
9843
7384
3005
3415
3516
2745
8592
1351
4389
8420
1459
8581
7334
4503
335
6580
4151
6232
4591
3128
9819
3006
3111
1145
2969
6909
2628
3124
4552
7759
386
3083
4118
8606
7012
3964
7413
9854
8947
7519
6835
1287
3670
3000
6324
9872
6827
7805
8990
8071
7407
8274
8801
1069
1359
5360
225
3086
9020
9460
5953
9134
2485
9171
3886
8911
8579
8603
9973
1519
8582
8485
8930
2046
8567
6983
9638
1230
3594
3302
7188
7299
6403
8504
1432
8010
1937
9223
340
2165
8587
8690
2649
6404
9622
4429
1870
7120
3984
9833
7584
8208
6332
8527
6918
1119
1434
2533
9600
9397
8050
1843
9068
3041
5437
3999
8116
4040
2769
6660
6103
1239
1703
2657
658
309
4106
750
8459
3268
1549
5114
8842
454
5418
8816
7429
6027
979
5047
1158
7736
2423
7944
6539
5316
2147
3531
6649
6237
9537
5770
5470
1256
6114
5559
866
4165
7044
6761
9049
4608
4544
6449
6648
4339
4610
8588
17
2137
5654
465
556
301
8572
3098
1668
1985
2951
2639
940
60
9735
941
6876
4475
9553
1878
6540
5831
1032
6099
5723
711
8283
6948
3404
6396
427
951
2398
4170
7814
5799
5335
5783
7589
4524
636
6524
2238
6864
1727
1320
1095
2402
2486
3748
968
3075
9316
1937
7467
5742
4278
3022
6915
5365
1964
7157
2982
7174
9121
3173
4841
6620
8985
1114
8582
5026
3815
7640
8492
6578
1384
3127
9444
2460
4159
8968
5035
514
9118
9830
2193
8256
6526
7160
1580
4921
7787
6003
8282
1964
7390
7084
6209
758
712
6282
4693
5777
1224
538
949
2537
1658
5036
5538
1759
9117
875
3662
8903
7134
9898
3884
572
9830
1562
1898
5508
1437
1016
1592
8174
7273
403
228
711
8903
6907
5715
6555
597
4741
7661
201
9961
4475
1190
9520
4674
7440
1589
2325
3673
5617
2531
5735
8147
2391
6129
2873
2294
1081
2662
5198
2709
9231
8484
8628
8762
4513
3366
3510
6095
8030
9624
181
4137
7672
8147
4865
5506
3964
5204
2674
7186
9503
4423
2947
8536
4916
4661
4846
8010
1099
4599
6802
3255
5395
6438
8240
1893
1728
7745
8838
6125
5048
9018
5698
4831
2855
8029
4585
4450
7634
2062
4192
8172
1256
766
2470
2011
7381
7578
3717
6126
4032
256
3581
5683
7844
5374
1121
861
4364
5497
6221
1793
3095
5271
2516
2685
5660
6777
1289
3126
9319
4441
547
7085
9104
1036
7876
5134
5117
3795
5538
4132
6078
388
2020
8204
7590
2128
5433
3124
2889
4577
2785
6224
4225
1714
3183
3145
3163
6635
710
4210
9006
9815
1537
633
635
9955
5855
5141
7968
4278
171
6290
1367
3784
9258
9959
9100
9488
9821
8880
4427
9902
6678
9117
1944
1825
6455
9734
2008
4405
8325
7305
4828
1981
5148
9378
3182
7338
9869
3109
1603
4933
2834
5243
4385
8351
4323
3127
1466
7890
6144
7460
6983
7362
7646
8509
2336
4166
79
2232
2327
1710
4426
9984
3844
3440
8313
1981
2747
4370
6625
8754
378
8182
7229
1203
3678
9581
5075
1249
6150
4137
4776
3044
3119
2372
7711
3188
8846
6102
3356
6035
6700
3527
7447
3370
3835
4898
188
6143
7079
8177
2880
5168
1256
9739
2990
3359
6932
7271
5391
8281
4497
6011
7671
8116
5992
3126
4012
4197
7957
9862
4002
9116
5035
6726
7634
7484
8484
2392
8841
6187
3638
8235
5068
594
6706
9353
2825
6017
5574
4208
6041
5747
7121
7547
2242
7049
6598
6636
2569
4293
5706
8184
5605
7461
9768
8766
8958
8298
6404
3286
1283
4645
4413
9299
8315
9197
3931
3236
340
623
7911
2988
3240
6978
602
2908
1245
2837
6078
3946
7867
9064
2384
4209
328
8116
631
9220
4079
88
4495
4480
5968
9537
3870
9837
4625
2644
9560
4096
9425
747
5581
6688
2637
2155
6735
9043
3340
5038
5714
9061
1589
3425
1724
3653
6800
5292
7165
9451
4858
6793
8664
6793
4162
5651
7278
6030
6800
9613
3372
977
9749
6475
4747
5904
2750
4081
53
4356
2498
4375
8215
3409
7179
2485
8274
8519
9601
7601
7020
5240
7666
3138
4419
6967
6494
7055
5938
3977
4382
1641
7484
4939
3812
6482
2500
5055
5854
7465
3423
2388
788
8548
3986
9552
4369
9544
6549
3101
8399
7543
6601
4862
7083
5702
2117
1245
6487
8074
4540
8418
9774
4207
923
9953
6450
2085
1662
3169
1697
3527
4626
9749
3654
6601
1509
6664
1420
2109
3786
2330
6926
5762
7496
4577
2505
4698
194
7646
5747
903
3553
3310
8148
8609
2366
4233
9554
6278
9836
9466
1516
3518
2769
3660
6684
1658
7190
4429
1919
5993
4468
6193
7137
2022
1598
4166
9489
6514
349
5103
596
2761
214
6208
6725
1908
6504
8533
8426
282
1458
8015
3106
8515
2977
8204
4058
1403
2007
5058
8222
1072
3991
8264
8493
2840
5661
7984
4006
4385
5307
1413
5775
2262
9949
1677
2420
7547
7630
7723
4972
9542
3972
9764
1607
5418
9158
6539
6595
1521
9518
6443
2414
9589
7625
9345
6198
4891
4554
6196
6972
6060
8399
1570
4311
3554
1820
392
501
4155
5907
5549
5372
1821
2662
124
3103
9094
9507
4652
8780
271
2429
1661
1890
5309
491
9825
912
2371
1242
9637
9800
9591
4094
4107
7970
3327
2630
1862
9981
440
7340
8208
128
3811
2188
3931
3119
9101
1980
130
2681
7225
4170
5835
3406
619
3796
8909
3646
2836
9919
264
6573
3541
7515
4164
8338
4658
1406
7305
831
1781
6301
8408
7498
3484
7722
422
6042
5120
3318
8707
7198
2067
919
4074
9175
8133
8293
5383
7797
642
8719
9823
3599
5195
9371
2673
2268
5600
9850
9800
639
5880
9049
9993
4864
1900
8196
2064
388
7926
869
5121
6910
4849
2154
4877
2111
9293
1429
6084
8937
2513
2732
5057
8418
2237
945
8758
4308
4476
3964
9172
513
9026
6293
6711
3475
2520
8334
9629
2290
9185
4316
4337
2606
8199
3542
5432
4204
5719
4421
5895
6334
3414
6732
175
7003
1614
2610
8119
5246
6410
7194
4164
8410
7786
8372
9782
9370
7266
3740
3954
9286
7477
7375
5320
594
3562
8350
7104
8497
6616
188
8278
6824
1844
5377
7631
413
2819
5105
6519
349
206
5687
2857
9948
482
9610
6778
248
1984
1810
3938
2471
6936
2228
4216
6270
1404
7560
1737
1491
5268
9452
2612
282
4495
5825
8997
7884
928
691
6556
5606
2684
5879
8745
430
5854
9884
4839
7696
7573
8660
2994
6918
6684
9324
7398
3894
7091
2135
4629
1045
7135
9577
3141
7577
7627
5247
6836
6541
3240
5308
2232
957
7145
1501
3991
6913
7876
3342
8848
3623
5237
7286
6325
7081
5477
4525
4854
2381
4498
5759
7386
2683
3260
9704
7436
2825
6044
3326
7504
1314
7568
4254
4929
8694
4695
3855
7512
4203
3270
2707
1115
6497
4580
6204
3823
9395
2681
3371
4251
1768
3405
2563
1900
8009
8112
4957
5390
3534
5014
4260
4126
6898
5756
9696
9
7093
2412
5152
255
4671
6008
6144
3434
4497
3111
3914
3109
8904
2681
9033
8187
3115
985
8841
1630
7748
9086
6955
7040
8699
6269
1028
1441
9774
863
8980
6581
6509
5307
9588
5169
3745
4512
4168
6882
3069
2240
2085
9819
8764
2812
236
217
8954
5304
8932
1188
5951
2203
1638
8084
5734
9654
2818
9757
9708
9454
8559
2489
6115
7832
6671
7329
6406
5952
5600
8583
1271
4693
783
739
4452
9300
968
424
1768
8336
8744
5923
8958
5947
9747
9647
7105
5204
129
2791
4958
1197
6708
7865
4043
9191
1333
387
4065
8540
732
4446
7812
2057
9853
8915
6387
6726
975
5310
8555
5572
6025
9934
934
7522
9078
1269
4993
9931
5735
7186
6827
6399
1031
9321
4521
9132
7114
2236
9622
106
3662
1576
9656
8208
7748
4175
910
6454
72
6269
5045
5016
9339
7609
378
5491
7634
842
6473
9631
6151
4163
3460
9785
6653
6477
7472
252
5442
3599
1961
5595
1725
3836
3958
9358
5430
1162
7911
5735
3093
6858
7083
8448
9202
7241
6174
6722
9500
5074
6719
6340
725
1085
9343
5983
3530
3592
4293
5242
8673
2881
8751
8982
4075
3549
2451
5384
3528
4552
3044
2270
4074
4185
720
992
6978
49
838
3237
4311
4065
9205
7983
6645
7733
4047
6660
9297
6240
9612
1721
1115
7589
2203
7741
8444
2703
4691
6832
6063
1774
2120
1198
3100
31
4874
6604
6879
8454
2359
1598
3912
186
3808
9202
2507
7214
1256
7485
6391
5784
3817
127
292
1327
8673
1733
5045
2070
8346
7804
253
6687
1032
1197
9407
1502
3643
8345
4781
827
4308
3154
9090
9187
6500
3443
9691
1452
6927
9565
9423
6323
752
6351
4176
6164
5686
6546
8762
6293
6460
9918
9384
511
5975
9357
7286
9530
2952
4442
8384
6181
2529
7636
6202
3710
6932
7157
6761
5908
4199
3417
7774
5670
8756
4862
6083
1639
93
2055
254
7585
4460
396
2434
323
3785
8818
9189
2441
629
3731
9597
55
3874
9497
1043
1057
7621
7020
4377
6169
7444
2821
9127
8790
8762
4686
6353
1037
2842
5449
2645
1999
6976
1226
6081
5615
690
8833
1505
8302
7029
536
4614
3045
572
8549
34
8638
1963
1164
8767
9183
3883
4853
2127
3509
5734
5877
7231
4041
5697
8651
3477
7825
1562
8666
2392
5942
4007
2990
366
4108
3693
1629
4464
7700
5698
6859
5818
6378
4666
5177
