118
720
265
413
885
371
366
518
811
117
420
893
507
184
184
808
784
828
933
807
144
30
354
710
899
7
796
575
59
580
630
263
349
253
84
507
453
388
120
207
928
635
883
826
307
146
421
282
265
204
640
927
297
902
719
15
470
11
748
6
327
783
670
567
847
86
665
203
192
351
184
612
8
658
437
383
350
979
801
788
629
827
815
556
47
930
203
334
941
314
393
509
754
75
151
226
8
759
436
385
930
1
722
315
152
790
966
455
529
680
73
333
787
155
150
817
718
558
644
384
958
112
686
115
255
693
110
221
907
779
856
874
591
485
722
237
876
507
874
894
785
972
375
575
229
849
657
122
266
623
213
961
829
377
65
857
866
896
758
923
245
416
178
240
995
440
445
65
391
29
340
945
112
403
209
71
431
210
340
379
271
184
74
60
869
129
340
348
327
640
923
689
401
417
486
393
330
981
742
529
285
624
849
410
883
746
634
497
150
864
482
937
457
198
320
502
451
476
20
657
522
354
761
163
148
649
152
624
288
152
121
338
707
239
109
287
623
724
7
776
638
528
248
422
196
892
954
259
906
821
988
547
655
177
677
285
937
910
572
649
281
342
403
736
245
400
355
187
278
285
355
193
586
253
954
800
244
335
916
175
247
138
370
789
874
138
441
658
365
242
77
593
25
506
919
814
902
541
177
282
542
426
474
999
918
397
428
26
461
354
451
389
853
349
696
541
703
200
4
567
227
890
368
314
333
249
801
937
530
964
129
168
889
95
368
823
383
891
618
32
819
1
401
265
401
371
499
975
314
360
199
111
976
818
881
850
847
414
797
84
246
815
224
881
389
590
634
349
105
531
527
438
635
721
20
505
631
377
79
437
31
685
560
880
63
990
268
972
228
997
120
845
766
395
914
553
157
158
202
373
695
696
640
56
735
357
240
279
649
825
880
277
730
979
858
739
869
274
460
915
168
347
61
381
669
492
482
741
764
72
847
722
806
311
897
419
612
513
159
679
966
384
689
209
175
279
25
631
446
626
959
102
728
851
400
755
528
94
398
984
592
50
802
385
649
829
230
210
919
866
815
767
464
546
616
39
139
972
882
718
325
378
239
390
390
266
526
457
314
669
72
38
4
488
281
725
717
212
818
552
666
68
531
817
571
778
959
754
976
159
944
541
438
510
144
440
383
659
457
116
840
229
61
339
540
500
863
795
709
721
850
851
994
842
128
353
740
966
786
918
115
819
207
175
270
673
696
481
832
570
712
191
253
665
656
843
451
629
888
87
958
512
762
767
996
248
953
957
695
737
295
311
873
444
547
449
65
665
529
491
171
324
884
712
918
519
583
746
199
380
913
732
523
149
814
758
586
322
122
743
991
782
816
586
308
607
41
223
802
424
457
964
526
908
427
944
519
961
308
173
883
215
813
439
617
4
202
877
250
773
287
267
825
955
18
745
169
343
716
796
694
3
305
247
35
303
88
350
434
565
108
206
155
610
120
284
868
89
673
593
886
685
501
511
320
874
697
586
989
993
112
69
800
414
936
480
512
192
839
988
990
341
987
779
899
135
542
71
503
719
752
933
308
348
718
468
9
496
873
792
394
984
34
902
757
574
369
284
103
604
820
279
29
862
996
719
391
805
12
123
614
668
987
236
6
513
993
49
439
897
69
919
37
128
997
283
328
941
311
501
806
990
884
442
955
300
229
78
283
781
85
772
510
626
694
821
274
517
63
352
383
74
787
811
739
974
221
863
14
256
983
65
703
698
690
938
213
195
152
141
531
357
349
392
91
735
540
785
371
678
878
422
412
493
677
369
135
149
190
670
834
26
693
731
632
13
106
771
471
607
802
118
867
1
1
417
256
365
402
901
676
24
513
327
723
478
911
803
4
874
69
766
689
889
765
399
52
402
513
256
596
180
542
543
383
316
19
859
337
97
580
942
75
278
428
598
199
587
31
967
400
872
965
369
262
240
866
433
158
629
706
246
393
942
514
627
11
370
458
332
619
527
934
382
803
436
828
168
797
927
207
448
453
580
290
763
262
442
281
621
148
667
761
633
369
481
464
21
707
992
439
982
938
859
268
899
567
294
75
312
280
541
933
738
873
216
265
898
428
141
990
895
257
584
739
676
969
688
101
564
939
321
624
757
849
625
41
832
261
329
256
331
685
723
715
593
639
859
276
352
893
611
101
580
233
878
218
948
596
289
237
49
823
905
272
879
693
837
330
257
184
713
564
237
320
923
605
689
626
318
330
481
421
161
513
103
8
332
396
285
