9296
4940
8239
3949
4783
3166
6697
8754
5716
63
8774
6611
6938
3467
5790
7327
6618
8656
5538
9285
3950
3692
9397
134
5872
3380
9524
8841
3681
189
6768
1611
7318
3275
7389
4448
5069
2532
6386
7018
3581
1344
8417
1605
8331
8016
625
4925
5833
2663
1062
6701
201
3417
8179
3445
9039
1775
7061
951
7140
3828
6704
6462
7303
1680
4488
2411
3118
3198
3750
2509
9978
5771
4186
236
2536
766
8895
8083
3428
5838
7962
4712
4088
9397
6764
2616
5154
6399
2039
1140
3940
8686
6125
2738
7125
6190
2980
9330
2885
4672
7046
5390
6909
6501
7877
4060
885
4297
1228
3251
6015
3785
32
8728
2944
9442
7685
8596
303
1736
3245
2947
4422
7583
6971
5212
9590
7370
5270
7448
5287
1310
8377
2673
1580
9649
5607
6184
1141
8452
348
4179
3118
8619
9726
8497
7381
5861
5202
6187
5545
7308
9435
4714
557
5819
4798
3311
2684
119
7409
6674
3175
3083
1969
3194
8058
9300
9619
6389
5420
5685
9890
9238
4613
8968
9399
3081
4826
6866
9863
6947
3300
4914
710
1466
2110
4982
5113
1294
3053
1833
473
2196
6058
8685
7636
5709
8427
8961
1981
7063
7216
6015
195
4431
5688
9925
4496
3922
4788
541
8200
6927
9667
4283
7409
7594
1741
6339
433
8671
3564
6965
8435
1105
5955
6438
2164
8159
8082
3996
5898
4353
162
4373
4787
5797
7755
9493
6155
4064
502
7274
1272
2035
8972
1453
1872
3884
189
232
1642
3750
3964
2638
8946
670
6647
3084
2357
4514
2277
8746
668
6616
6857
4733
9238
7609
4435
6060
1166
2760
5957
2045
7532
4595
6946
1788
4071
2645
9586
6935
6296
2837
1043
3369
8042
3726
3930
1185
7645
2924
9511
5438
2505
2544
1174
4985
848
6336
9586
2239
9452
6222
3892
8010
9944
3875
1545
2187
7403
840
4833
9878
8526
2577
6596
9545
8575
3959
4927
2650
814
4016
4412
9677
885
9292
4288
5775
4228
4047
5949
3377
2682
118
6344
9812
2832
6872
3349
7006
2943
9419
8766
2087
2370
2527
4770
4195
8918
1003
43
875
2909
6978
9224
5018
4146
2177
8776
1841
1351
8376
4072
7159
6635
1859
5348
7377
5815
5892
8186
458
1975
3487
8908
527
214
9922
867
4329
8226
1790
4913
9816
3294
9446
6671
7641
8182
3427
1845
1092
3981
193
7256
1268
6579
4634
1597
3891
2883
9917
3804
4482
632
5035
7071
1778
5615
2926
7754
578
8199
3606
3237
1813
6021
4096
9541
4831
4244
8853
3929
4300
2202
653
9487
4973
8294
4879
3254
3456
3958
7350
2415
7690
6452
1777
669
9252
7584
9591
8203
1520
4233
548
3260
1398
1109
1061
1646
8831
1601
9932
6408
7933
3698
3937
338
4309
89
7845
964
7386
5252
787
9175
7079
1650
8806
4039
8233
6543
833
378
5239
8477
9007
9594
5966
8611
5160
8334
3693
9439
6636
7415
6794
9000
8559
150
7408
9775
2017
7483
7478
4947
9401
8296
5276
9107
8941
9731
3140
5390
3712
1003
2875
9574
3017
3282
675
291
2476
8249
2094
4436
952
6745
4265
7489
844
9341
8963
6156
7158
8094
9816
8469
762
1446
6094
6973
5883
613
43
6706
2249
8978
465
7017
1207
7209
1144
9497
7415
6531
6774
8516
4933
7107
6941
9489
365
5437
3889
9940
3914
1057
1764
864
4748
4725
7376
8691
660
9360
5985
5199
431
6675
8060
4888
1869
6098
1200
2425
8029
4672
8552
5921
2135
3529
4169
8987
3205
5032
8366
9420
2446
8969
5982
8886
9585
5225
6743
1625
875
5945
9785
3448
2758
8034
7137
345
4206
2802
6672
2854
2768
3700
7896
6833
753
9918
2803
6101
8952
5236
8191
1671
873
8138
330
2891
1871
6982
4630
4771
5957
5204
1545
194
3330
1635
2707
415
4879
3644
1517
7461
1989
5779
3067
9351
5816
4855
2381
9345
2682
1123
4504
2298
1789
3591
3851
2917
5081
2048
1041
4118
1558
1587
6323
6513
5175
6922
3591
831
4499
2885
8105
954
5217
5490
8292
5320
111
9943
9180
1172
8095
8891
9659
9751
1295
6564
5943
9142
7459
3660
6077
5333
897
2109
2060
9001
2713
8107
3744
4251
1999
5297
1737
2729
4231
8707
8391
54
4299
6322
5156
7906
7404
6911
3055
5492
8946
7623
1600
4787
1106
8172
6877
2212
4315
1060
1544
7326
7165
8522
8226
8505
5431
5027
1073
6869
971
4683
1673
2135
9408
7646
346
4830
8723
8834
2629
7780
3724
2257
2556
9616
7864
6389
101
1640
4008
7388
7803
5011
4149
6299
3746
3405
9695
6351
3733
4740
6673
7614
221
8991
2978
2844
4751
2846
5626
2714
4563
7660
926
6713
29
6945
1691
2587
2714
7828
5083
7626
6249
1070
9767
6851
9379
7577
8810
4362
1464
4440
6765
7761
6568
3488
7716
9011
8154
3924
3380
2298
4877
8702
2511
2640
3240
8425
7006
6835
9120
5900
5449
4050
9302
2977
630
5732
9034
3875
6188
120
8592
149
4291
4758
1405
784
1787
548
350
7317
3701
6101
9349
9632
7281
1853
5074
9629
9877
2991
3082
1925
262
279
3302
4144
5078
6547
4218
6558
3787
8572
6512
8337
1800
7779
6864
770
3626
4662
9311
9028
4305
3121
2514
1782
8169
5569
4445
3409
596
949
1404
6065
7909
3997
1420
1921
236
5588
1255
2591
7625
7290
4987
4798
7167
7882
6118
5371
150
2299
7072
3799
7916
2801
501
6722
2202
7283
9342
6761
8271
87
6858
5702
427
6042
8046
4422
9306
3276
1382
7417
6651
8919
7734
1266
2475
864
3266
2253
6659
3543
8951
6016
3371
4345
9316
4954
2969
5525
3048
1945
330
491
297
5320
5708
383
2814
852
7414
7869
954
2960
6084
2551
2102
8255
5074
4058
6713
4334
261
8591
4134
180
5233
5693
2371
6657
234
379
5505
6388
4170
8211
1885
8249
4827
3186
9634
6879
1330
4092
4408
7528
7881
8813
7501
7609
1560
1866
7422
2993
4047
4806
5139
9479
7393
9137
740
1740
8528
714
8796
9679
3586
5461
6104
3295
5757
3575
5484
7147
9636
9566
8275
2277
1086
3070
3472
2918
3119
2550
662
3435
7493
9489
7568
4044
1409
2953
9982
61
4656
565
5068
5694
182
8627
481
509
5974
9953
9617
8380
7583
6965
5247
1596
1062
9501
1907
7992
156
7265
6148
3759
7613
9668
8866
7065
6245
1561
2370
7306
1470
9201
7639
4517
7674
7443
5241
1848
8489
7093
4293
3141
6040
1287
3761
864
8614
7887
3498
9444
3684
6830
5580
8881
921
1938
4669
4352
8159
5221
2054
1975
5965
1842
8175
5031
4818
215
3174
9218
8795
9590
5100
3371
9729
8374
4108
8134
4466
7623
105
6510
586
3459
7379
6405
622
4175
6725
8246
9172
1089
222
8966
1890
6075
6121
6233
9474
7509
4892
9985
2399
4457
9162
9986
2256
6664
4533
5888
797
5386
1348
378
5650
1971
5292
4512
6495
7040
9486
5663
3097
9217
4941
8749
5729
9873
8794
2991
5759
944
6990
3641
7867
2658
6451
2253
4071
9247
7503
2260
1788
6379
9006
7115
2880
5153
683
8277
7297
3833
1787
6014
8257
1673
5607
415
845
5991
7364
3229
7868
7740
3040
9580
6800
6131
3706
5122
2636
3745
6910
5030
4867
6399
1053
4694
8168
2131
3029
3416
5736
141
2738
6104
7776
6733
1120
9505
2299
929
2572
4967
508
5788
9110
8624
8389
3891
1333
2547
7410
3441
9911
4952
8261
2202
3491
2671
1247
60
4222
4813
6087
897
8102
7473
6554
7953
3614
2293
4287
1093
6326
3024
9781
6
4949
9416
9132
9012
6550
8901
5149
5282
3470
1184
9255
9855
886
6906
8055
2480
7432
1529
9795
872
4538
9901
9459
6425
4962
385
7436
9860
5733
2749
1483
7325
3345
1273
6186
8218
9651
5435
1922
8202
9061
4017
6861
4098
232
458
6982
4514
8842
3071
7360
9879
7043
5472
8911
7098
6146
6360
7783
1861
9503
834
3504
6613
9613
21
2242
8842
846
6587
7187
1948
2082
6192
730
5816
8926
5189
6335
4856
2165
5667
3617
7761
2486
7981
8275
982
5745
6895
9252
8153
9351
7619
3897
1826
7501
9474
2266
264
4940
4167
1894
1772
4009
575
6243
2149
2428
1165
9462
6357
511
9802
3899
8555
9045
8313
3698
4130
8580
5177
9574
6855
4720
1891
6555
4552
8870
7651
3523
3415
7410
5860
2285
8093
6557
9124
5020
2140
3318
5959
9215
9757
4683
5175
4530
5512
7157
6920
3520
3442
8894
8090
4306
9137
9936
2712
6329
5323
2491
4989
2884
9484
2898
1606
4078
8373
1298
6450
7832
4082
9104
3510
8174
6020
8942
2206
8665
2461
3658
510
7201
1003
8276
806
9820
8907
5353
2788
9879
7023
6624
1891
5775
6682
5121
8881
8701
2199
4797
5486
2124
3802
3310
4768
3752
990
2139
8260
6469
8734
2024
4078
1689
7135
7176
5330
3319
570
1072
5228
4073
7880
9770
8265
4041
2437
946
8568
9900
4935
1217
4235
2875
9240
723
9655
3648
1231
4551
4187
2521
2318
4867
7022
2716
4692
8465
3617
6424
9521
4649
2787
1187
8570
7084
7811
53
2019
4123
3376
656
6345
7618
6381
651
5026
1333
4464
7001
1371
1973
4521
4859
1985
8878
3776
4607
172
9168
5591
5906
3557
5833
495
7881
6889
4971
1590
664
7861
3183
2253
334
3313
6725
8392
7709
7929
3959
2463
2249
2630
4441
3522
7469
1292
5679
1241
2180
9852
3180
8216
1514
3242
5425
5234
1920
9369
4858
9045
1062
5458
753
2883
504
9299
5086
1425
8472
1380
8572
5207
6212
1908
4232
8520
9955
6147
7816
9788
1169
6265
4166
1097
6356
6019
4696
8833
8203
462
8926
1140
226
1707
2583
8293
2644
2483
6943
8907
5342
6260
6425
3678
2588
6650
8357
2641
8898
8713
6207
9295
7081
9685
2964
5021
8148
1989
3505
1631
1470
3132
4074
7175
3585
8887
7027
4249
3685
2405
799
7850
9828
8192
8866
806
4390
4730
6693
7776
7198
2178
9894
4164
8112
3750
1529
6217
7485
2483
5328
4146
9389
3495
5954
8307
8215
5800
6011
5473
736
6237
7903
5970
9837
26
4092
308
1191
2953
7435
6681
3355
6451
9138
1616
1914
4063
8794
4367
5092
1249
8296
8396
7724
7684
8539
6635
4296
3346
2929
2402
1767
7199
8165
4296
5103
2710
9753
3260
434
2331
1708
1809
7788
4720
6232
6135
4524
115
6474
4453
8108
2084
431
5314
6703
997
232
1812
5463
234
5546
4191
7359
2607
1508
1935
8779
5017
670
33
4379
7381
8330
8795
8150
8108
586
3660
2328
6680
8798
8014
7930
4480
4407
5592
8651
8335
8093
4160
9064
5811
4074
4142
5581
3122
6641
923
9752
7046
9950
4568
7462
7737
2204
5611
1804
7676
5197
2757
9844
8257
4889
6223
8850
2072
6646
2962
466
3270
6847
8965
849
9266
2485
3009
8996
7978
4463
8641
9480
5426
2255
9413
1175
1084
3795
5558
4467
3571
2789
1060
8643
9601
7647
4266
264
2881
1342
3619
6426
287
3298
9974
4836
7019
1231
7565
88
604
9699
5844
7664
1217
7764
6748
7474
5571
8597
5919
6015
582
3333
4110
8441
1886
7301
5781
9551
6686
7876
1728
4886
7420
937
2312
4101
945
8731
694
8941
1036
8112
8488
563
3286
5712
1121
1596
832
8630
9514
3396
5432
3139
5814
4874
3179
8622
3060
8524
1620
5052
125
7194
1123
1848
2718
8633
2904
6159
3087
4743
6015
9242
5297
1910
6150
4857
871
1512
4040
2969
2859
709
6830
4370
8594
2139
4556
2815
3657
6898
4247
474
8046
5914
710
5971
8252
6676
2118
3565
5534
8603
3175
134
3588
9053
5988
6209
323
4089
9968
2082
7223
5447
3611
3301
4212
430
9589
363
5610
8518
6025
1346
407
5259
4090
6847
9750
4090
7772
7547
101
2075
6569
8231
20
8171
3012
6478
2553
2485
7834
5910
1697
6493
1044
7377
769
7433
2297
1254
3514
12
6097
4872
5051
9072
1188
7424
3616
2734
832
379
1913
8765
746
2562
4069
134
1068
8242
1037
2000
1356
1032
3757
4636
5357
1819
2957
15
110
7109
5918
3015
6801
5615
3311
5484
5127
5048
9311
8629
1206
1378
765
8932
8044
7738
1836
5423
2637
8946
114
7164
984
3468
896
3896
7241
9493
5771
6324
2711
683
9112
6252
4573
6109
2183
69
5574
6526
5174
1843
4929
7157
5095
4468
9045
4356
9996
3357
4733
402
9742
9182
9348
7863
4332
6308
2636
1412
8913
2684
5896
2685
350
1055
9930
2532
8055
254
6199
3299
3594
1691
4006
454
8489
2289
5159
7746
4553
2130
9376
5222
7299
8123
2531
413
6503
6581
8027
7660
9921
8059
4837
5966
292
3219
7420
938
2866
9051
764
9405
862
4482
2616
8682
2328
9040
1800
8539
1495
3282
1178
114
854
1942
7256
64
6037
2095
3018
8945
2592
8038
2482
6210
9212
9117
70
9489
8301
4641
2267
9552
9078
1164
9628
1173
9896
6915
7338
7920
7787
4163
8701
6105
9610
5667
7561
9814
9336
7238
5532
9527
1425
8959
9123
814
1756
1793
2989
9358
8636
7506
839
6319
4630
1164
1126
6954
9453
8096
5219
2951
1560
7511
8336
2929
1221
9174
5609
4387
9526
1325
5238
8066
3242
3452
8860
1558
7207
5906
7684
7173
803
3300
6451
3838
6834
5191
8296
8527
4186
9354
4693
8340
2514
2818
6533
333
7097
5251
2811
8138
8483
6264
4187
4309
7405
1520
3714
1820
4530
5365
7423
6122
7702
7034
4037
7073
447
7872
3577
9815
3828
6213
8358
5562
7998
90
3616
4496
4715
9775
6037
9215
4337
6045
6495
5590
1455
3983
3687
8534
8591
4398
5204
8481
1304
7464
9760
6509
1984
1244
6619
3765
6927
5525
4665
8445
2943
9153
1366
3951
6975
9468
8714
4887
9366
430
7128
8215
1828
6061
2592
5032
1028
6592
8980
6926
1838
914
7000
6678
2618
7951
4050
5887
2767
1934
5345
6098
5353
9483
3243
8975
4904
7312
3246
3253
9701
9663
663
9614
7968
5887
769
8629
2292
3040
2342
3621
4060
956
3489
1983
9471
6237
7171
2967
9479
8421
6996
3244
2128
5581
9074
2242
5531
9054
1285
5870
9074
8790
1747
781
8950
2471
9102
4513
228
7506
7851
3497
6774
9163
863
3532
4309
8425
5330
6786
7341
732
3925
5071
441
1099
7103
125
525
2906
6947
3365
5330
1093
9294
3129
5259
9291
7100
2609
6999
3273
3130
6256
9568
9009
1718
5154
752
2824
2642
2068
9075
1177
5976
5024
263
5689
5911
9972
3519
5752
588
9134
3544
9520
6028
1174
9427
6510
3213
1688
3617
794
3252
7964
2669
7332
3673
6772
6050
1005
9448
6721
2637
9135
6800
5346
686
730
4510
603
8216
780
6596
5086
2168
1564
8002
4904
2770
8948
9222
5386
806
3368
352
9618
9554
8807
942
9670
2337
3101
7239
3613
3713
114
755
3146
5634
7651
6087
7030
4347
9739
9855
4648
118
2253
3219
6355
3691
8785
4156
7484
4891
9033
8720
1655
3619
6222
1016
2765
6080
236
3603
4636
7985
455
8356
9339
536
1608
8039
6632
7931
264
3393
1345
6887
6007
4708
6683
9380
9673
7681
3554
5427
1423
760
6237
179
2829
4396
765
3363
8621
9010
8066
5011
5168
4007
1226
2979
8572
2001
7671
2237
7014
8478
2060
5614
4845
7289
148
8127
4641
3979
9038
5970
3198
4669
7513
3608
9673
7548
3336
671
8085
8885
7394
793
4258
6880
7946
1624
6020
4762
8309
7493
459
4954
8445
9871
6276
1493
6833
1393
6219
6028
5718
364
203
4035
1279
4260
8516
4445
9812
9607
7672
371
626
9383
4754
419
5103
3561
9731
7285
9864
2246
8651
2137
8553
6239
8480
1180
4984
9325
3197
3898
8126
9334
8314
925
7203
4188
7044
2147
4901
2655
4858
1661
2932
1299
403
404
9438
7356
542
3799
1506
773
7592
2783
6611
7889
7060
8307
9371
9545
7706
2631
6457
6243
9135
8063
2345
2644
2492
6850
6286
5580
8062
8602
7070
4607
3433
6231
906
9812
9097
6163
9064
3895
2711
4784
8432
185
6261
7742
3743
5735
4470
5081
8747
6808
2845
6510
4404
7663
3776
3982
8643
3569
5608
5884
4322
6480
5736
3456
8455
4902
424
7486
8111
6781
4333
8768
6851
3899
7286
8416
2137
572
7558
4210
6585
3511
7321
9598
42
9202
6644
3227
8729
4018
5278
6311
8741
5530
4949
499
4026
1828
9342
75
1145
1118
5325
7892
912
3836
5549
7102
6027
92
1180
3176
6566
1958
2518
3186
1853
7537
2861
430
5939
355
2882
5488
6507
2033
4418
8373
4023
8900
5696
4399
6235
6013
5323
7182
6972
1551
4203
3115
346
7930
7054
7582
8935
296
2889
543
3251
4032
5933
6185
2998
6153
6152
1994
1160
1512
5365
9160
9825
186
1233
8862
3528
2317
5371
6963
4362
4424
2023
4827
7226
1947
4046
8215
79
6930
7894
9768
1998
7171
9114
1313
9412
5686
9414
5690
6784
804
2929
225
2124
3384
2790
8699
6742
419
9137
6648
4863
1404
259
6164
3887
1540
8850
3257
1394
230
2305
4082
2467
8381
6295
6315
2356
2081
8030
2324
1655
6665
6170
820
7132
9668
8883
1098
8056
8483
8193
7199
382
766
7492
8423
4860
166
9885
3671
1877
8554
957
4656
326
7460
8824
409
9368
6491
1876
4507
9713
8491
6676
5365
2838
1905
8012
4976
689
2528
3872
7613
7147
7122
5357
7627
2695
5736
1412
9013
3563
8482
1534
6311
411
618
5217
5505
1188
8394
1422
9940
8034
7358
2755
9945
6318
5796
9556
4273
7591
4128
4001
1831
9867
7740
3075
18
5827
1741
5209
1830
697
5248
9914
4810
6086
19
8550
2453
6540
3393
8110
7762
2125
7413
6828
66
3799
3984
9087
9424
508
885
935
1551
1586
9057
5562
4720
1283
3544
7185
720
5266
7754
8131
7022
27
7573
3227
7642
5973
7540
1944
8505
8984
629
289
7173
5429
2137
4387
7890
4358
8180
3400
9483
6210
2500
2358
1034
3613
4350
609
3734
1802
1171
4910
5511
142
1282
2949
3765
9539
9176
9857
5006
3509
9570
9688
9943
2796
3411
4114
5562
7383
2753
8808
6605
4849
5913
9882
8291
3235
4691
3324
7740
438
7904
574
8568
2323
2207
9943
8217
4473
928
4797
4085
8089
5280
1316
4330
1969
7714
8129
9117
7428
5791
2089
811
4947
2532
1931
7648
74
9706
5238
2726
1801
4131
3704
3861
9277
3856
1749
2841
2123
4640
8304
2833
5544
8594
9817
8532
6712
171
8579
1822
6017
5027
7712
6856
9451
8266
3500
7381
7558
1705
7091
2872
2056
242
288
3875
5250
5961
8323
3195
8525
4700
3933
6615
7942
8462
2507
2919
2628
8033
6285
6770
178
7409
2802
4039
7965
8286
3666
2693
6363
9698
4903
806
1670
3329
5561
1318
4116
5149
3989
2801
4228
1593
7689
1674
663
2742
6766
4073
2297
9625
1539
860
315
6061
2498
1550
3342
5701
4625
1988
1357
3274
7591
5924
551
9794
1048
5377
7960
946
4303
2337
7764
7370
248
5807
8687
7774
1383
4604
6876
7014
2088
9729
5007
7003
9124
1535
8497
5761
7900
6584
7344
9796
1077
6710
688
2731
641
7128
1602
9610
2230
4750
2016
531
4429
2698
1650
6908
5433
2614
5984
7195
5409
2612
4436
3806
1836
6192
426
3096
4952
2290
712
8646
4759
7248
5972
479
2823
256
3271
3177
2877
8011
4236
6473
4333
3502
3956
6850
6648
4233
5817
4303
2754
858
3565
4715
3726
4468
4446
13
2121
6456
8936
7026
6224
8550
9528
5235
2879
4573
153
3765
4023
1102
716
1807
9851
8319
9192
149
3672
5675
6492
4787
6670
2726
6653
3110
2927
7247
3873
4997
1042
6750
8822
1869
5620
1372
111
8377
4765
2146
8332
3888
490
330
7942
729
5548
2338
1236
2921
4973
4847
3020
4573
9226
1837
3289
9619
4945
4853
741
515
2328
7159
4356
6955
1927
199
4126
4087
8500
8932
1254
2992
9834
9827
2859
1483
2084
2682
1546
5874
5419
5177
7406
8240
186
9203
2230
5686
9818
457
4801
75
3903
6808
8712
2480
6046
8713
8599
3200
1817
3606
1626
9990
1065
7789
9633
410
1191
6284
5040
5172
8567
7116
6133
5713
481
1611
1222
6082
1437
8385
8006
2833
6250
2212
1396
3487
8747
2919
6945
2649
2608
3661
6444
1081
2684
7836
1051
7977
8728
3996
3912
242
3779
5630
3365
7330
6324
3593
46
9228
5342
5616
1882
1914
2190
9648
2253
749
5188
85
4861
677
8588
9644
863
1804
4808
5171
4526
380
4684
7485
39
3185
2837
1586
8595
6297
1574
3043
9666
6456
4097
7370
6737
8520
6527
3791
2375
9566
7116
8168
6322
9400
6690
8424
9785
6130
6016
8808
8157
8791
4214
1428
8033
2421
432
2780
2707
5993
8861
5818
2710
4618
314
9411
3741
7058
6320
3638
8342
5606
7175
6594
5921
2198
2373
2021
6396
8048
6056
478
4220
7695
3739
4020
2410
3473
1320
6288
375
5607
6122
5892
9118
6565
4430
2671
6980
5913
9398
4697
9598
5960
4425
1048
6848
3988
7035
3446
3965
4634
6100
9353
9072
3575
8895
6434
2582
3867
8785
5729
9941
4150
276
6245
1357
7806
128
2834
9434
3971
6197
2107
8339
8058
2903
3263
1698
1733
613
4591
3648
803
5672
5597
1293
6468
4965
6817
4792
9749
6928
1749
9617
1978
7933
8944
4809
9273
995
8464
8802
3603
9712
5568
8889
4734
1395
9401
3244
541
5946
8421
4601
1905
1720
1359
1781
792
2690
7013
9046
2164
5207
3759
7518
8807
3370
3274
5828
2490
2941
5981
2672
1149
796
9661
9587
3640
6259
7100
7233
4592
2092
6732
4700
4214
8009
6001
5742
8233
4794
5588
4867
8572
4108
5843
736
6530
8959
2102
516
6389
5954
5069
9193
358
492
8678
6871
798
3689
5562
678
3651
1040
5991
7213
1639
8414
8088
7436
9899
593
7216
6642
4960
5762
3925
1068
4062
9199
3593
4811
5581
8100
8101
7777
6016
2310
7790
919
8611
9499
8905
8398
2521
7162
8618
6192
9384
2427
1352
9650
5936
1322
5677
377
6854
7453
4265
3301
4159
5455
1158
5166
5815
632
1879
7194
1362
9771
617
7273
1674
3757
795
3293
6215
6397
1530
6057
2748
2676
8485
4052
782
7193
1328
5562
2800
209
3347
1104
4969
5106
9698
7025
5351
1683
1512
186
8509
8370
6652
2591
4216
8593
3158
9464
639
4414
123
4491
1256
189
675
3559
9640
8820
412
7642
2979
1090
4504
1008
3681
5997
3601
232
8929
5656
7548
741
1719
4685
9675
30
1808
1564
9821
7170
8183
5568
3040
4812
4273
730
2263
7470
5874
6717
6150
1821
8530
6917
8634
1977
9370
3540
7510
2247
8728
267
7127
3421
2739
1665
6969
3482
2824
7715
7059
8880
7058
3544
8862
14
4520
6048
1139
3902
577
4232
3425
2055
5187
4525
2606
9680
7000
7579
1557
9106
6850
9280
8270
6313
869
8370
8587
8471
7810
9081
8014
1621
9877
3610
4520
5350
9572
1857
6028
2410
4120
8555
4306
8684
3848
1389
4456
2568
7104
1909
8419
7021
1265
6539
1011
474
3217
5875
6468
4745
8611
5473
4129
2309
1650
8441
7267
5161
8536
6019
2343
262
3275
7976
941
304
6406
4795
3564
1718
133
1799
4836
5372
7753
2048
3435
4902
1564
1288
9145
2004
3647
1074
5871
3973
3375
1915
6738
249
2119
8985
4790
663
4094
8995
3749
1575
7697
6651
6687
5309
7435
516
3195
1154
6256
3940
4555
705
7529
7927
1709
3419
9162
1229
6830
6584
5728
6465
3274
3979
598
9847
5982
4624
4950
5906
7807
2564
6220
5087
3555
8625
1494
1969
6636
3061
6856
602
3973
3486
701
9010
421
7956
7703
2359
1681
8098
5895
8418
8910
4323
1512
2897
5316
3029
1558
9527
5598
5789
5580
9948
2797
2343
8203
6946
8684
4311
2887
5045
5567
8593
8842
3054
9061
4129
9740
5845
8348
6328
3450
6880
5699
2869
1747
8844
2906
5051
1346
5590
9718
4788
5638
6823
7554
9986
4749
1002
7471
9581
7310
3211
2539
5519
934
9950
5200
1496
6155
7593
1459
5614
300
607
8461
724
3801
1946
2166
1222
9807
4981
3709
6879
9788
1315
2228
1783
7776
8526
8008
8924
8932
3440
8383
7867
1349
8871
9290
59
9416
9833
1626
7031
6978
1141
4862
3958
8207
1937
2714
3929
7952
8213
4724
6368
4658
2804
696
1465
1625
7634
6348
4022
4716
5414
5437
7881
6985
4029
9080
1055
5497
1288
3445
7991
4766
4852
7229
7950
2969
4436
172
2440
3641
8125
9745
4780
4174
5742
7667
9340
6027
1241
9086
7664
9913
274
6779
8430
952
2260
365
3768
0
522
4728
787
646
7617
6140
4799
7259
8983
9935
5351
9422
3151
4568
3303
6034
3957
423
5605
2938
4376
6515
3790
5376
5609
1932
2254
7317
8591
5086
4666
7747
4020
2567
6878
3358
9343
8591
8702
6728
1918
6886
395
4244
7872
3629
7781
7971
2621
6426
5463
2698
5907
7598
3588
1733
9854
7795
2315
7940
5266
9279
3513
1155
136
8054
6604
3352
8291
9708
4512
6726
8638
39
5192
2622
7924
7074
4042
1013
523
8718
8007
9584
973
4820
4741
7100
3333
1638
1179
378
2531
131
9913
199
8732
3113
8978
9274
4433
9956
4135
7943
5289
405
6305
1328
7454
2318
8474
6987
4337
8009
9736
8319
667
6392
1319
4360
7890
1880
6082
2330
5572
6671
5070
1154
2082
2468
8915
9143
8956
1325
5304
9152
9845
8259
4778
9759
6483
9315
8120
3163
8869
7966
6302
6331
6881
8335
5052
5630
329
8364
3971
5400
7689
4966
5740
9751
6064
1371
9012
4548
1865
2651
3591
1428
2613
4583
3496
3486
8102
7493
6842
8295
1994
3664
9838
745
5346
2973
1722
4530
4447
7592
7650
7289
2456
5069
8934
5707
6265
8338
5112
9539
1260
2145
6792
5817
5181
4724
4670
1361
988
8169
178
4052
5444
4069
8155
7340
6547
9189
819
9160
7942
2975
8244
9519
3859
7063
578
834
2482
7421
3715
8762
3288
6244
2559
7073
6097
574
2928
8508
2697
4274
3446
9605
6776
7664
5882
3432
5768
5323
9373
3011
1316
869
7820
5488
1790
7097
322
415
9085
897
5882
2300
1202
5783
5695
3553
9573
6041
6515
6644
7329
6262
424
6192
9880
8596
4766
833
7364
7604
1754
7401
6364
4462
351
1344
1055
9686
1387
2504
1072
3248
1217
9630
9549
2015
8702
4940
5390
7385
570
1916
7623
4502
1629
3079
2090
5847
3084
972
7228
6628
8239
2780
3010
7902
5280
5297
9240
1891
8193
7903
8685
7455
5514
8403
8415
8191
4687
712
2766
4961
9466
7496
6016
2456
3178
1487
8065
6556
1639
3740
6772
9374
5904
8865
202
5577
1443
2601
941
7411
8200
2665
5962
7170
8619
6239
9146
7340
9877
4679
9083
3479
4742
5453
943
7152
5233
5580
3921
615
6979
1077
6047
5622
33
1755
9736
6226
5357
8827
5316
9723
6132
7498
4074
2830
3112
6150
5538
5609
5797
5678
6216
5550
3986
2430
4937
3265
6455
3170
4366
2124
2965
7243
1090
8962
7989
5408
9553
5727
1617
8940
4575
8910
4985
4277
7777
2021
6852
2397
2988
2747
4692
8801
7129
5514
1667
143
6082
736
9919
1604
5740
6703
9680
51
8512
5027
3474
1858
4680
2132
1444
5487
5810
2001
491
8655
2196
6493
131
6327
268
2614
8260
9252
7378
9263
4557
5092
3966
6112
5039
4311
1935
4596
568
4192
4447
5152
4187
6742
3744
195
8617
8936
114
7000
4126
2349
7989
5992
74
1704
9270
5421
4106
5802
520
7169
2754
8498
1824
6486
1770
4415
1628
7999
2450
247
1552
4538
5411
9920
1503
865
4628
907
5027
5014
4037
1648
6986
3468
8012
7316
5613
1892
4682
5928
8429
5589
7064
4636
7644
8917
7299
2528
3110
9588
6466
122
4026
440
3232
7747
9641
9442
8394
8476
3337
6895
7350
3727
5254
2507
7758
8128
4518
1728
9352
8786
8231
1597
211
7510
7816
4338
432
798
8417
9735
9194
5599
5263
5675
6500
6805
5344
5866
7886
2320
5335
8104
6739
5516
4749
603
2130
2895
7412
469
1655
8924
1433
8062
3462
4164
1622
9648
9267
7484
8833
9516
1872
9657
8932
1338
7492
3864
2745
9213
7397
9706
1762
6197
7442
9565
9827
7486
4159
198
3933
4310
2525
6889
8727
6540
7093
1739
6394
7940
2241
1311
9690
4295
7208
8077
9053
6599
1316
7313
3897
1615
5650
6607
4926
1945
8533
9636
8556
4698
3831
119
2770
5896
2221
5167
2533
7675
4501
7518
8106
9617
4095
2011
8176
3916
6053
7597
9965
7702
8600
2931
5443
5317
3193
1009
6862
5913
8289
4229
7133
2929
7630
6104
5210
3726
5514
9248
2376
5904
4617
3665
5320
700
9791
5924
4344
3471
2491
6928
3288
6892
452
3012
2939
3873
7119
8310
2839
9480
170
9846
9096
7897
5384
7996
2103
8765
186
3905
8946
4365
9862
5897
5881
4857
5254
8733
7700
9860
3503
8087
5844
8508
5884
7942
3573
1896
4935
4946
2844
3211
1124
7705
1299
2229
4618
6072
3406
4664
7823
6485
3833
7639
511
361
6016
731
9576
2443
2410
9743
5972
6007
6323
2443
2452
318
181
703
4950
8695
3954
1429
8627
9139
2785
6696
1144
7198
338
724
8878
4466
8624
6707
8248
4581
8530
2998
4169
2066
5501
6933
3807
9285
6570
5709
2880
4224
2847
744
7567
2763
9741
8731
6395
920
9606
1112
2692
6580
1992
7524
9083
6506
6283
7955
8966
2018
3538
5071
1500
3974
849
5768
2403
260
4316
9349
435
560
5320
2648
5798
4641
433
9056
719
1964
5254
6456
5141
2446
3492
7053
5530
9394
830
8060
5564
7858
2630
122
8887
2075
2523
285
516
7065
526
1832
9347
8609
7250
2340
4112
9694
2129
5753
1829
6322
1493
4780
7180
4558
6842
7394
591
2270
237
2915
8110
4091
6640
3754
6588
116
4845
7480
295
4055
3732
4137
2210
824
9363
174
8129
4932
3937
8793
336
5792
4936
4936
1359
266
3453
1912
910
3089
8572
8906
8721
1089
3204
3107
7185
2886
7357
142
2015
2450
1554
252
549
2089
7278
5100
9947
5753
3223
2037
1539
1384
4834
8784
4258
5189
3697
4754
5995
5888
416
7175
25
358
4152
5851
1960
4357
5421
9057
753
6654
2987
7734
2369
1256
1912
1072
6340
1920
5253
2241
227
1838
262
5927
4104
5092
1916
9093
5529
5008
60
8460
2937
1104
1038
8307
4230
8373
7619
4919
336
3487
5987
5435
4744
9864
6515
3776
5968
6510
832
3519
1444
7352
5818
9875
7525
5225
4800
4389
2766
5394
4612
2815
6261
1474
1338
1714
5776
8041
1618
6898
2880
618
3120
2110
1519
2319
9604
670
2290
8694
219
9910
123
3864
4946
3671
5501
9786
6049
2741
7452
4589
3900
3427
1825
4689
4545
1129
3992
1446
4815
6200
3846
3570
5204
5972
3338
3119
5344
1344
6446
6652
8683
8920
4666
9987
4352
471
1157
6267
5477
1561
2953
660
8744
4491
8866
7967
9047
6255
3091
9584
876
7355
5381
5452
323
3233
7372
2029
2522
1065
297
3508
8340
346
7637
717
2537
71
1345
4382
9662
8982
6679
4522
8732
8605
4764
3506
3376
1125
6837
1563
7406
849
2482
9723
4483
295
203
5356
3814
172
2262
691
2441
4319
1474
9322
5762
379
4660
6249
6241
48
2827
6580
9309
9148
1378
622
8239
4898
865
5675
3034
1596
5552
8642
3030
477
4986
3282
2568
1263
5897
1484
5135
9211
2804
6958
9886
1064
418
3023
689
2122
2073
1142
2013
299
568
9813
4809
8808
6413
5843
9395
2402
4020
8152
7376
7893
12
8833
6356
6677
5991
9299
8266
5939
8399
332
6129
5920
2304
7253
1203
2841
9925
6227
2146
288
2483
6237
961
6795
8348
5960
4301
1510
6353
1262
8023
8707
8727
5614
8991
3778
7268
6268
2573
3067
7030
3577
1631
6472
3921
7229
6074
9040
2979
5745
2415
9566
326
505
8365
1616
5425
8398
8860
3243
1131
7066
2749
2252
3021
828
5531
5129
7907
9132
7005
198
9999
7225
1356
4292
2537
1517
4700
8356
4647
450
8472
1273
6133
2542
5758
6251
6610
9721
6724
7335
3574
2591
2998
4916
7043
9761
8590
7408
1208
5446
5950
281
2284
7743
4668
7256
4861
1016
9195
8968
8917
587
434
8389
7493
8302
8491
9039
9745
5980
2826
1341
3128
4994
3672
4846
1582
4607
3979
8730
1943
4510
9171
1959
9666
529
9732
7225
6416
5667
4235
2961
2640
3663
5471
6005
8921
5775
5062
5056
755
9677
8577
800
2034
5653
2740
9422
6256
4891
6710
2955
7333
2137
8849
6501
4582
753
5287
1785
2007
6929
9266
2418
5726
1076
2613
2047
7014
3028
996
275
8844
5486
2220
6134
4842
5422
3585
3545
3102
2105
931
1591
3526
5546
6364
1815
6058
8612
2824
6349
7077
1254
6225
2656
8225
3516
1447
3110
6479
5538
7832
3852
4928
4004
3761
4578
2675
1904
7025
3395
796
9581
8326
7010
2236
2229
9143
3871
3107
3246
9101
2201
7455
8390
5183
7374
6143
4412
5737
638
4536
1916
8503
8478
5251
6018
5859
6152
5602
6000
9721
2895
2029
2122
2340
1632
7358
7055
4423
2516
5716
6594
2570
5842
9992
6214
4414
9185
490
4856
7295
8443
1734
7030
5125
878
5401
2094
375
892
9770
9537
9565
2818
1527
6278
3568
1125
909
6042
5776
3736
2003
4981
8257
6986
2404
3913
2163
6397
2359
84
7469
7041
1005
9060
470
4831
4102
3626
8047
5778
4528
1351
1088
3535
2749
2131
8269
741
9775
268
3029
6319
2147
3339
343
567
5080
8179
1906
4485
3946
275
3479
8388
5023
2187
5501
6102
7405
5563
7473
5502
663
3510
9623
9595
7810
5861
5217
7556
6376
1849
2939
382
7544
936
7649
6443
5607
2216
4702
7341
7479
7498
8722
1081
2754
4846
1406
2726
5364
6948
9919
6580
387
1395
3717
5113
8924
994
5791
5846
8362
9107
1622
7705
2149
2192
466
6892
1621
7757
3292
3210
1858
493
3329
8658
4170
3745
4175
5316
989
9483
9919
4488
8441
7569
6304
4638
7645
6764
5116
9311
7532
3008
4089
6515
6336
3846
7598
8028
8263
21
5039
4992
6255
2896
1527
2020
1578
8041
5426
7315
4270
258
4276
1310
7772
8692
9529
8477
922
1656
4554
7252
9775
8179
825
4432
2123
2496
2857
6305
305
21
4860
5234
3313
1190
5483
4947
7238
9144
8492
7032
4137
750
6035
8298
800
6096
2935
4443
6967
2170
6191
9479
5065
609
8889
3286
6203
2127
5543
8125
7941
9935
6999
901
5662
5157
1470
83
2995
8932
8992
1510
1715
5395
510
3408
4314
4938
700
411
5096
7574
3262
5181
1182
5468
4654
198
820
1210
2957
4406
9962
1369
3956
9180
1081
7103
773
8969
9028
4529
7011
3938
9632
7365
3450
3876
894
9717
7773
1410
7153
4608
5275
8634
8417
2426
6348
422
6090
6004
7837
3791
3409
3718
1686
9547
5573
3593
9141
7943
1790
3249
1881
1952
5572
5687
7740
1882
3150
1077
7645
6708
3974
2635
2602
2643
5318
1214
4711
7514
1937
7200
669
8107
5088
1083
7362
3096
503
2438
3792
9986
6596
8714
7749
7843
7171
4159
343
6071
721
3567
1025
6836
6955
3212
1423
7754
817
1853
754
5253
9709
899
4080
3648
2266
106
9627
3652
339
7468
8044
2303
4810
2527
7164
7647
1153
1599
6031
3581
8312
3734
6029
6966
8308
4823
8014
1092
1048
2426
2450
6780
6930
1969
9402
5633
7108
6361
7078
8870
1886
4093
9836
7264
5685
1717
1794
8489
2994
251
2168
4289
6505
126
1973
1167
6420
959
2444
150
9836
4217
9466
1955
1860
6334
8975
8626
6657
3548
2759
9455
5754
5486
1524
7210
7384
7151
3050
7765
7994
8233
6758
4487
7256
8091
1164
6659
849
2554
4443
7826
6595
7230
8719
6396
8486
237
2372
6358
4662
4757
6881
2022
8508
243
8168
7074
8071
2305
3369
326
8412
8363
5662
1140
2151
2962
1462
3413
9709
3754
4097
9854
5184
6590
8789
6990
9310
2899
8491
6563
4486
2090
3801
1021
6103
2671
1549
5578
2535
303
2930
3985
2014
102
8482
7338
3485
2502
7785
5642
221
164
6465
2524
5576
6620
6096
6363
4222
3444
9690
6284
7509
4686
8035
6056
9889
1736
2677
4136
7116
237
1627
313
8434
5982
3752
9150
907
5035
5319
2277
7190
1371
7504
9970
1086
7692
3587
999
1643
7572
8948
2069
2488
6054
8307
5580
2957
8976
3814
5262
5577
1072
5398
8226
6957
5863
9955
2037
3607
9542
741
8395
2874
1477
2032
3762
1110
5219
242
1159
1162
9447
1085
7938
4179
6036
3212
5965
8926
5212
6963
8690
3282
4700
2535
9346
4003
4612
4087
6641
2533
3322
550
1039
8318
132
4758
994
4021
8707
4979
1599
7613
624
9593
2823
4680
446
9506
606
6746
8799
5648
3351
555
6579
1523
1418
7432
5851
7816
6984
2728
9739
3887
6118
9718
765
4423
4676
31
259
3128
1522
4777
8660
9404
4840
397
2504
8491
755
2387
3615
2225
704
7865
3771
6142
945
4208
6414
9419
2620
7604
6237
3284
515
2725
8372
3574
46
1510
3124
2726
1556
1458
3703
1627
7737
9958
7348
297
9089
8318
5070
235
2179
3968
2311
3052
7513
1231
2289
6018
9427
2381
6213
3544
683
2609
5437
2407
3059
6113
1467
9856
906
9883
8413
9624
5118
7622
3080
2752
6892
7168
8433
5120
6883
339
2923
5696
9910
8585
6218
7955
4479
2040
2790
5856
3873
4109
5531
7422
7495
6273
5725
9211
7064
138
5865
3545
491
2369
5559
3558
2087
5051
8828
7158
1795
326
9723
9743
1373
8786
3115
753
7670
4105
228
7328
3018
4572
579
4015
2493
9756
926
6411
1921
7858
8081
8769
6852
9643
4454
9741
887
3556
5554
9232
6697
9310
9020
4029
7425
2909
4458
8272
2011
8643
3588
219
4249
3956
4857
1183
7883
3061
1552
4595
9626
8774
4295
8340
4926
1482
7511
3257
8527
9631
537
6690
9688
2158
2049
1149
151
9072
2249
1700
8785
1082
9545
9430
7123
6343
4417
2992
1572
4801
8425
1960
838
5708
9856
4854
3515
3887
6080
96
3620
3183
2163
2992
4868
6282
9695
7204
6947
6029
2892
7841
5982
8851
8295
501
2204
5498
7023
6632
2972
179
9420
6270
6026
8758
7695
7964
8640
9888
7092
2004
7817
5290
549
1214
3185
1991
73
5781
2872
8186
7945
1484
3461
7057
6610
9515
9335
4770
7382
2634
4967
6384
5853
4776
1385
2410
6650
4168
7489
6192
4408
9833
7459
6947
771
5681
9218
8440
9170
7317
4778
9369
1122
3415
3978
1640
5631
9997
8808
1969
6539
7210
8136
1787
2705
7595
7576
5018
595
6816
9267
9044
6623
5860
5941
4653
9536
4987
1005
7826
8817
4712
926
719
1244
6984
3776
749
6033
7934
3221
3884
5746
412
9061
8760
5323
3659
7434
7915
911
151
3688
5695
3421
6905
4292
4782
8753
5282
1333
9640
407
8785
7784
7344
7787
7730
4445
8868
6300
1092
2223
4134
8959
7220
8993
6652
1039
4715
4612
3249
9505
6273
6245
1301
1910
4540
7187
6664
778
8329
4782
5054
8794
6214
4075
1920
2499
8729
2580
7535
1892
3745
8908
7829
9813
9047
4848
1210
8081
3792
6729
3200
4479
6146
4895
6027
3391
7856
8935
2576
8799
8196
8940
7721
8157
264
4844
8691
2551
5361
6121
5988
5758
8537
5312
9564
8169
1000
7862
8631
7510
4285
270
4411
4459
6350
1624
7573
6459
8042
3012
9147
6068
9079
547
8349
8164
7534
1822
4540
8940
383
8496
1095
8797
8097
1566
1055
4783
1194
8087
6870
6225
3640
8231
2856
8282
9754
853
5669
3246
3502
8044
9307
4860
1623
2039
2860
228
1946
8278
1409
8182
3013
2141
4635
726
7549
395
3745
7307
7715
3032
7243
5702
3059
455
4730
6992
7464
8251
8482
6588
6911
2758
7557
5228
7798
4908
8108
9456
3121
6647
1061
2089
8201
5364
564
8315
3137
9850
5767
8065
454
9435
9515
5322
866
4834
612
8481
2814
1788
9085
4794
2818
1828
8476
8888
1450
759
1169
7772
8230
646
3211
1656
1790
345
4343
8370
4448
7744
6582
5988
472
3525
7273
608
4730
4845
1068
7152
8511
1454
9260
171
3402
3531
8422
6548
8342
9178
1470
1661
6462
2742
3177
7145
4104
832
359
1854
5455
5264
4896
1961
5179
1018
9626
7004
2815
6188
100
9874
8527
2020
2546
9620
444
5598
5190
4964
2814
5066
4871
5670
2381
9884
5585
6174
2955
5565
1417
9108
3745
7695
6282
3044
4693
3710
1169
8434
3109
4226
5457
6955
5859
1761
20
6279
5324
9089
9919
3659
5702
3723
2337
2427
6486
1883
6792
9516
604
5860
4560
8918
2219
7025
9480
4569
1305
2037
1234
2471
607
1476
2199
7519
2317
8011
8037
4186
638
9658
9543
6094
2515
9042
5967
8288
4670
7928
530
9622
2845
5401
2480
6795
2497
1785
2270
3819
5531
3540
4930
2862
9026
6837
6891
978
6899
2996
7882
9392
6325
5066
3488
2257
4759
5809
4214
9274
3929
4935
2387
4146
8404
5953
4094
868
5511
5003
752
9823
1631
2573
8868
7851
7793
4874
4926
2775
8071
2050
3606
446
7414
3623
5392
2871
2344
1469
1753
7099
618
9435
7391
1122
5044
3390
6109
1462
7328
7628
1714
6489
5241
517
573
8563
3441
3062
3079
8931
8159
7640
957
7222
2500
9813
7177
8806
9128
2938
3004
7258
2262
9544
74
4811
449
9781
1057
998
8513
6416
6647
1037
2237
65
2576
5881
3574
4750
9769
7690
3534
3882
8148
7230
7620
4487
5568
3856
2381
8285
9492
8264
4609
9523
1416
9425
8063
7546
6319
6743
4253
8234
7909
239
9712
2579
3842
1985
6180
6309
1368
9024
5144
2283
3118
5802
6266
3202
841
6378
9851
4408
1668
123
9534
9824
7196
6215
1346
7778
1371
3774
7081
7886
3823
3714
884
6833
3045
5791
6926
944
3527
4760
8370
2561
3584
3628
7497
8170
8008
7000
3444
9585
2817
3014
3602
7970
5116
2227
1102
4415
4264
910
5769
8705
9576
4347
4015
4589
256
6696
2745
1282
1372
9527
510
223
8045
1018
4790
4706
1313
1533
8765
6474
9309
7085
4769
8574
618
3223
7704
6102
3626
379
1408
6663
1525
1854
1604
3789
3044
6815
3400
4848
937
6657
6786
1801
6057
5847
8389
350
4552
9151
1259
8361
4575
6117
5278
4183
5948
7336
9907
5788
8950
6937
3315
6435
3770
1839
8055
8579
6535
9640
2048
1278
7716
9498
2081
8739
4873
3640
9337
2259
6720
1984
9969
7488
9545
401
7982
6081
4388
1129
8563
707
863
1532
2118
858
6252
9762
2221
2485
5181
3543
1077
5807
1039
7814
9311
3521
8048
3231
3367
9844
1599
3765
3443
3925
4111
789
9924
4162
4903
4624
4348
1873
761
8073
7132
6927
6061
9450
6648
7477
2937
2769
9642
4631
5439
4872
8256
3511
419
5378
9171
7574
7127
705
7717
7594
469
7493
7462
3227
6553
8607
2962
4072
1241
1219
3754
6135
8385
2060
9822
5241
3407
313
3780
4779
8920
5157
6296
7849
8693
6133
7473
3021
734
474
3739
2469
2881
6278
1349
3
3310
907
697
6190
4946
5263
548
9461
2558
6748
2402
8932
7444
9364
919
3839
9022
6417
2444
6779
3946
1274
4484
4124
2438
9074
6057
4873
1204
5883
1608
8460
8650
6968
1254
1093
9753
512
9997
6830
5031
3677
2808
777
2603
8388
4263
3510
4853
5984
9630
3905
5015
2807
5216
7240
2148
4622
9876
6777
7204
952
8705
7738
9601
6425
2796
2323
5073
9002
4362
6501
1920
9685
9508
3694
9929
4783
7927
9236
1504
2245
5700
8175
272
4751
5771
4276
7564
3746
8558
1323
980
3490
2629
8258
6102
6820
1790
5754
6254
7585
7087
5407
2124
4390
9130
9814
6369
3112
1947
3663
2325
3222
7249
7033
4887
1815
7239
6148
2498
3122
7741
7794
6521
4412
3816
551
4287
3307
8850
6176
5637
8585
9311
2128
1905
3429
3854
4788
3575
2724
1689
3592
7095
6645
3929
115
2
7361
3176
3566
4042
4321
3412
3538
1974
4442
1965
5806
7774
5507
1356
7080
7113
8775
2751
8107
9089
9686
2869
6174
4912
1030
8883
4166
9001
662
8432
3297
5621
7091
8691
4003
3800
6756
247
1567
799
9696
7529
5611
1257
9408
2670
6309
991
6734
9571
2324
6849
444
1346
8663
8159
1442
7197
8554
2112
7119
4107
4104
819
3776
5804
7898
9728
3807
395
6044
6697
7555
4863
4225
8194
7349
1789
6685
2362
2307
3214
7984
3589
5373
4297
4211
4536
9804
2013
283
5761
7218
2844
6650
7808
5821
4071
1028
5813
9750
2386
1695
1431
6278
5220
996
2814
6711
4046
7075
8831
3368
7045
6179
7810
5963
3486
4422
592
8185
7557
6474
7662
3285
601
7004
5889
9709
183
4232
3997
6348
5090
8267
7118
7613
460
1657
7042
1146
9540
2907
1873
7523
3948
1568
841
9323
7333
6196
5595
7163
953
1022
3004
7626
5893
9843
1145
5332
1073
7672
410
3766
30
5396
5057
7740
1323
708
7264
6994
1811
2664
1892
4759
7510
6107
97
8016
1170
3969
5435
8185
8094
8681
3215
197
6868
3761
6972
4262
4105
3128
3858
1272
1322
3342
1989
2968
5348
1736
493
6707
1407
7472
7981
9497
9448
5482
5597
608
8730
7105
1095
8052
1144
31
2459
1356
4058
8827
2927
5496
6306
2733
3079
7542
2346
1421
2636
2948
299
5178
6716
5696
6988
1126
7727
5484
3205
6414
5249
2845
4799
6712
6320
9026
6795
5477
4756
6369
9003
4550
4661
493
4209
2202
2734
884
6258
3253
7917
6757
5478
9549
9827
9711
1327
510
9838
2788
275
3981
3280
4012
7351
186
6348
3638
8042
9294
4365
7721
316
5492
5571
4745
1913
9444
6283
2709
4182
3354
3209
5549
6647
6342
6501
3057
3082
8348
4111
7637
8916
9803
4848
2161
9893
3419
3823
3348
2122
3535
8428
7160
3856
4731
6012
3232
7056
4143
6642
1743
75
416
3927
7266
3443
2168
3653
5469
1587
5396
4213
9764
6540
8348
9203
1807
7885
8031
3179
4753
7503
8332
2995
7554
346
1181
7877
2407
2167
830
1975
659
1252
3004
7624
6968
9453
5384
6553
5222
7405
9434
3349
5428
9088
1410
2559
8620
1732
7210
3175
6799
3388
3128
2264
4490
6160
9360
7553
1473
5829
5637
3854
6984
5716
48
8818
4625
9370
4553
1043
7375
4140
2882
8962
7001
9476
2596
5174
6570
1948
9152
9508
7317
1798
6888
1069
9317
8837
6662
8020
4787
5564
1258
6778
7489
9745
9169
1288
3139
7870
2336
4536
845
7780
7216
8561
4455
332
8084
9773
1262
6443
6534
7608
7972
4992
4639
7063
3943
8478
3077
2851
2607
529
2622
5601
369
4847
6275
9439
7457
1916
144
3821
8020
4585
1416
3765
2723
8507
1046
2424
6539
9972
8990
1735
3954
5472
8657
1563
5188
2109
8415
6641
2971
5943
7271
9845
6333
2400
5562
7962
3919
2089
238
820
7672
3808
863
754
832
8470
5999
7579
4567
7466
4333
2484
1954
4967
7620
9131
9952
4744
3738
8291
3802
7316
7385
4860
5833
8489
4571
8926
4226
7337
3998
3282
2172
715
1207
6365
9618
9232
9506
858
1076
4132
7368
5203
296
9532
8633
4076
878
8946
9481
4364
7905
2761
967
9048
6841
2767
1400
3390
701
5103
6563
7067
6373
2688
7157
5049
7694
1102
9060
5177
3959
4819
9201
1273
1017
2801
8183
4737
2835
142
3184
9760
9954
2413
2934
7934
7952
341
8742
446
2532
3120
609
7011
5127
1970
13
2427
5863
5972
6425
6507
5268
2060
4157
297
3015
8187
6767
9280
7187
1394
3922
3060
5555
4978
4409
658
4739
7567
202
9971
4939
6448
3661
9389
6246
9605
6339
5110
8033
2837
7396
8262
2095
9732
6369
9751
4584
8989
9880
3740
7698
1074
2693
1067
5944
9629
5573
2360
5078
7345
4246
7264
4983
5362
9003
5663
7510
2510
9980
9006
8816
6038
4137
8140
4379
7949
5727
6488
6064
2156
8900
7113
7059
3776
6796
8842
6515
5857
6717
4532
1373
5487
6800
7754
9355
5787
6606
8763
4522
7135
6154
2952
1145
491
5822
2787
2541
1149
4333
6511
9985
908
6567
4106
4107
2258
171
7988
6410
7843
2854
3018
8924
4830
7002
68
4091
8687
4955
7015
9095
3438
1602
2583
6111
8696
4548
5597
2985
4439
9725
257
1473
881
1430
7636
5310
5306
438
4205
8400
6791
7476
2094
6854
8656
7018
9042
5580
3889
9109
2357
5649
3806
9513
608
8230
2976
8625
3407
2483
1375
6725
1681
8708
7022
8756
1820
5056
8526
5537
3914
9834
4944
1626
4564
9520
3499
6770
745
1601
2742
2497
3626
2732
3106
4145
5302
3875
2199
313
9981
430
1898
6999
8260
3772
3064
5830
5524
2101
8225
8015
3790
9162
3107
8476
7807
9662
9618
9208
3916
4478
6273
8594
9419
667
4512
8480
4589
9721
7379
4447
3659
3632
6154
761
6556
8975
7282
6416
2769
8464
1047
3382
2078
5542
7140
8751
7605
5684
7209
8606
3296
743
296
9853
602
5395
1164
2376
6586
5996
1750
8824
4765
2603
3077
7261
5184
2608
8001
7845
4631
9894
6709
8937
1053
5778
8774
7063
5336
9733
9220
3050
3960
4673
4125
3941
9836
3720
8072
1999
192
9056
8788
8295
6103
3107
3902
1881
497
1123
3625
9033
6234
6075
3645
3836
319
8800
9182
9095
1069
1798
24
2655
8488
8335
7316
5343
4133
2990
1626
2455
2148
6874
2947
8737
7805
9214
8681
3776
630
1693
3357
8417
6062
1459
8709
1524
4905
6678
2144
2403
5433
7179
8935
2912
6901
3749
4354
6030
9144
5017
2164
1702
1433
3725
85
5546
6211
2526
5850
4837
7792
5649
8674
1057
4007
1377
9903
9747
542
9511
3743
2657
6558
7400
5815
1075
3074
9672
5723
7975
2843
2412
3212
8606
7428
2509
5214
3077
4268
8345
9381
6254
7845
9603
6556
6476
920
6890
9393
9294
6451
9560
8016
2546
2977
3553
6107
4827
7572
3195
1395
4605
3505
9292
1893
2277
823
4383
2644
9430
686
1649
4398
2046
968
1224
5230
5671
2183
7618
5902
3017
9899
4667
8055
7084
4421
2137
2551
476
8846
6098
6109
7877
9101
5341
2483
9070
6537
2374
6137
5826
9531
4602
8618
1017
1486
5138
9789
2629
4790
5197
3867
8168
1915
3750
3319
3331
6688
2389
8095
9786
724
481
4494
5107
2757
1411
1963
8285
3835
5958
4305
8620
3176
5642
5900
6499
9482
103
6797
5707
5627
4719
9146
9023
3829
636
1333
5690
4405
8937
3719
9848
9211
3613
5961
474
3131
3074
5999
7301
9411
8675
4002
7674
3929
6435
9144
4767
8177
8059
9585
2828
1368
9499
9729
1875
5792
8082
1941
5510
9752
8649
6516
8076
4758
5833
6867
1006
52
9357
5173
1756
501
2242
8254
189
7122
2314
8130
7347
2966
7968
7134
6413
1586
4646
6642
3014
2717
4731
1482
2731
7196
2680
1736
233
3722
6729
1504
4276
4260
5785
3392
5157
5284
5462
9369
5371
7479
579
3998
4818
1629
6268
7288
7537
5117
7732
4323
973
9251
4139
2233
4539
4183
3788
9689
4403
8122
9778
1172
8000
6735
2602
1956
7188
8052
9635
1048
9960
9644
5794
9488
3696
6331
5618
8018
9133
1517
9209
5783
1757
4051
262
6230
3245
1483
599
3898
7182
9995
8903
9506
7701
3209
4595
2293
7805
714
9709
3087
5655
3749
5786
3117
97
1251
263
3153
869
9430
6969
9122
9144
2275
2305
8132
2227
4093
8909
3167
1214
9455
796
7646
1688
966
6922
9751
4611
8937
41
6850
9997
9862
1937
3703
3897
3898
1582
6969
7788
7340
6311
9657
819
3606
6159
4232
1921
8145
1828
316
2247
6541
2805
9182
2332
4346
9953
526
6844
7589
7786
3332
6429
5458
41
1540
3196
4627
5659
5949
3334
2050
6760
2446
4035
369
484
1317
6588
1883
1534
7654
7533
8518
1991
9652
1830
9960
3645
9775
1819
2451
901
2810
1596
7311
9238
9911
3870
7266
1986
3186
5192
8734
5104
1511
9930
4839
7620
864
5704
79
5169
9935
1860
4625
7045
7589
3449
9670
1874
973
692
4871
1884
4503
2509
1935
9630
9604
2260
4300
1351
5227
6454
7763
3523
8375
6318
2989
1028
8621
7080
4273
9759
8653
4113
3567
8675
4580
906
6790
6291
6459
1147
2819
5317
7825
8373
3032
7011
3776
3632
3972
2287
4398
1363
5812
3940
6482
3841
6486
5671
3856
8128
9157
7628
7459
5110
2918
9205
3350
2284
3838
149
6528
3172
1118
9251
4329
1335
3020
6426
5805
2151
3839
7517
8156
8275
1990
2056
348
7769
5718
8578
8716
5333
9375
9902
7973
9496
5049
2400
9327
3844
6208
8941
5101
1635
6297
6747
7862
8248
1568
1767
2097
4733
8944
1670
1916
6251
6350
179
7881
9513
130
2343
2662
8219
3282
2247
3079
1739
8477
1687
4818
6613
1857
2764
3143
4781
5226
4096
8106
9595
9160
9726
9631
9110
1035
9116
4560
8863
5310
809
3789
7556
525
2460
4177
7749
8196
1548
2493
1587
5749
3070
6676
4756
7861
105
9475
3988
2837
9062
314
5653
1176
5330
8458
1319
6869
5653
2829
1634
7579
8077
6157
2448
5035
292
6866
4888
1527
4817
3932
6341
8630
1978
8329
3893
2160
6983
6611
397
3612
1345
3161
6298
3492
7113
3545
8210
2145
5845
1927
3993
8873
9813
8700
1327
9761
4468
3517
3463
8945
5258
7495
6355
3475
2910
9892
1195
6646
6569
1309
9148
8661
5765
6428
5341
352
341
6957
332
4532
3262
5121
6615
5244
3123
654
4759
9427
6974
3734
8599
2068
5290
2001
8994
1072
6670
3594
26
8955
532
6484
5077
9124
375
7623
2978
8351
3531
7643
7130
9617
4630
8623
8817
9799
9532
3287
8379
948
4024
5072
523
4949
3894
7248
6759
7618
8639
9039
3655
3155
9083
2428
7789
7052
9178
9374
9118
7159
1134
8728
6158
7709
3216
3575
6746
2624
931
1339
6975
4312
5270
5728
7464
4680
8210
104
8580
284
4499
7430
8918
6178
4516
1977
7238
4513
595
9412
4005
4586
6804
6166
9086
858
6001
7083
679
3018
4270
3790
7031
2595
5082
9097
7569
7137
3106
5579
9631
8259
9024
5636
714
1387
8033
3344
6117
9096
5125
6734
5130
6638
6479
8443
9948
8975
4811
240
8651
6008
575
6853
5222
8474
4890
1648
6267
5908
1354
2558
2538
9450
3946
2861
3880
9780
1832
7715
5327
7764
6052
479
498
837
9348
1274
1133
9677
2052
8841
7307
240
9195
5346
5506
4465
7577
3481
4538
5540
1773
5574
3595
4421
7123
7156
6707
9135
10
872
4486
762
5700
7564
9120
1956
4982
7127
9734
6427
7695
8507
3675
1892
2598
2651
270
475
236
5975
737
8791
7984
9350
5652
2345
9041
4542
896
2689
9198
514
2831
1037
6489
329
7864
6431
9163
439
5274
4042
1809
3194
510
921
2867
8227
9134
6972
4389
1183
7924
8192
2423
9266
1547
7833
8711
1615
8690
7518
2599
309
9615
4658
6728
6713
9184
938
3301
2364
9692
3312
4573
4586
1624
3331
7816
7230
5590
7225
9162
2773
152
802
22
9438
2450
9786
1498
5226
4558
682
104
4245
7720
9579
8372
9377
7897
2489
4313
5692
5874
3936
199
9470
8078
3062
8791
3233
4810
2453
4623
6956
5201
802
800
926
3919
8415
1756
5780
3239
6841
9126
8519
5840
1631
6002
5589
5210
4448
1611
9290
318
6687
2803
8810
5300
5318
9861
8446
3758
9700
774
9561
8978
1749
9418
3222
2405
6044
1987
5712
2210
8223
9605
6557
4681
7087
8581
6056
9077
8531
207
1898
8006
1888
1590
8452
7421
7751
5174
3403
22
9915
3205
256
7311
6541
1752
2219
279
5270
2211
643
6994
3360
7976
4285
9161
2465
3377
6415
5454
1093
7160
8032
9517
8056
5283
9758
9710
3901
9453
619
5398
4157
6015
2100
5757
3535
2206
383
1451
8064
6798
8545
9004
1696
7205
2042
2739
8201
906
3886
2250
2572
7787
2416
7639
2522
8702
1884
5642
3675
7487
290
7378
2719
1529
3658
4912
8479
3328
24
9012
3183
2474
7806
9875
2498
6462
520
5850
5898
7316
8472
3212
9322
6156
174
9063
9258
4811
1156
7477
6087
7824
916
8223
1556
933
3734
219
2593
8993
1337
4422
2758
7290
733
2924
1532
7128
4299
2964
6632
6164
1218
2761
4149
8047
4607
4499
5037
6207
312
9589
2547
9924
7493
863
2448
2521
7723
9043
9305
838
1654
7908
2601
3603
3123
2859
8256
1014
6439
2788
8488
3981
4176
7109
4767
2792
726
5758
9398
1261
1340
3531
9845
2815
41
4279
6008
9096
6590
1291
8762
4483
8788
2036
4397
2023
9267
6259
9972
4910
929
5213
3133
3220
2021
3491
6237
2042
3671
9500
6345
6873
7110
3166
847
1668
2405
3947
6528
6631
9347
1896
1130
2780
9909
7561
8901
6540
2210
312
5546
2882
3356
4245
811
5595
7142
7703
7811
5658
4646
6065
9035
5064
2936
6928
6774
8712
444
2576
3322
2089
7213
1437
4956
4260
1007
7863
8326
741
2020
4207
5143
6663
251
9423
2615
9976
2854
8678
9157
4524
4567
1313
7136
6989
2614
2853
5310
7471
4273
3208
8508
4258
8449
1199
5139
369
5525
3778
1491
6967
1325
2300
8719
7441
2324
2287
2804
4190
9147
9604
999
2244
2398
8144
4347
4444
1430
882
283
2285
3418
7208
3978
8342
5938
146
7860
7077
5210
3486
993
5621
496
1826
5926
4788
4346
4169
423
8930
5479
9732
4317
245
2144
4674
8720
5274
6458
6842
8257
2918
5067
3669
6567
3562
854
9977
3220
4341
4997
4559
3010
5651
1986
8742
192
3475
9058
3489
4483
1671
6366
8139
2891
5284
3711
9259
1251
8841
1142
5602
6436
4445
2662
6401
8903
1809
9887
4680
4021
4404
4423
5529
3725
2485
3494
4459
6096
3
5838
731
9389
8225
6597
9116
3588
1301
6769
543
9977
4591
5279
7790
8552
8711
1120
6946
5615
6479
4097
4644
4028
2664
5797
4336
1203
7008
977
2598
3628
2552
9748
4810
4872
1732
992
460
4590
4620
489
8690
3286
3376
7513
5553
9360
6344
6030
1514
2514
3432
8625
2560
7773
9955
2676
7112
1883
8471
4391
2858
199
646
5462
6180
4280
5381
5811
8798
8523
5261
8043
1768
6029
4574
8648
4719
9698
6819
6771
3006
3972
5649
9427
2001
7260
1050
487
1013
9942
4798
1259
4092
1556
1889
506
3085
1026
4583
4577
5927
1777
7131
5100
3317
258
6927
3007
461
8512
6382
9971
1555
3962
5421
9931
1435
5500
3760
5585
6700
3978
3178
3922
9087
2089
172
7971
4679
7977
8286
7311
6906
6018
8795
2254
6829
9705
566
483
7599
736
3883
7826
1900
4600
4961
252
1857
9779
9659
7400
143
5626
3453
1088
2072
7672
5548
7717
4471
5953
8798
7008
1740
4003
417
6871
2357
647
9240
9464
8056
2260
7311
2164
9420
2817
8063
2683
8920
1748
813
8192
9619
1835
9101
1992
2523
6278
1925
7877
625
7743
8044
4121
4353
4888
2225
8858
31
5696
1719
9505
125
7105
8238
6078
4633
2649
5597
7851
5027
8066
2731
8475
3788
32
6542
7695
9930
4519
74
3893
5769
6759
9627
9918
556
9365
4558
9498
5712
2087
1769
1235
2305
619
1419
4130
9173
9428
5822
8097
7815
8947
3321
5598
6847
4238
8258
7689
3932
4783
4817
1643
7187
1340
6383
1619
6961
5118
7677
7870
8956
6544
8113
7889
6120
5126
5148
4598
