862
76
834
674
918
412
923
247
737
281
995
297
113
905
254
292
678
861
899
332
730
291
542
762
511
539
80
936
229
210
526
321
384
70
967
336
445
287
846
539
509
854
0
987
467
861
119
579
399
218
365
3
749
602
692
792
183
622
362
937
247
372
843
529
937
764
926
876
213
837
769
671
346
284
353
353
830
264
801
432
794
653
715
537
10
444
245
304
739
131
771
536
245
598
995
167
735
649
229
689
705
704
224
304
77
662
58
237
535
78
616
213
380
530
851
459
702
646
836
958
933
535
118
454
954
613
281
97
333
178
183
740
710
126
319
560
768
833
864
827
321
291
319
176
639
444
921
508
493
187
332
950
362
589
175
458
58
61
418
105
662
370
249
369
335
57
530
325
608
87
653
625
513
507
875
212
472
79
599
289
130
281
386
764
199
218
827
454
747
634
851
413
240
325
45
300
761
22
524
138
10
103
816
833
515
242
64
93
915
7
931
102
801
379
618
508
470
545
181
47
14
871
981
96
262
704
425
984
255
321
771
475
944
643
962
183
82
988
442
599
772
945
200
247
23
580
751
771
372
30
225
320
178
178
855
439
412
630
249
441
686
382
457
236
672
39
161
129
659
501
845
246
648
65
11
975
472
898
199
652
942
334
795
606
321
734
292
260
501
156
335
957
649
289
914
305
236
623
208
409
673
632
724
327
113
58
511
450
271
695
356
202
814
469
440
949
895
510
583
228
47
93
657
638
445
46
708
966
761
328
891
43
80
739
196
532
924
608
712
710
705
985
883
803
234
381
595
849
185
888
349
388
101
813
650
705
966
665
97
112
868
902
775
700
93
856
217
371
910
855
10
93
737
122
48
651
556
588
600
885
234
670
434
783
835
417
935
641
319
510
590
234
480
644
15
784
748
468
63
519
73
140
745
804
12
431
54
772
946
310
139
198
567
293
833
833
29
460
394
259
532
128
335
208
104
94
415
603
600
619
345
20
851
867
18
406
253
284
898
803
271
638
57
439
316
65
256
566
903
755
961
443
50
269
952
990
858
736
923
608
262
209
37
958
398
999
248
856
257
277
688
405
190
392
5
413
84
910
953
602
965
193
224
100
677
439
444
272
424
399
480
12
529
930
861
849
328
844
232
542
819
750
196
973
445
305
468
356
923
960
649
234
739
362
569
739
296
19
609
106
424
799
81
771
238
386
213
42
771
303
237
139
368
290
986
103
278
596
616
607
639
3
443
720
973
763
970
12
167
437
225
209
53
835
770
352
361
261
99
836
245
515
762
12
419
399
69
295
175
229
839
811
721
835
237
274
967
759
542
418
407
714
984
216
962
439
976
872
181
911
369
203
840
804
638
669
553
136
674
649
267
561
100
156
447
299
1
203
789
19
746
146
804
732
612
802
469
599
886
606
118
467
612
507
922
247
202
689
749
520
301
82
166
964
788
549
253
345
332
911
147
562
472
904
241
399
367
53
649
569
872
575
281
551
528
840
798
71
164
485
892
620
2
844
412
600
58
539
790
119
162
538
670
369
254
647
91
649
39
509
706
78
490
263
553
493
601
526
136
273
79
533
802
41
133
845
696
716
58
58
743
971
439
569
672
522
231
708
581
397
373
180
692
148
993
538
523
747
667
538
819
344
40
604
322
801
273
160
648
425
128
317
27
655
798
430
798
452
424
243
4
567
0
639
91
86
600
227
187
115
369
726
845
880
153
359
528
561
491
585
503
189
65
529
863
984
148
951
388
888
764
7
603
962
379
91
346
953
803
543
308
98
216
376
953
118
880
529
106
997
15
604
225
564
639
314
62
682
821
919
15
21
895
989
79
444
1
923
367
456
966
289
795
4
228
459
651
758
400
984
545
705
785
173
866
448
721
859
709
737
357
386
321
212
621
720
940
935
863
411
973
847
958
254
971
413
776
971
679
306
598
621
699
721
636
793
190
503
352
897
536
313
967
540
399
195
475
742
765
456
593
271
912
587
190
810
737
465
426
212
808
8
725
335
564
624
549
875
961
229
618
784
450
398
41
970
230
829
932
504
318
635
554
643
876
968
171
640
104
907
556
611
732
996
921
432
879
276
528
102
663
693
634
803
815
772
269
974
768
167
156
725
924
764
792
755
30
24
983
13
28
913
339
26
102
433
526
957
385
879
9
256
180
331
676
463
420
358
55
494
43
956
223
767
635
631
61
76
944
169
872
141
27
894
259
415
786
659
953
362
653
751
84
805
204
508
325
183
309
490
309
28
137
929
42
179
70
80
350
201
