502
265
432
135
217
447
979
297
284
183
22
683
662
643
545
324
907
848
890
933
736
897
719
399
627
827
60
303
176
808
400
85
959
851
106
181
369
839
97
807
216
411
824
553
462
798
33
391
582
907
448
780
431
505
168
168
511
858
556
974
12
150
723
377
814
779
486
450
656
931
422
505
461
610
958
509
167
219
136
217
618
102
419
646
815
904
386
615
317
134
752
597
578
519
639
543
536
566
353
461
514
377
917
449
781
953
859
83
412
22
475
184
163
437
527
822
749
553
56
879
777
156
70
95
407
440
242
387
553
263
301
840
716
747
692
189
318
859
163
647
969
634
221
447
317
701
710
857
460
985
208
236
415
375
793
641
919
462
582
986
373
819
841
312
202
62
605
497
378
884
658
748
499
813
108
610
133
786
822
931
521
533
668
882
163
868
126
718
628
955
440
998
608
357
958
745
359
703
29
959
463
49
605
887
206
986
522
13
821
558
834
135
832
407
881
205
729
822
271
668
597
492
668
565
375
257
426
294
760
752
120
84
360
413
455
683
757
884
388
629
618
672
678
650
268
420
738
594
694
961
323
980
572
509
653
18
60
804
872
892
232
262
833
389
472
741
52
541
589
912
894
516
392
497
839
120
929
296
645
252
468
194
931
149
725
994
416
121
172
393
404
254
444
837
270
109
629
356
712
57
937
227
540
424
596
367
816
980
516
47
188
622
56
844
12
265
29
182
473
774
91
845
722
641
823
713
649
191
250
438
600
811
366
887
497
524
976
109
45
339
305
629
228
694
494
460
491
397
576
279
388
894
606
275
655
545
638
285
615
618
162
512
815
366
39
737
178
179
745
184
154
345
139
845
873
855
91
501
299
732
889
408
333
403
815
647
830
74
820
135
523
295
835
781
1
246
65
821
523
444
212
115
212
513
78
13
294
166
401
659
881
75
236
308
983
571
300
902
68
911
134
426
467
227
32
194
499
473
287
343
144
696
811
467
310
952
711
264
897
757
541
299
320
406
358
377
887
289
415
228
555
269
551
521
169
779
701
170
368
481
278
827
189
956
604
579
548
138
882
625
620
482
236
584
196
328
883
913
465
937
262
723
449
175
916
682
970
689
286
185
12
83
242
805
709
397
873
439
947
586
618
149
540
688
720
191
657
638
582
841
721
823
203
521
258
458
817
383
442
187
623
540
323
330
470
240
693
118
896
556
870
669
532
577
68
650
158
427
459
652
316
45
290
39
44
986
240
546
505
125
628
724
148
686
778
11
302
370
473
123
291
133
153
199
827
287
986
727
83
456
503
318
336
289
258
782
179
257
409
482
152
48
30
584
801
108
236
346
343
261
277
320
120
487
24
339
964
140
536
920
233
931
648
607
55
529
659
606
814
354
784
591
675
332
154
876
538
97
325
74
885
47
804
609
450
413
560
526
338
900
187
706
774
23
251
747
284
33
290
149
912
258
489
877
486
981
461
42
75
617
194
336
123
858
60
106
204
555
228
995
674
419
863
794
316
513
979
568
292
77
610
558
692
28
977
311
516
519
930
112
928
601
126
296
805
379
207
400
116
318
488
96
23
68
360
266
617
980
827
144
331
856
361
669
328
253
923
746
817
422
615
520
645
260
357
501
448
230
625
477
85
73
961
910
478
509
545
72
672
996
754
151
219
920
161
79
591
591
11
586
731
813
574
504
446
959
755
508
40
599
584
263
531
321
410
76
195
353
319
63
540
182
761
283
163
223
527
902
773
945
38
323
923
714
796
531
871
157
165
369
776
834
630
417
841
553
535
796
481
51
414
43
683
854
886
253
213
651
519
656
781
365
494
480
871
975
333
6
964
322
150
439
821
635
488
223
181
494
804
515
84
441
970
1
448
182
988
876
429
454
212
543
861
295
289
69
43
178
237
899
929
747
162
163
450
670
970
318
746
618
462
325
657
805
286
235
294
60
864
890
224
325
43
89
264
259
779
511
762
381
767
304
563
852
293
953
572
974
504
744
604
940
448
845
772
596
240
263
707
364
796
692
402
812
385
361
770
766
694
714
705
965
584
135
972
335
28
916
630
185
510
499
407
661
142
23
296
378
114
784
250
625
798
118
494
535
287
299
751
716
440
378
260
382
268
478
553
706
2
33
941
553
319
50
151
379
205
761
193
723
560
314
255
751
513
347
681
746
404
988
323
783
820
530
758
700
879
840
15
121
580
955
893
92
720
49
752
466
464
325
813
979
160
825
6
859
810
344
766
929
835
158
562
438
543
159
443
59
732
569
